0.000000000000000000e+00 -9.428485156268241740e-03 5.947578286803407305e-02 -4.306451496636279352e-02 3.212821164752994313e-02 -9.738320503545100371e-02 1.847718081850896130e-02 4.102950351287939015e-03 6.928600373844429061e-02 -8.808900152860255420e-04 -2.248713027681028057e-02 6.437443555721222843e-02 9.168428498307959473e-02 -2.988669472432112575e-02 8.983102450884730347e-03 -3.004838654737475995e-02 2.369842298439919521e-03 5.458730614267478208e-03 -7.449187091190169474e-02 1.514681892170625412e-02
-6.542353365278118227e-02 0.000000000000000000e+00 -1.205583692259767567e-02 -1.140656070387834481e-01 -8.468359786694462654e-02 2.080134429720174177e-02 4.540676824534078254e-02 3.588489192056346783e-02 -4.640719765618425002e-02 2.933220832267100300e-02 6.714408154540370266e-02 7.164961329992045047e-02 -8.027282792897767749e-02 -9.355641634308738130e-02 4.447407881990020351e-02 4.758120895175542431e-02 6.931945884188517662e-03 1.340671947509119132e-02 2.773484423012774133e-02 1.822319484828430203e-02
2.538819273026056075e-02 1.064421455352286723e-02 0.000000000000000000e+00 1.069390973802092082e-01 3.927088097623663426e-02 -9.257654634880155969e-03 -2.258242452855303156e-04 -6.579949442204094390e-02 5.316010169717141909e-02 -6.699125913052447756e-02 -4.419113311174443538e-03 2.481613736640268103e-02 2.150470586999881500e-02 5.225987384529513780e-03 -9.360006370153856059e-02 7.384424104127602917e-02 -1.055882771661808238e-02 1.062441145596581399e-01 -4.586791506515063011e-02 9.539406026358832058e-02
1.083612334786573234e-02 3.665175988399883150e-02 2.433464264182371058e-03 0.000000000000000000e+00 -4.322429566619920976e-02 7.762167075020919016e-02 -8.856021843510289990e-04 -8.131875161384367889e-03 3.714462054644294964e-02 3.724170646912094290e-02 -3.778326396028246908e-02 6.490185534138799561e-02 -8.396457823388245312e-02 -1.190551171519514673e-01 8.363000992702495501e-03 1.649500209248907778e-01 8.469871674548820617e-02 1.508015232020513685e-01 2.232043824443894278e-02 -3.511758454723590966e-02
4.549011311432199500e-02 -6.589080750271734954e-02 -1.443090890705272522e-01 1.089230462283361390e-03 0.000000000000000000e+00 2.391388236652595284e-02 8.000060104130142513e-02 4.275302222135300700e-02 3.243885673216954230e-02 -3.277222446010027296e-02 -1.456569576705672546e-02 -7.807391260451934656e-02 8.691062555009402418e-03 1.066653976903165352e-01 7.376751690241369237e-03 1.097811204980055425e-02 -4.362582350508802109e-02 1.170389687935765033e-01 -1.173804918028815425e-01 -5.464190865768912830e-02
6.059639997717377463e-02 -4.062107762940881522e-02 -4.414298856202533705e-02 2.578115606530742565e-02 6.621877687442309646e-02 0.000000000000000000e+00 -4.826772690841860114e-02 4.879594478536979779e-02 -5.657216526338943591e-02 -6.939640697127280600e-02 -7.847726437170576830e-02 2.666669010200455395e-02 -8.672956678544258002e-03 -3.914350255311647986e-02 2.535412439960468139e-02 -6.642951404819551209e-02 -2.859399909617641594e-02 -5.314334908584074715e-03 -3.820020293827384311e-02 -7.425827840729393170e-02
-7.620557683596901333e-02 6.165834782838142819e-02 -9.263245823731625084e-02 -7.779091375457294726e-03 -6.309920252418842190e-02 -2.291513596236257819e-02 0.000000000000000000e+00 1.113716200884296015e-02 -5.027539223837037413e-02 7.179522141856899131e-02 -1.655039970288543424e-02 -3.672165938670189644e-02 -6.956459163068193230e-02 3.731055926445091264e-02 3.505625663942833758e-02 -4.440491090222349092e-03 9.069480759150409799e-02 3.150254016867878089e-03 8.935127951240819794e-03 1.717146698673401375e-02
-6.752816728940355673e-02 1.919068406239317695e-02 -8.735187851616135757e-02 2.500469514970691046e-02 1.453118358014491782e-02 -6.637546537390169067e-03 3.962832397516181243e-02 0.000000000000000000e+00 4.280260345902568882e-03 4.381384299669513482e-03 -4.198481116476445590e-02 1.625177133569477919e-02 8.555704592596710678e-02 1.663681782848514257e-01 -6.710683405146404545e-03 5.885775797165080682e-03 9.489619808377067200e-02 -4.842064423937538636e-02 7.065749599394099967e-02 -1.084016250724333386e-01
-7.876336257144427033e-02 -1.165965413991159466e-02 -2.174258054054215711e-02 8.011270899318558014e-02 -6.919177423271699601e-02 1.212710025717790054e-02 -3.966024775267954633e-02 -8.525257028971364864e-03 0.000000000000000000e+00 5.940662729961191518e-02 1.635809177918230717e-02 1.776435148557057100e-02 -4.283739094189364244e-02 -1.065820543302978402e-01 -8.153383343558054386e-02 3.462508101652424231e-02 -7.063436676823464655e-02 -3.900078685682973473e-02 4.427524045716237089e-02 -1.231747415018216892e-02
-5.418408049810696792e-02 -2.608116774080501687e-02 1.459756271334006553e-02 7.894645406502678875e-02 -9.551823283364251072e-02 9.496942932953823108e-03 4.407745717563921889e-02 -7.780095667587436613e-03 -4.250721467844558593e-02 0.000000000000000000e+00 -2.232084821765952659e-03 7.405231374286273816e-02 -1.061783631804740502e-01 -7.116961302508006959e-02 3.236613641082699416e-02 4.077495551065397905e-02 4.419157258827084711e-02 2.811264240306472068e-02 6.301072864567412724e-02 2.168399424673709067e-02
1.485645840891751390e-01 -5.195062593236277754e-02 -3.140269690828703924e-03 -9.575990138011347685e-02 3.603246907407654798e-02 -3.169493431888258800e-02 -7.974401219577641545e-03 -2.894278530840367972e-02 9.913329533198360355e-02 2.921866540805614226e-02 0.000000000000000000e+00 -6.961859763586519811e-02 6.383642105924092203e-02 3.273989848766585553e-02 7.269292742556440756e-02 2.948097724577019262e-03 3.578774452857659549e-02 -1.036127137070596699e-01 -1.870036433930881772e-02 1.599104963524966908e-02
1.943834522386009289e-02 2.524215856074927319e-03 -8.973095300683705741e-03 5.523567137280659123e-02 -3.472273968350298064e-03 4.661472255257304714e-02 3.920047468057857171e-02 6.748422189424128741e-03 1.121991698164317292e-03 -1.142453083351074317e-01 -6.270352568563969387e-02 0.000000000000000000e+00 -3.482255276371379327e-02 -1.187808408586714382e-01 5.923325083272036606e-02 -5.931982345003265072e-02 7.174027368917028358e-02 7.064403873791822450e-04 -6.249680545587576325e-02 -5.060008372052863385e-02
7.072172711279664514e-02 8.010334887742541835e-03 -2.017936623277252761e-02 1.556306491842385231e-02 -1.235065952932359531e-02 -5.353432000684300168e-02 2.771892298772422186e-02 6.236028566327537354e-02 2.960566648708355328e-02 1.074811578582356153e-01 6.933834766293266172e-02 -8.105179624538901006e-02 0.000000000000000000e+00 9.637045379006334289e-02 -9.656193193153696230e-02 -1.943493040835847160e-02 3.663631670886687702e-02 -5.871939627976853482e-02 1.224951410051373923e-02 -1.942273575907457056e-02
-1.462567388941330565e-02 -1.606371308824685804e-02 -1.850550480269167603e-02 -1.450410032776559312e-02 5.913843023973536055e-04 -4.462560105963008644e-02 -4.777391568320440984e-02 -3.100570766695184832e-02 4.293009324668847770e-02 -2.998648725879831875e-02 8.765833115416359067e-02 -8.395860007787729618e-02 1.049882794581564749e-01 0.000000000000000000e+00 -4.893067097363133083e-02 -3.108523729914538722e-02 4.785029939967712712e-03 -2.581559258571158519e-02 -4.930302079772392460e-02 8.485431655380400867e-03
2.210721334191194029e-02 1.693292879184414568e-02 5.633101942973837983e-02 -1.275789874810493718e-01 4.224388567901858280e-03 -5.097029205159187004e-02 4.006034444064616312e-02 9.655552880004431016e-02 -8.015633371273295227e-02 -5.192201166032715809e-02 -2.173862965908285316e-02 4.625625653636677992e-02 8.373630168691319209e-02 1.998247716062026905e-02 0.000000000000000000e+00 -3.504293444794786411e-02 6.226833168233494170e-02 -2.552342512070545147e-02 2.286355865467811638e-02 -6.600007420759770524e-03
-3.886000269634568710e-02 -4.323253936466605468e-02 3.083856001361882232e-02 -2.166370152605352414e-02 -4.810118779175714260e-02 -8.523499465849427095e-03 3.252048449509201827e-02 1.574686106453437526e-02 -2.436262696676939205e-02 1.201882481665958458e-02 3.831693541817308285e-02 -5.540273124162908847e-02 5.577062496322097995e-02 3.650387717720501857e-02 -7.685907599822601466e-02 0.000000000000000000e+00 -9.901637343744421407e-03 5.861541261331881109e-02 -6.022674540006212919e-03 8.710732874804036352e-02
8.360163681239789202e-02 2.796870374021085195e-02 1.827081751335133362e-03 2.283798818064075326e-03 2.168254938262084014e-03 1.643600313828127643e-02 9.374781555714431502e-02 6.051839599818426702e-02 -3.369336694793741843e-02 5.005664272230198053e-02 -3.918042125430740152e-02 8.631299293180967613e-02 5.440681560562009300e-02 3.217632808656709087e-02 -3.806718168444078731e-02 8.345277363778366708e-03 0.000000000000000000e+00 -2.351865390340078868e-02 -1.481789783920743446e-02 -7.310619282688146647e-02
-1.019598553549098952e-02 5.372584861161468217e-03 5.028450056463142775e-02 1.847567563936484579e-03 -3.959246569529583509e-02 6.509791817285193183e-02 5.848530989543759134e-02 -8.592067310452115858e-02 2.286167603062453160e-02 3.928722124037418995e-02 -3.549067282635651882e-02 4.821863436121440888e-02 -4.242421646408185698e-02 -6.325069290807117106e-02 -6.300463952820241353e-02 5.900993636673426690e-02 -7.050531870090970266e-02 0.000000000000000000e+00 -8.692745579338422013e-02 -3.578867022976708542e-03
-7.033431951209020982e-02 6.267984701347655008e-02 -4.144865830195346851e-02 -5.197711218226534063e-02 -7.312673615972055917e-03 4.212477377057932681e-02 -9.335150179972472040e-02 -1.023848540642986610e-01 -8.099444741128089542e-02 -4.222092061572620472e-04 -1.569914455654307026e-02 3.576592350075794707e-02 -6.417666917905576196e-02 1.018737434240298521e-02 3.107104615130123343e-02 -1.804525213725373736e-02 -6.001742601466791317e-03 1.688718494637454423e-02 0.000000000000000000e+00 -8.137968502485852518e-02
1.762039388012863472e-02 -7.438027113326443548e-03 8.124239681532825080e-03 2.048887715086519096e-02 -2.475216017121131470e-02 1.978090379800664933e-02 8.465006875181851909e-02 2.470389448183870490e-02 9.405683893249151481e-03 3.082342181844732742e-02 5.232593443835589775e-02 -4.094385183955735058e-02 1.708095552046085463e-03 -1.575416444493453602e-03 -7.826863845316087143e-02 5.028520129410239681e-02 6.219473185187877895e-02 -1.977897526003691980e-02 -1.714940534782025171e-03 0.000000000000000000e+00
