0.000000000000000000e+00 -3.575305569003060097e-02 -5.366055223857334189e-02 -1.961585162325146792e-02 -3.969623090609993021e-02 -6.299337624944540033e-03 4.780586133905696811e-02 2.826122178641369068e-02 3.651496404778526578e-02 -7.339589961290420017e-02 -1.056450369561979519e-01 2.926420250828622172e-02 -1.370200454356522695e-03 -6.064488929603183143e-02 -9.388063679926502564e-03 -8.683057450865187821e-02 8.395499052482802149e-02 -3.146370913727244284e-02 3.274983306955318862e-02 -2.031928923804344686e-02
3.994462432466040769e-02 0.000000000000000000e+00 7.648692247494572050e-02 5.441647343343850723e-02 5.882893896526679434e-02 -4.064649199743222002e-02 4.764899553814781752e-02 -6.664143657222701411e-02 1.266395004943220506e-02 -5.985944623536541831e-03 8.542485544305164491e-02 9.900623401488181652e-02 -5.637475298462781698e-02 -1.443482479645409947e-02 -3.400462834687561359e-02 9.620815034528709328e-03 1.413958114556583892e-02 4.870035497674265502e-03 -5.183818383882604630e-02 1.627271001761690719e-02
5.283164201589666403e-02 8.285033422491950086e-03 0.000000000000000000e+00 -8.897951627041142614e-04 1.549583943311270973e-02 -5.130797845856521766e-02 -6.583946323044293815e-03 2.079922940096137762e-02 -7.513252429611343673e-03 4.333667167993426883e-02 -1.959761562171713836e-02 -1.707683583932815413e-02 6.193384781908421385e-03 4.791530889859743625e-04 -8.380025036461552501e-02 4.935398879643782682e-02 -1.757554042936418891e-03 -8.161002801603478574e-02 -1.569404726401064931e-02 8.135294760966117755e-02
-2.410709832885692822e-02 -1.926088577954131534e-02 1.389286212329337482e-03 0.000000000000000000e+00 7.225048518194350511e-02 4.988900539507917092e-02 6.150175592514049022e-02 -3.290239900235117365e-02 -1.072032487579554182e-02 -8.254839524906767978e-02 -5.965294512938202481e-02 -5.078794831647512331e-02 -4.187539167792306283e-02 7.571179253228514650e-02 1.894328242562641137e-02 4.430476388171453346e-03 -4.144290707231493287e-02 2.851378890831874485e-02 -3.778310725919369062e-02 -8.608320249125062107e-02
1.525764634749412693e-02 1.996009833252454513e-02 5.106416987364104099e-02 -6.438965212823997974e-02 0.000000000000000000e+00 -3.227161888669705190e-03 6.501860000517767357e-02 -6.190638561258281908e-02 -1.563325085073320395e-02 -5.576621276374985753e-02 -1.824183389164907168e-03 3.262024220399616786e-02 3.116446820360875905e-02 1.323755961906064246e-02 1.869064214577963179e-02 1.804239517650612842e-02 -6.288629535117457037e-02 1.336409690219325999e-02 6.435024912026560129e-02 -3.791575121947025201e-02
-5.306831546773558422e-02 4.681968028061676834e-02 -7.506110917498745594e-02 -4.480186861557252515e-02 -2.486702099383687053e-02 0.000000000000000000e+00 2.385016230780650018e-02 -1.366140621779497188e-01 -7.383723520627623327e-02 -7.682030297843725486e-02 -2.003328394095887574e-02 7.120730428805842338e-02 -1.072939793529985447e-01 5.470007274624299337e-02 -2.144370198570413541e-02 -1.222486362771408874e-01 1.260758466063854055e-01 1.240949771691951392e-01 -5.669104309132778907e-02 9.270288283168521409e-03
-1.015222344370229762e-01 5.814942771366737873e-02 -1.817057774680225224e-02 -7.015864464741627948e-02 3.159606870269001527e-03 -5.287438770143423200e-02 0.000000000000000000e+00 1.538738379538908763e-03 7.895945918775869321e-02 6.414560472536440239e-02 1.387671754464617907e-02 6.222815733047065007e-02 -2.608707755437663159e-02 -1.364401766679872001e-02 5.996445550291959470e-02 -5.392431457130826729e-03 -5.416080477812782595e-02 1.303679182597926312e-02 -2.034360350233485257e-02 3.663433541271922389e-02
7.784923587288549839e-04 -3.996399421898214760e-02 6.461854629424647334e-02 -2.200531147154710654e-03 4.208202055636597883e-02 -4.114222607682541805e-02 2.778016749984268605e-02 0.000000000000000000e+00 -3.140223383998411166e-02 -2.288353071737797562e-02 -1.427034070460383303e-02 -4.828360949103929767e-02 2.257956790264379135e-02 -2.542588289644787461e-02 -5.864202717346443661e-02 9.607231586532720760e-03 1.845661076060180553e-02 -2.467080639799776667e-02 -1.819136245673686966e-03 -7.215911476360604981e-02
-8.686376953706573256e-02 -6.364927243584410366e-02 -4.833023760486045151e-02 -5.131764747649596170e-02 3.031249356485040888e-04 1.215832831087790972e-01 1.885861757589493704e-02 -3.480853147173883916e-02 0.000000000000000000e+00 5.628829101817427009e-03 -1.764702167852744974e-01 -9.734923308097373496e-02 -3.989882042777708610e-02 1.869774473336081877e-02 1.080551217365990635e-01 2.043170455199092711e-02 3.741181237422881375e-03 -1.395697428015921504e-01 4.707403992986911728e-02 -2.536760044714939447e-02
-4.373408492324310642e-02 2.940091019194376269e-03 1.013234040353490351e-01 -3.702534410245569146e-02 -6.932980900866847485e-02 -1.768248330689390496e-02 -1.886065931330328446e-02 8.063670847871622083e-02 -3.532151926502308335e-03 0.000000000000000000e+00 3.251683394089770890e-02 -7.956549047000098518e-02 1.521592040051386249e-02 2.294243843092579060e-02 6.826199977311478082e-03 5.876014426838326032e-02 6.339636449337114621e-02 -9.022699084312083007e-02 -1.165075534783482081e-01 3.659846472537569423e-02
-1.039628515505050671e-01 6.604012747621530732e-02 4.290092621590543137e-02 9.700332605286514365e-03 6.749432012807914105e-02 2.738336304525583204e-03 7.801879462238893448e-02 4.739161178085807974e-02 5.365126182671631216e-02 5.460124714446819988e-02 0.000000000000000000e+00 -5.191004862290814204e-02 2.446712120295664941e-02 -1.895792317815110997e-02 2.586178043031958640e-02 1.151025972147715071e-01 -2.329862036707148684e-02 -8.324929242907623539e-02 4.343849681094016923e-02 -2.712375382434524529e-02
1.026027212488014179e-01 4.580101050776119037e-02 -3.694767179316904571e-02 -1.681127287036362009e-02 2.574429875623028552e-02 3.841160100526377214e-02 -7.686783760883983407e-02 -8.725234068916166985e-02 -2.992611382652751381e-02 -2.019092984911709243e-02 -2.181622239697203133e-02 0.000000000000000000e+00 -8.435772226483657932e-02 6.438966056646222569e-02 -3.002255526473667988e-02 -8.367106324216057323e-02 4.362495091708499390e-02 -7.839583567834197686e-02 -2.374576683231133245e-02 4.087695184676339716e-02
-2.597245661953571233e-02 4.725926960920854257e-03 2.052080439756731600e-02 5.332832103909508625e-02 -2.063197807401717654e-02 3.469027333067229574e-02 -1.366864619767257016e-03 8.045758460013631430e-02 4.409289063970175948e-02 -2.663694455357371732e-02 7.929425658468398919e-02 -1.758486985610932182e-02 0.000000000000000000e+00 -1.826474654850187554e-03 3.900033077430318379e-02 -2.630046234038905043e-02 -2.007589676755525313e-06 7.115751414975207689e-02 -8.618423960452835375e-03 -1.035940047376902352e-02
4.224223148005638862e-02 5.488887352726283531e-02 4.400928946204131671e-03 8.671088209765746846e-02 3.490143722420845085e-02 2.209854591047826985e-02 5.172949833341387860e-02 -5.814148926515573523e-02 -5.352226932359071404e-02 -1.880437011560203153e-01 -1.920900759649258813e-02 4.683565163300419665e-02 -5.600326256707924971e-02 0.000000000000000000e+00 -4.818766339388940584e-02 -7.885207450820799768e-02 8.596340240255483101e-02 7.503706491901156184e-02 -5.836561801340468814e-02 1.309880531089943276e-02
-3.274275843967402316e-02 -8.960507319526896108e-02 -2.601710594101418542e-02 -7.343962898768784109e-02 -9.462341219704911363e-03 1.084450961595501833e-01 8.624572143292098814e-02 -6.467863218882273502e-02 1.075631195765407722e-01 -2.540583768270966367e-02 -3.649065675894028887e-02 2.445890230943592245e-02 -6.746329464456436720e-02 5.709516651321890068e-02 0.000000000000000000e+00 6.664790551438690147e-02 -1.626347041318361789e-02 -6.344039262417820214e-03 -2.941322098637926073e-03 -2.049178214773407156e-02
-3.908963532374686023e-02 1.361868367428017285e-02 4.593992424516729622e-02 -3.367653051139198050e-02 8.108629288381595523e-03 -1.021312327095369038e-01 1.392805495393726126e-02 9.877004821216468083e-03 9.996754053258198255e-03 7.855113161905111219e-02 1.009083105001010588e-01 -8.317046030351800401e-02 4.240216630574463602e-02 -5.033897384904436473e-02 5.835246306749512085e-02 0.000000000000000000e+00 -1.367687809224072404e-01 -1.030540083984671923e-01 5.803741557385490996e-02 3.571607826334441405e-02
4.055015856985965533e-02 -2.526397445070967251e-02 5.704049704237681290e-03 5.637596829489442685e-02 -4.282439422652858235e-02 3.804870072880074498e-03 5.069275635405825348e-02 5.281436801696647899e-03 6.423960097583578110e-02 -2.264055466065336211e-02 -3.273613589301776344e-02 1.293534596128849933e-02 -7.266851128483038831e-03 -1.373378423822241984e-02 -1.082170479013369463e-01 -5.517456433016004053e-02 0.000000000000000000e+00 1.061471341156236536e-02 -3.664461034695262048e-02 -7.770032519099447088e-02
3.462820523786982324e-02 -2.715990206980069960e-02 -3.446918379913792990e-02 -5.496021568254258992e-03 -1.466045686873685555e-03 -2.613346948455011129e-02 7.619897442575481079e-03 4.719434863407449832e-02 -8.193555477176325819e-02 4.813119098927411132e-02 5.622526056659520044e-02 3.924246436402487742e-02 -5.830476983540073405e-02 2.028027604635688694e-02 2.048759161239958534e-02 -4.734592489213767380e-02 -4.976837182362477130e-02 0.000000000000000000e+00 -9.054053470493286099e-03 -1.194673032546517480e-02
-6.852844968920256130e-02 -5.762430804383943117e-02 -8.000369098172220583e-02 -2.170769753111227718e-02 5.570616425968909213e-02 -4.740735084262990423e-02 4.832558072278708705e-02 1.171719589844994053e-01 1.321398946995896127e-02 8.267852016482252209e-02 1.275093692911500112e-02 -5.649692938571476003e-02 -1.679515435266681553e-02 -1.661693663102449189e-02 1.804805288454522242e-03 -1.027619749721330432e-02 -8.156855847297271589e-02 -2.503825306955944491e-02 0.000000000000000000e+00 4.163079547967170335e-02
4.421716313396494014e-02 1.421350964799702743e-01 -6.443297338603834468e-02 2.084148415798917769e-02 -6.339402017247359848e-03 3.836351539696800095e-02 -4.150333302500914395e-02 -1.035294323404442052e-01 -1.637614226883566532e-02 1.078271267459075949e-01 7.236119335500180993e-02 1.740989270727070007e-02 -2.207943258463571437e-02 1.194411852669338692e-02 2.185546532360554267e-02 -5.984658310521884933e-02 9.030060654344110316e-02 -3.196194457568223707e-02 -5.025881248827607228e-02 0.000000000000000000e+00
