0.000000000000000000e+00 2.494589205769189022e-02 1.190923774968037467e-02 -3.749258910353745616e-02 3.049468306492583367e-02 -5.277744818554534062e-02 -2.932486555091241408e-03 5.525839251863012141e-02 -5.897577825859736528e-02 -7.066689168022638468e-02 -1.008054373098716400e-02 -3.346788605384753978e-02 -2.443012848349362942e-02 7.749787278556563401e-03 -6.631680698568423460e-02 4.227974749317265496e-02 -2.223419603049002144e-02 9.092359324324141012e-02 6.531471767243389459e-02 4.396652417596415979e-02
-1.091202293967892256e-01 0.000000000000000000e+00 -2.420220870383765766e-02 -8.326661413376705567e-02 7.648680105438572518e-02 -7.518687144479549445e-02 -2.748653338359796292e-02 -7.123043007339803501e-02 5.862035955932193981e-02 -8.376983623916804678e-02 5.595927710694147128e-02 1.447725686105244894e-02 -6.021372933757945106e-02 5.279055209133864945e-02 4.515366879793034777e-02 -4.313165036219580861e-02 -4.207721441177662142e-02 -9.720946465284983906e-02 -2.684838120040904455e-02 -4.932921102361687710e-02
-6.550832113627762070e-03 1.971451553373357313e-02 0.000000000000000000e+00 -6.054697643769552107e-02 8.088182706655612508e-02 1.224450011850360641e-02 6.387699251252730581e-02 1.633122035552376713e-02 -2.384684528548100188e-02 -6.192447376297290085e-02 3.958475695154416163e-02 -4.599268764109243346e-02 -1.880876306885216967e-02 3.232315170806458055e-02 1.693455473932562599e-02 3.287921017524061268e-02 -6.593058464284774767e-02 -8.886136290352560085e-02 -1.092582372992530887e-01 -1.970435494192450399e-02
8.295668071257032705e-02 -1.070740800518988067e-01 5.911878623053784532e-02 0.000000000000000000e+00 -4.701065552115009372e-02 -2.154179571030302373e-02 7.814244577074380693e-02 -6.975289299682350952e-02 4.509180760233925944e-02 7.079556367166518760e-02 4.383819848430430682e-02 -1.837625401182428272e-02 -6.471742215912996629e-03 3.219453054366532008e-02 3.993055152339154007e-02 2.915823583666472818e-02 -3.829097509488913614e-02 -1.460284629803954570e-01 -4.701665872352314701e-02 1.259100260352457451e-02
2.237586958471593848e-02 1.219456173598641863e-01 2.432381505330157012e-03 -4.110815817286074536e-02 0.000000000000000000e+00 5.333039965490097428e-02 -9.219806978216858739e-02 -5.816621932388604810e-02 -1.354860908298714979e-02 -6.965577077251974836e-02 8.452226420703531917e-02 2.440141627319240489e-02 -4.129277338711540013e-02 5.740624933648617867e-02 -6.014350114649987672e-02 4.391779154238685534e-02 2.751609062916344356e-03 -5.225428247573555424e-02 -4.973976711152500868e-02 -2.717037530491505162e-02
-1.259685309720449398e-01 3.621082183418751488e-02 -4.780392175806363192e-02 -4.431283787785480349e-02 -4.046454037919355873e-02 0.000000000000000000e+00 2.329249114539408763e-02 -1.000251265221694698e-02 5.473999475110621904e-02 7.971451818197906880e-02 1.198048126935740906e-02 -4.837026512897303621e-02 5.685383660178055035e-03 -7.060452686351133267e-02 5.400017115009114743e-02 -1.677439168204684222e-02 -1.391765505686582208e-02 -3.210803142389953568e-02 -4.444724861621755785e-02 -1.073234596321032547e-01
-5.824351342464293563e-02 9.269066830069616625e-02 -7.531337694941606098e-02 -7.256433276102300378e-03 3.295445615255682831e-02 1.411011062352437659e-02 0.000000000000000000e+00 -4.713397159077559184e-02 1.414582814715171499e-01 3.066684948425767512e-02 8.372024947955762630e-02 4.433287635151263867e-02 -5.599745218545690295e-02 1.415237537439828497e-02 6.628343844824437225e-02 1.097173878066636833e-02 4.160987096231917939e-03 -3.531831016928087957e-02 2.932595197712624738e-02 2.598569948406302069e-03
7.270616475962556058e-02 -5.867021806655600691e-02 2.966365971651955397e-03 -3.059280921970850345e-02 2.611975915042635474e-02 3.591173036660932905e-02 3.588671461003337809e-02 0.000000000000000000e+00 -1.031185669030844181e-02 -5.087420867422216830e-02 1.704299652862844780e-02 -8.101449144194942595e-03 2.646030423921404140e-02 -2.776877863177661804e-02 1.172639723284107927e-02 -1.639735612301211620e-02 2.541176141542697553e-02 1.128286710196637135e-02 7.144475921338302483e-03 -6.747596910167119860e-04
-5.962682477995533831e-02 -2.355581136658789834e-02 3.674630675083414427e-02 3.661924278815050643e-02 -2.207919644345526441e-02 -1.336261584778320258e-02 2.259039111079854875e-02 -5.895249001761118657e-02 0.000000000000000000e+00 5.942778053973634539e-02 1.116939023883930932e-01 4.145670865855134724e-02 2.334866857961840139e-03 5.476360833845255599e-02 -3.662385246659795313e-02 4.586945485532396664e-03 6.206217687485143103e-02 1.013420569655390166e-02 1.956200933735545780e-02 2.384222345801336948e-02
-7.303122731104540188e-02 9.449706788082670728e-02 -2.924542332704717015e-02 -2.104898231012165138e-02 4.987151409900718313e-02 -4.902858930609951815e-02 4.248979684637158027e-02 -2.897970672211073323e-02 -2.424799716591672163e-02 0.000000000000000000e+00 -3.251310446608190324e-02 -6.980495027969549349e-02 -2.733566924478334631e-02 -1.060882376373582098e-01 1.735466839556266405e-01 4.699190267570353685e-02 7.228297156692883862e-02 -6.092308150128940974e-02 1.291046615056369064e-02 3.311126264512652406e-02
-6.724841631971727185e-02 2.284970018228604099e-02 -3.069582923757005824e-02 7.452754221467394573e-03 -1.626709613568340720e-02 3.150073859420842413e-03 5.723605128045981816e-02 2.336330711014288075e-02 6.100253355410006212e-02 -1.257053307814902723e-02 0.000000000000000000e+00 -2.499987735694094229e-02 1.494222918204238595e-02 3.742809375633579082e-03 4.790012321900914520e-03 -5.500329552200897143e-02 -1.093678814240473668e-01 -1.245447939279893451e-03 -2.312118760914923590e-02 -1.163892909011757064e-02
3.138833253578283966e-02 -1.214843584003299920e-01 6.866925852877937830e-02 6.054560834237972949e-02 -6.747243312379620772e-02 5.564159836398056141e-02 -1.352649895316521828e-02 1.502184729371265626e-01 1.207130605818401183e-02 8.443770084083087463e-03 -9.464790222012717247e-02 0.000000000000000000e+00 7.637613368744876341e-02 -3.059610116738683064e-02 -2.440577954304107289e-02 3.176723839075274586e-02 7.770122485746729091e-02 2.488968957558641143e-02 -3.619480001109930123e-02 1.305355784732192999e-02
1.744874207618270917e-02 -6.593800940699745886e-03 -7.222626265241767485e-02 5.640840202746198739e-02 2.647352886087682780e-03 4.058306604507528476e-02 3.737789193954692279e-02 4.258114269826762666e-02 -6.090835898472118232e-02 5.219962304198354219e-02 -8.727938499948720286e-02 6.637045794115484232e-02 0.000000000000000000e+00 8.018669628748639755e-02 -5.625734736829541421e-02 9.394612879335148201e-03 -7.603439473457385307e-03 -1.144172639006964393e-01 -4.095014694968526769e-02 -2.637049059787593963e-02
2.963297018725632743e-03 1.869568028096272802e-02 8.183140127818588905e-02 4.118593051962173707e-02 5.270617247517668524e-02 -6.751020352881240139e-02 -1.426098164494478057e-02 -5.523831856796281026e-02 -5.899515122810938816e-02 -3.084496989629399374e-02 -2.003827851627378379e-02 1.728713733700606645e-02 -3.728516015653644128e-02 0.000000000000000000e+00 -7.949887183491066711e-02 1.422994442844666488e-02 -8.839139306098883764e-02 2.957255941224059756e-02 -1.222212742327860938e-02 -1.477181654062489869e-03
-5.580598264270001524e-02 3.018633628877618116e-02 6.078575317266333121e-03 -9.747793542785301857e-02 1.287096983952475127e-02 -4.866529644725942072e-02 9.156414426044270916e-02 -4.419584720818790086e-02 -1.380373718497893663e-02 -1.991724602406537772e-02 3.826737810452956329e-02 -8.423479918412990486e-02 -6.900235988281671132e-03 -4.406516497005780186e-02 0.000000000000000000e+00 3.616017505837781920e-02 8.944279662080301466e-03 9.664918827468810258e-03 8.796565368762325476e-03 3.034929001426090595e-02
-7.984449009355146232e-02 4.573466312646857351e-02 6.533294615549947726e-02 -9.148448861184099723e-03 3.350432873057140881e-02 -3.077750069261207463e-02 5.547463435554115391e-02 -1.660688737072462534e-02 1.121970512760818994e-01 -1.545938093918014164e-02 1.161779022638859543e-01 5.637367163875390413e-02 8.831026674538075202e-03 2.479069331411288407e-02 -5.230373397127653645e-02 0.000000000000000000e+00 4.242623441204053381e-02 -2.286779306025043916e-03 -9.784383277056567241e-02 5.362216862796925776e-02
-1.166483813602977281e-02 -3.202913823502953269e-03 5.268725710416977126e-02 -6.165615587317988672e-02 -3.766456554317527592e-04 4.421765433906488241e-02 -2.828021614379620449e-02 3.727555119212660334e-02 -7.548676693936336168e-02 -1.969434469270788315e-02 -2.809149608795658698e-02 2.277737952560608681e-03 7.492021692478272391e-03 -5.920790185342660050e-02 1.748393736287459296e-02 -3.510819227951344351e-02 0.000000000000000000e+00 3.780818191293965069e-02 2.385862979048497534e-02 -3.036247184933734203e-02
9.727788063794345907e-03 1.271627004663960885e-02 9.412795217171303352e-02 1.709259244259626193e-02 -3.034965364793017553e-02 -9.106569985420640001e-02 1.347794246216866554e-01 1.270266100079003035e-01 1.911727163370135346e-02 2.350540276101740697e-02 8.316830133154108629e-02 3.423828304511817439e-02 1.322021419909661377e-01 -1.653069829549157514e-03 6.783578365958424505e-02 8.194723866813705343e-04 1.621539568978399432e-02 0.000000000000000000e+00 -4.889321673157472764e-02 3.832992777024837872e-02
6.601356814423992025e-02 8.977637883427788679e-02 -9.533664829780666428e-02 4.871079752949919461e-02 -6.455816084168809754e-02 1.258947419546726718e-02 5.992899420090139900e-02 2.133054795500426495e-02 -8.824141181150484126e-02 -4.441104487509987819e-02 -3.351806020007604831e-02 -2.092167063082671363e-02 2.104752637972467217e-04 -2.893917355755462606e-03 -3.688429714178918101e-02 -7.359126421786636729e-02 5.175141960422893067e-02 7.302476875936413092e-02 0.000000000000000000e+00 -2.128593474135821121e-03
8.578324625395465641e-02 -5.224337030389426817e-02 -1.241405628135336218e-02 8.401674886762632022e-02 -5.750811984665706034e-02 5.632016053909755238e-02 1.836135043286750076e-02 1.649523609148063619e-01 4.617298208137059906e-02 4.331719628557140732e-03 3.158340292767474605e-02 7.343076272718494779e-02 7.261855669673593361e-02 2.068279694048892614e-02 -1.021168910695314652e-01 -4.515094123565651513e-02 5.277154085436404352e-02 4.011218130293291162e-02 -2.799367669367110525e-02 0.000000000000000000e+00
