0.000000000000000000e+00 4.341197327771596781e-02 2.607420212219963007e-02 -1.316990368560279692e-02 4.120884920723502653e-02 4.616910962638895444e-02 7.859923955598389911e-02 1.040223271155675672e-01 1.893468243145209843e-03 -3.360011069375772041e-02 -5.370051832395081326e-02 1.292677278311883393e-01 1.339108359218378341e-01 1.938587972759195019e-02 -2.662199353130245347e-02 3.083054541432286508e-02 1.042331244436815324e-01 6.837654049303829550e-03 3.051395732008235426e-03 3.455382283026435519e-02
5.172382942319996707e-02 0.000000000000000000e+00 4.896439010673893366e-02 -3.415873983428375366e-02 1.687177984534574821e-02 -9.570008571045073714e-03 -1.364938324579676940e-02 -1.913201971670960150e-02 6.708625561321396313e-02 6.861399550913455103e-02 -8.729490169928035004e-02 9.787479394777320874e-02 1.896960932339746830e-01 -4.486673695251484212e-02 -3.290605016310279435e-02 -8.108920634025781893e-02 -2.626686312959501668e-03 1.042849763658094432e-02 6.283815175679446918e-02 -5.280250381486769479e-02
4.435244009888147931e-02 -2.729719797541581630e-02 0.000000000000000000e+00 2.076564082040049594e-02 -7.027048469561031352e-02 -3.457642738866006926e-02 -8.226961854563108467e-02 6.336098086627589554e-02 -1.218813606417746935e-02 2.197134192824608603e-02 1.956581961810473225e-02 -6.699123538500835473e-02 -1.243148895121216554e-02 -1.687970118527697821e-02 -7.117929272154134568e-02 -1.221497742151677127e-02 6.105910571115402002e-02 7.438873545376668839e-02 -2.889259556697895692e-02 -4.004829935101784921e-02
-1.451248224478578486e-01 -3.695026182422588706e-02 -5.963880422321654606e-02 0.000000000000000000e+00 3.037243363492628245e-02 -5.884946567906125525e-02 7.515450866115634676e-02 -2.909565823139689464e-02 5.674204808426182300e-02 5.618712977945328202e-02 -5.047123425182679229e-02 -5.093941769005615877e-02 -9.729049016262668326e-02 -9.235156722485765232e-03 -6.238996052656163409e-03 -8.310987293710248025e-02 4.439004825693529388e-02 4.623643735523541576e-02 9.052427681904735846e-02 2.138589243806915743e-02
-3.906671821433616888e-03 7.048436949510701599e-02 -9.060066947749299479e-03 3.437600665902264957e-02 0.000000000000000000e+00 2.190045491317452880e-02 -3.294225748929226899e-02 -7.524383787559529857e-02 -2.291832691237016481e-02 -1.381746403791759767e-02 1.271890812297564108e-02 7.560463807133697978e-02 3.456062621422963804e-02 8.449253802989746195e-03 -6.121482881403621928e-02 -3.024534821088862777e-02 5.467457006404817521e-02 2.375576985432730284e-02 -5.831058284930573654e-02 1.352502658431115751e-02
-9.368014552413708729e-02 -6.914329577412324512e-02 -7.702012743993813526e-02 4.298315379972274253e-02 -1.765623305281541211e-02 0.000000000000000000e+00 6.090336014931563985e-02 -1.945732358411907462e-02 -6.803558696505291291e-03 -5.630827948773434871e-02 1.130109829014505213e-01 1.892780578638726501e-03 1.050101398869728204e-02 8.037437909324212856e-03 -8.754951791533398253e-03 3.397426991951330022e-02 -1.090751555590093597e-01 8.847412166903753650e-02 -3.560709436706129688e-02 -6.159297939551296348e-03
1.426654450070544491e-02 -2.396917827659954953e-02 8.938729398500205869e-02 -1.016164573193964055e-01 -1.558422648516918571e-02 6.990105921268754963e-02 0.000000000000000000e+00 -7.529464788113699771e-03 7.581492699009502456e-02 -2.933849331118725673e-02 -7.892966955769491200e-02 8.086169819423694172e-02 7.893748026859774558e-02 -4.127269922997110069e-02 6.482186502569277364e-02 5.163259869797874602e-02 -7.336952257323305776e-03 -1.284300899557127285e-01 -7.538939896973619222e-03 8.768910210447430909e-02
-5.337854738002949240e-02 -4.378395851322857552e-02 -2.279840494224449204e-02 -1.041346198867943449e-03 2.550686569741634352e-02 1.019627118192064780e-01 -3.272527510027837400e-02 0.000000000000000000e+00 2.706999479961371552e-02 -4.096852541042858738e-03 1.034807862899257136e-01 -4.766200414538975146e-03 3.125823186063606679e-02 -3.644844736037951283e-02 -4.064328961629032344e-02 8.730613085647502547e-02 3.999174908978717774e-02 1.518628179776859190e-02 3.097936330807624788e-02 -1.038122745217938542e-01
-2.211655522657380787e-02 -4.475081436191210432e-02 1.445260838042231044e-01 1.810892061459398392e-02 2.754643387812403393e-02 8.565523239024794289e-02 -1.117938542830075078e-02 3.235140774108832221e-03 0.000000000000000000e+00 4.179348691594948761e-02 5.195351591788114481e-02 -2.776723632696747809e-02 -5.617216824115563861e-02 -5.340898268477891481e-02 -4.821419201735144960e-02 -4.341611437536863766e-02 -9.371582292172897510e-02 5.806081504382687442e-02 -2.196740654580502106e-02 -1.686762814047518266e-02
7.794818945230963525e-02 4.454949448867954326e-02 5.823020556126216885e-02 -2.262455795465831768e-02 1.610104871650979916e-02 5.130761666438336810e-02 1.744004706959867146e-01 5.244100675674850075e-03 3.408390766816594974e-02 0.000000000000000000e+00 -1.135331251040240692e-02 1.180102994737978611e-01 8.096611761107912197e-02 1.243190600690087543e-04 -3.057504422104725950e-02 -3.762433864076643319e-02 1.277490388781795001e-02 5.672613464913225934e-03 7.789917425274818508e-02 -7.050596013893757619e-02
3.940192402801016153e-02 4.776710576494247462e-02 -7.612212120427476469e-02 7.756140485918285553e-03 1.280984270300908334e-01 -2.293439471431310203e-02 -7.822674871581189460e-02 -1.362253711736243628e-02 -8.269461636201648480e-02 6.610064430567286382e-03 0.000000000000000000e+00 5.301923788102948926e-02 6.774545755809488479e-02 2.998665765875297567e-02 -5.908533072291390423e-03 2.136688304473938985e-03 -2.177053129539833695e-02 4.715412841211814865e-02 -7.245816316173998850e-03 -5.629541376542791797e-02
6.579975690112979669e-02 -1.609189045191291786e-02 -4.383558947160050290e-02 -6.138843610361961224e-03 -5.067766036164791238e-03 1.089730200664197103e-02 1.159047264326206750e-01 7.848097820768602795e-02 3.384743527378766131e-02 4.482292201121793745e-02 -4.578852546104887622e-02 0.000000000000000000e+00 9.113371742839586342e-02 4.312052919016332031e-02 8.319241481531985949e-02 2.254185214925912700e-02 8.193024456006894884e-02 5.457700553178368788e-03 1.002089408939548371e-01 -2.566425870997716269e-02
3.565673341711973754e-02 -3.385969268806269389e-02 5.523779126244666125e-03 -5.929609389293228477e-02 1.587766080840614241e-02 -2.188235562343131962e-02 -2.623434434411319946e-02 7.719882329701781461e-03 2.987416120646993380e-03 3.107671660830551089e-02 -6.033438863097371346e-02 7.922730584576430368e-02 0.000000000000000000e+00 -5.926681216202174703e-03 -4.794335946530561138e-02 1.557183637604182269e-01 1.785526308228669798e-02 -4.726792400309687281e-02 -2.237164646654254269e-02 -5.619062166101345540e-02
6.889003414466025876e-02 3.472925387944367920e-02 -2.898809238083726800e-02 -1.512797457329392026e-01 -1.608932524946382614e-02 3.924696003369263289e-03 5.121922521253365057e-02 -4.987741889021957142e-03 -5.209615170926461258e-03 -1.481771753713980008e-04 -4.492346310983683783e-02 9.782711758941761704e-02 8.728768765079007730e-02 0.000000000000000000e+00 9.906478946320136647e-03 5.169732709053127123e-02 -7.788066858940159189e-03 -1.105631086284339544e-02 8.470409799382316862e-02 -7.277294242785245157e-04
-4.393906340336628524e-02 -2.414909393799359941e-02 2.814172392577172013e-02 -1.066180774767095940e-01 -9.588900981203557494e-02 -2.299079831682068753e-02 3.769038113921549006e-03 -3.109399025209170705e-02 2.403283488400073317e-02 2.291805450850733020e-02 -5.556284671908097439e-02 -6.395858675109182545e-02 -2.830207605579259517e-02 1.100206022139530761e-02 0.000000000000000000e+00 1.470086009913886514e-02 3.073563492366303967e-02 -1.754678366674291418e-02 5.756568512744923011e-02 1.045711557722161025e-02
-8.891047007995214746e-02 -3.423207330535746329e-02 -2.064162678385721497e-02 -1.478855743569903146e-02 -1.137639206172734035e-01 -3.248726743476155338e-02 -2.732152974837829401e-02 1.011495898466983380e-02 -6.344436506485640059e-02 -4.193770231432647488e-02 1.095974458660668588e-01 -7.365296028934108230e-02 -5.189026271159587200e-02 -1.405906600668978051e-03 3.154953607779505814e-02 0.000000000000000000e+00 4.389260296808916717e-02 1.106728993983881193e-02 1.019371254262878418e-01 -7.251250854430326721e-03
-5.118832688238113965e-02 5.358155269275094446e-02 -3.090343447689580889e-03 -4.190658781803823819e-03 -3.090548400884480379e-02 1.144845265566047168e-02 2.778167118465897298e-02 5.232446088935439887e-02 -8.069493087152433686e-02 6.275302110995480999e-03 8.018269004416994292e-03 -7.655473901764814348e-02 -1.085093397180371400e-02 -4.888842030558411544e-02 7.155013259458174735e-02 -1.524908440081731986e-02 0.000000000000000000e+00 1.482395145567901550e-02 4.556040458618531436e-02 -1.414571002890589908e-02
-3.275493762745150528e-02 -7.836732151229651444e-02 -8.580661815738320486e-03 4.722095771075157655e-02 4.598988802063647824e-02 7.802698205363838013e-02 -6.362486509783742139e-02 -2.736502928806751334e-02 2.219190647881866610e-02 8.898941350855964216e-02 5.570315177497647124e-02 2.321886629282803385e-02 -6.168187188615376765e-02 1.717912269927494504e-02 -5.171185443961397177e-02 -9.722089230861180598e-02 -1.232309772901807599e-01 0.000000000000000000e+00 -1.220397837170514484e-02 -8.485576083862891861e-02
-8.175819340778817113e-02 -1.021825012637628677e-01 1.491874452568649374e-02 -9.898573061333876266e-02 -9.516612143926997738e-03 1.071281447663558206e-01 8.430570845379164319e-03 1.100061218127220269e-01 -3.473908647725179599e-02 1.535126903194481036e-02 3.569713868963748926e-02 8.531914398379785575e-03 4.170839881557648031e-03 4.120456205460076848e-02 2.455467626900650208e-02 -8.793585333096246015e-02 -1.075706180332383459e-02 -5.405976219145758668e-03 0.000000000000000000e+00 -4.833060401171614291e-03
6.015669188830829843e-03 2.383344891239385852e-02 -6.650005973638793352e-03 5.980941404424984856e-03 3.304112307265560239e-02 -4.453274823288386891e-02 -8.037893796549108738e-02 -2.872259851560102217e-02 3.465933410593876468e-02 -7.402996042292840639e-02 -6.551449870290793065e-02 -2.568652618722752287e-02 -6.166332331756375906e-02 9.142154343018198126e-02 -2.455933085573034844e-02 -1.086489112391205158e-01 2.445935836743404548e-02 -3.777158907043134256e-02 -1.126116992013194151e-01 0.000000000000000000e+00
