0.000000000000000000e+00 -4.899702613068720319e-02 -4.906873402869493112e-02 -4.057941693791324717e-02 4.821866207949625921e-02 -1.497010489881240580e-01 7.220018109760499569e-02 -3.639125545095557579e-02 -7.385178532791782970e-03 1.643364989933334200e-02 9.153004654697714793e-02 -1.173330856863793736e-01 -3.466641534813538067e-02 -3.844806359528531170e-02 5.138746106619591220e-02 -2.081866207367800287e-02 4.733945853940838000e-03 -3.754210744851736031e-02 7.063240497967249176e-03 2.369848603011105725e-02
-6.081648772531361019e-02 0.000000000000000000e+00 2.452347868722739785e-02 3.799956510923796493e-02 5.281904434206889654e-02 -3.131741495335909481e-02 -8.251184960435699670e-03 -5.854281232573795707e-02 -5.820591066514107549e-03 2.488602510808394369e-02 -4.255366738444794211e-02 -4.594556012316341163e-03 -4.114584973264237555e-02 -5.294994662033518373e-02 -3.151888292122514285e-02 1.649086792109266675e-02 -5.374961060711581917e-02 2.796387307707200176e-02 9.535188946786370134e-02 5.650981288415125869e-02
-1.405888702746832183e-02 -4.019159405235658150e-02 0.000000000000000000e+00 1.012130034774035986e-01 1.536805577175419726e-02 -3.253665621020902787e-02 1.238073329468455247e-02 1.298985606490927203e-01 1.925201990126821153e-02 3.009559613034292272e-02 1.310033493760656524e-02 -2.844340925887218346e-02 -4.585947434899372011e-02 5.460724150377958483e-03 1.486087214438156336e-03 2.052317211123914562e-02 4.059880802463937399e-02 5.289426988613371572e-02 4.618842737241924366e-03 3.290674658727015672e-02
-5.741472346654251380e-02 5.872922160460800761e-02 4.562314129665315243e-02 0.000000000000000000e+00 3.822361979758557432e-02 1.058165495430449070e-02 7.053516704042617214e-02 9.402788835280484481e-02 1.135545078897903792e-01 -9.256056528024360353e-02 -1.054173471060208533e-01 -1.352215660159777726e-02 -4.016609793698218238e-03 5.824116835734246406e-02 -1.043926381460042949e-02 -1.023334283501656505e-01 -2.515547479255914043e-02 5.306917986251243058e-02 2.263398706086722917e-02 4.224387552155522974e-02
-1.669400338423333852e-02 1.703189196113208273e-03 6.893244131024617999e-03 3.389024264301636336e-02 0.000000000000000000e+00 -9.267214135869013270e-03 -3.951141298576470173e-02 2.449328367893892008e-02 5.385999207371094076e-03 5.898912584109048535e-02 5.745090462367599682e-02 6.895673590362409733e-03 -2.178178281113996896e-03 -2.414776779367089690e-02 1.064820020729284264e-02 2.145218762041193120e-03 -2.077878869995288674e-02 1.328189291608725640e-02 -2.298634316651404497e-02 3.979944409613534601e-02
-3.661437644647153045e-02 7.273011598468362426e-02 2.680737064719016655e-02 3.301108127304997614e-02 -5.780145858081256471e-02 0.000000000000000000e+00 5.392511753510569744e-02 -5.351226448061474628e-02 -1.367734685957870851e-02 -2.603074341978292832e-03 -1.075354369955213302e-01 2.104175959652406294e-02 2.203259624441788328e-02 -4.322662153204379770e-02 1.935909519458820297e-02 -7.420623343574807296e-02 1.720923209935015406e-03 -8.580752816373024561e-02 7.010589726856258919e-02 3.630303715920446539e-02
-1.903203230320832384e-02 -2.520114253929605502e-02 6.861188150302560684e-02 1.247086156822284075e-01 -9.019129786875546007e-02 5.823895354522589524e-02 0.000000000000000000e+00 3.691550743301440923e-02 -5.536606717369080277e-02 4.836534481026721205e-02 -3.435672417175929250e-02 -3.753463543291179344e-02 -6.572595422389922171e-02 2.953336303743675506e-02 4.493972802279241896e-02 -5.015565818405957194e-02 2.232134233187420963e-02 -5.412729177709298123e-02 4.744130926608345483e-02 2.037950197542758371e-02
-3.636457083699958653e-02 -2.072512550932699774e-02 4.461129364444390427e-02 4.068814344273052191e-02 2.975082455891251212e-02 3.111044433693141171e-03 1.685458776982980134e-02 0.000000000000000000e+00 3.554214573247508474e-02 2.203820614663893479e-02 -9.973375352747214720e-03 -1.061968020095829246e-01 5.589490125981391722e-02 1.001660122525545038e-01 2.294574308396267470e-02 -1.584755764583265294e-02 1.663747608321686569e-02 1.368634054300045012e-02 1.367074915756792165e-02 -4.633787959454368360e-02
-1.655427470670281162e-02 -7.043534245640763192e-02 2.454605682740224754e-02 -3.662119020457964280e-02 6.210286960364033715e-03 3.378432370820891317e-02 5.095231540584563984e-02 1.798315551695412601e-02 0.000000000000000000e+00 -1.032410207938073282e-01 -4.193207162915245367e-02 4.919529273198603586e-02 1.161400123199614748e-01 5.332314212145470786e-03 2.098999930550082479e-02 -1.852083629807212833e-02 9.782844651573456562e-02 -3.713372035314976838e-02 5.745860643694506754e-03 -4.345948496250081478e-02
-9.952609771598312782e-02 3.186915880453888850e-02 3.960410896629627114e-02 8.995674020055112463e-02 -1.618078131535680489e-02 -1.432623945656804829e-02 2.717819294837519120e-02 2.675101715250372339e-02 2.983660015667904605e-02 0.000000000000000000e+00 3.506115216385988914e-02 4.123044524759453960e-02 1.081767846369744435e-01 1.027306684083250932e-01 2.842025910601978129e-03 -1.087387254839063677e-01 3.942768811467242673e-02 4.627133345026367833e-02 5.297465708754320324e-02 7.039593224355139567e-02
-3.605502156960140037e-02 5.362517070957543985e-02 -5.465695249902067371e-02 7.529833353748968672e-02 -4.705622554288864390e-02 -9.616194870049755983e-02 -7.783730238868979967e-02 -5.619129973127467981e-02 -1.549030234147715131e-02 8.338484124925767127e-02 0.000000000000000000e+00 -5.983766368609744202e-02 6.804991400785330435e-02 -2.019685612273401654e-02 -4.190262722017200347e-02 3.983611232401429447e-02 5.500536710765274034e-02 -3.337498963375852556e-03 7.546283058642283548e-02 -3.105720036189061803e-04
7.825962077238138304e-02 2.744921338132804214e-02 8.952337691542003317e-02 8.252102581209079871e-03 -6.195963105231144102e-02 9.557035324640449081e-02 -5.361764817236936743e-03 -2.989475830642763458e-03 -3.686667355761242409e-02 -2.186278603686465580e-02 -7.029422282672001705e-03 0.000000000000000000e+00 1.942101000297130273e-02 9.293551186587939439e-02 -4.566911770889808819e-02 -7.743358627292486196e-02 -9.308198272444714871e-02 -1.764630498702695130e-02 -5.210030525075715763e-02 7.503084723054134764e-02
-2.837210599146151174e-02 -3.651353103718826126e-02 1.345721437789988012e-02 -8.081031572333149948e-02 -5.163577026507164963e-02 6.094951666804077073e-02 2.996364095905944269e-02 -1.822032773679180609e-02 7.792381642420004306e-02 -7.100775023136939035e-02 -2.163906021778690472e-02 1.700103494240923913e-02 0.000000000000000000e+00 9.099659758287881317e-02 1.313491218115475472e-02 -5.583218683320802928e-02 1.143824966899287532e-01 5.284438940548058516e-03 3.555262213502984395e-03 -4.856865349375116825e-02
2.075481710823010029e-02 -6.047390383636180172e-02 3.781386606028158681e-02 -1.476777723454204307e-02 -1.620444186330712716e-02 6.498385716148803726e-02 1.668934935743532008e-02 5.904416784580046769e-03 9.282929687308044339e-03 -5.270129506754493015e-02 2.961581299061631992e-02 8.255635769104648081e-02 3.983076354519560908e-02 0.000000000000000000e+00 -7.389271832666508000e-02 -4.685486041244068395e-02 -8.347738142891006352e-02 6.308197992158180722e-02 -2.997026980256395443e-03 8.191060689618480384e-02
-3.764654772310492559e-02 -6.920129234642904623e-03 1.165535956745562124e-02 4.558540682925526361e-02 2.105845988255843331e-03 1.339026577582275342e-02 -4.800222185962998295e-03 2.771769792565050017e-02 -4.598612167377421484e-02 1.662069257441460253e-03 -1.838482614847454510e-02 2.909085897037935308e-03 7.916906296895041134e-03 -1.558958802358067185e-02 0.000000000000000000e+00 -2.110005916813261634e-02 6.723146509329141519e-03 4.388078239708369938e-02 -4.979724104800620221e-02 1.997014090410297732e-02
1.057093118361118744e-01 -8.813920940737354770e-02 -4.573282477784611222e-02 -5.786294397944111156e-02 -3.371678122966704355e-02 7.050646722589004600e-02 8.951258882918158855e-03 -4.743772722186354734e-02 1.594758347947986682e-02 -2.887686738184775184e-02 6.702283486445506644e-02 -3.588644245731471404e-03 8.408913428713300775e-02 -4.964456927006184739e-02 1.775182834672119903e-01 0.000000000000000000e+00 6.565411278005565954e-02 -3.194018943281086431e-02 -5.325349875415461703e-02 -6.125116625173520485e-02
-1.304378046823615953e-02 -4.465814428908390643e-02 5.328040537610396338e-02 -1.422643944731808233e-02 2.458887593668246385e-02 3.360302271274744762e-02 -4.234169162750747728e-02 9.117529598185442063e-02 -2.615611629044732947e-02 8.138495847964610785e-02 3.059746185643504729e-02 2.875441281542414490e-02 -3.253390680055492229e-02 9.641352875141725694e-05 5.635361929129229647e-02 -4.136327272638867097e-02 0.000000000000000000e+00 -9.019732984933014064e-02 -1.213652535591138726e-01 -9.176241492194546490e-02
-1.974185837034571345e-02 7.093578968190154821e-02 -7.207210003541633485e-03 1.634332806768241941e-02 -7.469893718824465248e-03 3.033730380637000758e-03 -1.880841644636386048e-02 -1.150546230710045720e-02 2.159896017247004210e-02 -5.858831311143326143e-02 4.227206164372930564e-02 4.648708673865473845e-02 -1.129399168971056966e-02 3.775715802113460001e-02 -5.906444334341362512e-02 -2.573631188800780747e-02 -8.708190715543002655e-03 0.000000000000000000e+00 -1.458631548722810409e-02 -2.929680573651206182e-02
-3.639585945777111531e-02 4.910169713667304064e-02 -1.063088805035720952e-01 1.910976584886941608e-03 -2.038605155391126980e-02 5.910708452199438939e-02 2.477098345028693957e-02 -1.602858358238761771e-01 1.830325052514317555e-02 1.266968471481047520e-02 -1.867378007579847607e-02 1.341782997688930820e-02 4.483843154435396272e-02 -4.555244933528018736e-02 1.147997244388302418e-01 1.561050548810735857e-02 1.212889905928245388e-01 -6.173277760317645579e-02 0.000000000000000000e+00 2.907554716166084810e-02
7.239332696633879460e-02 7.647226164103074035e-03 -7.678769126455768645e-02 -4.277923249083960544e-02 2.544649129024411163e-02 4.634411206372061540e-03 -7.784388176646894319e-04 -3.629522446166485311e-02 -4.781941321782848947e-02 -4.291446591041439551e-02 -5.463929464759558624e-02 8.736023188573145692e-02 -2.637521322991993530e-02 2.891074296262380675e-02 -5.337037006154362467e-02 3.607412333108612340e-02 -1.236870624347157777e-01 4.779164045717276821e-02 -6.810770931769374176e-03 0.000000000000000000e+00
