0.000000000000000000e+00 1.500445574356544520e-02 -4.966417035972527788e-02 3.945644350798828415e-02 -2.252428747399847636e-02 -9.466530738964899772e-02 -2.663616616279153304e-02 3.723257020175434889e-02 2.368052886317006597e-02 -5.722964067976874653e-02 1.200540427417319707e-02 4.022389954857918774e-03 3.116597642213716698e-02 2.281162768589755502e-02 -4.664588301013631449e-02 1.133748982157564526e-02 -2.819640181256898720e-02 7.561837992528194774e-02 4.501907036574875204e-02 -8.136860328089634553e-03
-6.472816498712963273e-02 0.000000000000000000e+00 -1.732054766166984602e-02 -7.351002024029666682e-02 1.218898985380312550e-01 6.183578642880926263e-02 8.912743680225300447e-02 -6.739114812326256476e-02 7.726699742771475643e-02 -1.386706990207031975e-01 -2.676324175505003650e-02 3.994245773752584661e-02 -2.515288259071404506e-02 -1.205287996142237333e-01 -3.912840712473543425e-02 5.199973895980389976e-02 1.178484965356394465e-01 3.915323940119508350e-02 -2.219838989995532100e-02 4.000509191476929460e-02
-8.133470897037217706e-02 1.652041429554133509e-02 0.000000000000000000e+00 -9.973695913396333698e-03 8.796020964200450265e-03 3.629570103297787703e-02 -3.474520697939331715e-02 6.178717316739968518e-02 1.675181950147018248e-02 5.104770868734285344e-02 3.210370250450695490e-02 -1.010107539884523287e-01 -1.450596221117504171e-02 -1.502525253819050020e-02 -3.319281239737022215e-02 1.700539072719431735e-02 -5.902556049476761352e-02 1.912030048558567563e-02 3.350501472142319859e-02 -7.071237529430450183e-03
1.388284303793412833e-01 3.137115696884087285e-02 -2.583122933570997787e-02 0.000000000000000000e+00 1.487403098656338817e-02 -7.990462443542120652e-02 7.701715632518074672e-02 -2.717283412992230890e-02 3.804646487312315136e-03 1.022016690924668209e-01 5.461070264401481078e-02 3.422202646827605943e-02 1.127721323686324967e-01 -1.631194464016948523e-02 2.872358824520755000e-02 1.169462440627359878e-02 -6.422997508961668378e-02 5.020342303415800678e-02 5.986090915736153040e-02 -3.613681047085141873e-02
-2.827036726346874793e-02 -3.091797675765685718e-02 -1.190007979886068407e-01 -1.589222411344765051e-02 0.000000000000000000e+00 9.219471691128260094e-02 -1.162192486331165529e-02 -8.907100496323426542e-02 2.576063714575364469e-02 -2.273083856195569699e-02 8.504697639758316066e-03 2.970618720592545572e-02 1.753374714742298238e-02 -2.257518088784483956e-02 4.037149081240545834e-02 2.928749500033680717e-02 -4.626165187797790998e-03 -2.499678707451631274e-02 -4.131595773449721343e-02 1.221126323597268408e-02
2.110412347312797671e-02 5.329408924041056234e-02 3.592153920494813718e-02 -6.079442561275683055e-03 7.954484293281517682e-02 0.000000000000000000e+00 -2.570338339731994062e-02 -5.009632687446615232e-03 3.310418700715393042e-02 -3.329985523686906229e-02 1.009690624745195192e-01 1.029893484577183195e-02 -9.793194494197846045e-02 -2.589384956039127855e-02 -8.361358567681208276e-02 5.834414408132136687e-02 9.130585391508780346e-02 -3.879980659208130678e-02 3.595045285046342964e-02 6.765721290981227759e-05
8.809158722292027496e-03 6.705849517649400959e-02 -1.804747607504424492e-02 -4.525920101937912915e-02 3.967243416037668363e-02 3.373718338921292970e-02 0.000000000000000000e+00 7.378227362853048699e-02 -2.571427535643858175e-02 -1.020455389331252488e-01 5.926843846858716180e-02 -1.105500278666211693e-02 -7.936444956552715646e-02 -7.313302202836852173e-02 5.523659985211191309e-02 1.389997562444487446e-02 3.475897792431469069e-02 3.326357891079248508e-02 -2.988965158069068276e-02 -4.229127975995849997e-02
-4.448155550201807196e-02 -5.170956901990009930e-02 -2.263855219720323914e-02 -4.307494807502541129e-02 -2.006975912244425564e-02 -2.517623223809669838e-02 -7.081233532923077341e-03 0.000000000000000000e+00 5.188673730034853299e-02 9.625962739132587487e-02 4.479272018643032718e-03 2.645710697426729117e-03 -3.479659329180298868e-03 7.077881999351151587e-02 9.021064208055434852e-02 -3.808829238810797213e-02 4.645298744548257558e-02 -2.374648128919507051e-02 -1.973651219310799607e-02 1.529799717890177255e-02
5.643388966997962657e-03 5.253232469584071668e-02 -8.045727886383370608e-02 -9.113884920754421540e-03 4.495270848106221531e-03 -5.782562825507701898e-02 4.142049882832951613e-02 -7.199189153563900767e-02 0.000000000000000000e+00 -8.279973545207244823e-02 -6.298880631828643198e-04 5.695935477590213097e-02 1.188460495743602768e-01 4.616713023262763310e-02 6.063893317703118735e-02 1.150014495932293393e-02 1.107476478317040852e-01 -2.152378532820500498e-02 -8.928807184214853851e-03 -3.064199984023277187e-02
1.879788463819842895e-02 4.940774020507038983e-02 -4.485887171504548965e-02 -9.322616066601280629e-03 -1.288613635334491352e-02 -2.468639428134492345e-02 -2.512523510741947012e-03 -6.917073515724854460e-02 6.371462169703419332e-02 0.000000000000000000e+00 -5.429728649579410038e-02 4.566374144749282132e-02 6.183744220989586399e-02 -1.431109884531091281e-02 -1.769350297175180040e-02 1.206618813054629062e-03 -6.152622676959415560e-03 4.531303568287230188e-02 -2.839133287127839148e-02 -5.337449271778947624e-02
-1.727034113905538334e-02 8.572835234611247968e-03 7.368763634410746555e-02 7.228420816024828943e-02 -2.330395742096397910e-02 -8.375453222048713509e-02 -9.032842053105542834e-02 9.903251337563880041e-02 1.598679042508122095e-02 5.528732547509396245e-02 0.000000000000000000e+00 -3.283635485448289926e-02 6.128674156356013827e-03 -1.541191593654184927e-02 -5.159725251138235630e-02 4.134973340807807790e-02 4.715177333481317817e-02 -9.519719424975711664e-02 5.976342339870525239e-02 1.829589160161820827e-03
1.119310499069704583e-02 2.137627297880110092e-02 -5.365554993679941265e-02 -3.808141999215298307e-02 -2.733754905106755909e-02 8.938102075199019780e-02 1.082796059113207837e-01 2.586718985649390234e-03 -7.169916300702847134e-02 3.249668789718718198e-02 5.247521884686009996e-03 0.000000000000000000e+00 6.129005664410679122e-02 7.093993858923042239e-02 -3.436820954395592570e-02 -4.999729325733474894e-02 -2.643589854470337550e-02 -1.095433585368234394e-03 -6.025463004822789737e-02 5.391092117371672210e-02
3.436425351101360381e-02 -7.354860709040549754e-03 -4.385955072213568867e-02 2.638793353246178530e-02 6.442284657011669580e-02 -8.290936422664792194e-02 2.438874193164367737e-02 -1.508794226376211634e-02 -3.636795589170866566e-02 -1.794031202841176939e-02 -1.366285137087241454e-02 1.052561192493476211e-01 0.000000000000000000e+00 -1.696208069643475105e-02 -5.766803925919440632e-02 3.169225239460386756e-02 -6.169153165548740825e-02 -4.254050434165400677e-05 2.766007708234561116e-02 3.257999707946319760e-03
-3.053250786682059487e-02 1.923499533433271035e-03 6.587312407101511558e-02 -7.895846317966876554e-03 1.624656445319401857e-02 1.515754073425706547e-02 -5.753244598159687473e-02 4.823945349337576717e-03 4.366335105433894956e-03 5.837804364151277792e-02 2.864413782956486826e-02 -1.077132992930266014e-01 -3.111570665618229592e-02 0.000000000000000000e+00 -1.823447963216957152e-02 -8.795833016550754987e-03 5.705317208120845585e-02 -5.966994370635898826e-02 7.797981946122163090e-03 3.382979809494877227e-02
6.914160983717965170e-02 -2.961368308132489649e-02 -6.578398927345749381e-02 7.959757621685006890e-02 -3.220675104670266131e-02 -3.074449009669760410e-02 1.276195149593751521e-01 -1.907242844715845154e-02 -1.298014714217936016e-01 1.466189258514629390e-01 5.226109136216629952e-02 3.310279428417567393e-02 1.455995224239355068e-01 -2.071470232783585025e-02 0.000000000000000000e+00 8.617292286038689617e-03 -5.082273580824636650e-02 5.870559870085446941e-02 6.091311588677898736e-02 4.516490630443407289e-02
7.914258829058580524e-02 1.102019232466047542e-02 -3.455063474958110920e-02 7.996475646451196850e-02 4.397150734177816822e-02 5.460475958485991321e-03 7.597892870502988283e-02 4.948806633139234828e-02 6.896572191786905226e-02 -2.558381567813255986e-02 -9.553375609000241964e-03 7.196617731920283700e-02 9.281965975518294276e-02 -4.487160295461393306e-02 -1.762182777272448125e-02 0.000000000000000000e+00 5.401914459115896711e-02 -3.623184126775217534e-02 1.478937016603949772e-01 7.691102832777769495e-03
2.028562724921371442e-03 1.077373510713509897e-01 4.399870700056703748e-02 1.301874839359642121e-02 4.959013140486517347e-03 3.564643494413853586e-02 -4.845033652778010791e-02 -1.590652168633973837e-02 1.776084285773994048e-02 -5.428249569991846352e-02 4.224316198469346001e-02 -1.181848109155750684e-02 -8.444494040798598833e-02 2.691214272716636186e-02 -5.126162947126089442e-02 3.345637011310070852e-02 0.000000000000000000e+00 -1.525526912365968331e-02 3.049380552461178340e-02 9.630788225488513821e-02
-5.636710623988736707e-02 -1.773138578220869940e-02 -1.370616532292200269e-02 5.113229772465786166e-02 -1.193833610283794207e-02 3.635019085448119858e-02 8.314934678564399329e-02 5.083838082791727192e-02 -2.852740092579403655e-02 1.314841297681261685e-02 1.685636786931056248e-03 1.707883590916084091e-02 -4.386042676314533262e-02 -4.242096425682999154e-03 4.850869676833011179e-02 -2.865628289067197534e-02 -2.290557415100172300e-02 0.000000000000000000e+00 2.974926274310232474e-02 -7.327060783658592702e-02
-6.342055310663362311e-02 8.111354117218419479e-02 4.859923768668261219e-05 -6.560686482571490008e-02 3.373866151956070314e-02 1.116757190489715973e-01 -2.040140257377436039e-02 -7.052436517483082201e-02 -6.470435123357672676e-04 6.048379811744801493e-02 -4.283129655894964138e-02 4.210265329164693954e-02 4.079233508522818463e-02 1.519248469233823624e-02 -4.584137314913902528e-02 4.468350676441165681e-02 2.737181787078423606e-02 3.930824245400241918e-02 0.000000000000000000e+00 1.077031511975191057e-02
-1.172473909295282113e-01 2.802109337352299417e-02 2.063076476082845861e-02 -1.043034147483307555e-01 1.551751555903727389e-02 3.908997106448708347e-02 -1.933618978724356910e-02 -1.289183271499590722e-01 -4.949293678792665574e-02 -7.542196043627491520e-02 -2.503423404223538429e-02 -1.295262196562207146e-01 -2.453659652791975038e-02 -4.278144887864672626e-03 1.665795634402203115e-02 1.042771673760283652e-02 4.096521183513347417e-03 4.502815239556501314e-02 2.869890566304448762e-02 0.000000000000000000e+00
