0.000000000000000000e+00 -1.373220002437289256e-02 5.108180420145112637e-03 -2.524056326725276217e-02 -1.246204206623125442e-02 -5.535005232110030982e-02 -4.996649586685159711e-02 9.615076020209072094e-02 -4.359943691525060977e-02 -1.437553425263369232e-02 1.917250479500296617e-02 -1.320935600806083000e-02 -5.017953388829154288e-02 -4.687216248887233344e-02 6.962438965159363502e-02 -7.085654749103491301e-03 -1.126987841668433132e-01 1.744420058488136858e-03 -2.127888007523506819e-02 -1.477184302162236861e-02
-4.602966063129706326e-02 0.000000000000000000e+00 1.049275746367220180e-01 -2.100386346463070653e-02 -9.022128316832042291e-03 5.186362121364842571e-03 -2.955983557794793215e-02 7.948066269636570175e-03 3.504754642244472390e-02 -1.644724465754081669e-02 2.902065565067352484e-02 4.080513396733621845e-02 5.118148149406995945e-02 -5.817566377573035914e-03 -3.159569186343136327e-02 1.050955488972810450e-02 6.078379474150425593e-03 -4.666194318562017634e-02 -5.165369281728164619e-02 -5.031786904966947110e-02
2.219099606229330002e-02 9.219775992222414840e-03 0.000000000000000000e+00 6.529660828303993081e-02 -4.813865711550759097e-02 -1.366784146691485055e-02 -7.224500330217702160e-02 3.803854886565196519e-02 9.278645175667482592e-02 -1.056427077299577043e-02 2.414521397621261292e-02 4.972275291302905020e-02 -7.438274795989630039e-02 -1.203654412344313945e-01 -5.382958905216528311e-02 1.254185784061511710e-01 -3.821312632486428568e-03 9.880089395581773820e-03 4.779497540076288985e-03 -6.311007783551558781e-02
8.125071085361211531e-02 -3.484890599845103659e-02 7.234748832712160557e-03 0.000000000000000000e+00 -6.330905022736831034e-02 -2.944308033570125493e-02 -3.604092070426609395e-02 -3.345558408322849703e-02 -1.615803898059561469e-02 3.813266027015275311e-02 -3.557241566313643771e-02 3.939332113224286967e-03 -4.061228369011434663e-02 -1.468120017603551097e-01 7.430457494679025554e-02 -6.392645386186836254e-02 -4.545246909523126266e-02 -1.558886383500296575e-02 8.637606156445523653e-02 -6.601762385938798883e-02
3.006395119159386772e-02 -7.503841674929301320e-02 2.382595883850199825e-02 6.363103364177145893e-02 0.000000000000000000e+00 2.379719427106406771e-02 3.886624148905543086e-02 6.106494580057425514e-02 -3.050886101190519034e-02 1.265942808463680069e-01 -3.849744901011534909e-02 -5.316926417833025414e-02 -4.844045440815358816e-02 3.117885627683892810e-02 -3.096243501872715173e-02 -3.671011165503944990e-02 -1.002282573127383780e-01 -8.918606511768270573e-02 -7.233538517826550163e-02 2.970052285905317238e-02
4.515377493327706049e-02 -8.000173882634119271e-02 -2.686815221185554284e-02 -1.040482600505502481e-01 4.021047254361407447e-02 0.000000000000000000e+00 1.790716276491093328e-01 -1.232484676201711128e-02 4.626037086281307997e-02 9.396196774659033857e-03 -2.635907807496044863e-02 -5.835302468333307575e-03 -8.101734186492966228e-02 8.462688459285809539e-02 -6.725813985806466944e-02 4.082315426399003161e-02 3.016951792469875840e-02 -1.050093526101138208e-01 -7.091571296286541815e-02 3.489449348101834186e-02
-3.130780673978967449e-02 2.753226696365782683e-02 7.201500329463647772e-03 -6.677182929145046748e-03 4.646507719889726024e-02 2.246391423394248493e-02 0.000000000000000000e+00 4.689098018872840667e-02 -3.499557285552279233e-03 5.356833786445536205e-02 -3.735414471351951315e-02 -4.641246982384772402e-02 -3.735802903607738507e-02 3.796168522814529628e-02 -1.017770695011793181e-01 8.688459132326293091e-04 -2.284581372491088086e-02 -1.605531293830820411e-02 -7.967910128250285662e-02 -8.567997460456310010e-05
6.552106298814593111e-03 2.259905955245909009e-02 -6.422904700528182451e-03 4.281376531684711467e-02 4.591592388326348056e-02 -1.716620287375888315e-02 7.945455298634650568e-03 0.000000000000000000e+00 -6.606706229434065880e-02 2.767026652583212676e-02 4.326980828059657537e-03 -3.476466369518843580e-02 -1.386987053944909766e-02 6.772295000932783415e-02 -5.999836727689174948e-02 -1.000532833587000625e-02 -1.124011571750592325e-01 -3.851642222061763682e-02 9.142968489484827252e-03 6.774180944041907453e-03
-6.864076887601877619e-02 1.021619536626404284e-01 -5.036314164567334134e-02 -7.876465622789750876e-02 -2.191731648272107584e-03 -2.749356921494209433e-02 2.318194144607881382e-02 -2.808929521924177861e-03 0.000000000000000000e+00 2.059694992244359701e-02 4.654395417299323628e-02 7.790347800661704888e-03 9.964989689021319652e-03 -1.469893824729981077e-02 -1.317852612229018956e-02 2.784226109933989404e-02 2.080127722432404888e-02 -5.187516888347577793e-02 7.747068066932332256e-03 -3.427348208036392480e-02
-3.618286031086116045e-02 1.240483898160827242e-01 -4.144162410421525777e-02 5.857481619779362353e-02 -3.303295271170780117e-02 3.458362561286323217e-02 1.136147596557173130e-03 -2.515474643875796612e-02 1.137499745951428970e-01 0.000000000000000000e+00 -1.409443554040914863e-02 -2.044334864213389127e-02 -3.836419324907503620e-02 5.278880821400479262e-02 3.852769319802075432e-02 -3.247377527435544448e-02 1.645186544789232694e-02 7.656197456323604600e-02 1.886349714615765186e-02 -3.495189505201727609e-02
1.073066620097124224e-01 -1.024075662401922014e-02 1.625976327358065812e-02 7.430690083832937332e-02 6.418185841240875433e-02 4.576705043988858745e-02 -3.734299894483226329e-02 -3.717422275318451458e-02 -1.225576238085786598e-02 4.074708766670254168e-02 0.000000000000000000e+00 3.131254286995540509e-02 -7.145129948576874057e-02 -3.249493423927257013e-02 1.091664886606139896e-02 2.365460765512264474e-02 -7.420644745130203224e-02 -2.523850659648384925e-02 5.126246156057591430e-02 3.351666647767386625e-02
-8.314038490909465839e-02 6.851924029834245700e-02 5.346816157171106754e-02 -3.377057139601868929e-02 -7.247356914816224793e-02 4.859884049730464400e-04 1.473707305732689828e-02 -1.081040010731819795e-01 4.376842965286679293e-02 7.412436752376719284e-02 -2.416454855846441457e-02 0.000000000000000000e+00 2.962463434540497584e-02 -1.496406294788257861e-03 -9.567155334219185070e-02 2.238659159361836709e-02 4.599659363487004771e-02 8.483239538174315586e-02 -5.841503771475359263e-02 1.817875615047416515e-02
3.744687705362814700e-02 -3.221641061639667764e-02 3.817997056717187948e-02 -4.334967384729208201e-02 5.019977429490754539e-02 3.168368981976993348e-02 4.859394109102771475e-02 3.162718659450898528e-02 -3.082270222079962901e-02 -5.763844623394797501e-02 1.310604642366838130e-02 3.557166046096858769e-02 0.000000000000000000e+00 -2.012682186917969657e-02 4.874845966945652587e-02 -3.112842661535343558e-02 2.453602796534980895e-02 -1.352714148233950591e-03 -3.080167483602989920e-02 -6.922838891110738579e-02
-3.011819666177195307e-02 -2.576649697469551858e-02 -1.754561260836259851e-02 8.830934074476978757e-02 1.139431741504158407e-01 -3.753303097210878170e-03 6.087412982140449902e-02 -5.193500836556914912e-02 -1.221923263235448823e-02 6.728914267311361663e-02 2.263469126376805099e-02 -4.762858148764594762e-02 -8.575265361914127804e-02 0.000000000000000000e+00 -9.366151313688890478e-02 -5.039677266777845693e-02 1.591731506438410007e-02 4.884129624509790657e-02 4.215392188599522381e-03 8.088289855469256440e-02
-4.986058231697525905e-02 -8.697075859799919054e-03 5.660128508069256492e-02 8.350246823646417099e-03 -7.955229108192189702e-02 -1.148296051894933389e-01 -4.320520741876253401e-02 -1.836043048061404906e-02 -3.076976194159515327e-04 -8.453347674730203598e-02 6.486489418071696156e-02 4.778992399445728539e-02 1.910803088149333126e-02 -1.073549059429465408e-01 0.000000000000000000e+00 8.479547812447998933e-02 5.493231964081706636e-02 -3.811241179486063446e-02 3.943323454397405087e-02 5.476230060501251218e-02
4.500523094450942230e-02 -1.403629293783150139e-03 -8.128173166675273231e-02 -3.496302521815105452e-02 -5.790679364039819088e-02 6.101804768580091493e-02 -9.706500572510765035e-02 -1.148790849414731696e-01 1.780527964980528066e-01 3.794874541115796779e-02 7.301416341372241048e-02 1.055440576975097133e-01 -5.875290809925200197e-02 -9.376370770973070645e-02 1.068502196773960800e-01 0.000000000000000000e+00 5.451868258996742794e-02 -1.074611821039248190e-02 -1.908358239237978315e-02 -9.649985490154464052e-02
4.335107059693696363e-02 1.384042364983859019e-02 -4.700536607050079425e-03 -3.073230568315115513e-02 -8.095847401188752124e-02 3.535472327894716160e-02 -7.319017608287413379e-02 3.092909742459427902e-02 -3.950337084028767570e-02 -2.617532238769836733e-02 -1.719251614508949351e-03 6.852633906862244662e-02 5.887808705381869512e-02 2.281364896055913252e-04 -2.354521194449847241e-02 3.788888308799766291e-02 0.000000000000000000e+00 5.827202216542870516e-02 5.560791712116845698e-02 -6.494241407867089311e-02
6.670169575962606179e-02 -3.206757779498829730e-02 -7.506082579163729507e-02 6.339151267524072673e-03 4.139673358754336965e-03 -3.388652717607708309e-02 -1.089116220754958314e-01 -1.364198376362950604e-01 9.741468595164205768e-02 -1.595905803398683410e-03 1.496046798048786437e-02 9.977468599559428941e-02 -1.659027483138351966e-02 -1.374426628325881583e-01 3.855001891419135990e-02 -1.524789052156545928e-03 -7.002408200848291887e-03 0.000000000000000000e+00 2.127623269728817421e-02 -1.332870508349673910e-01
-2.679646434317401599e-02 -1.399894779158185679e-02 -2.426385508418367476e-02 -5.615741842114053452e-03 -7.571665405535230042e-02 -7.544732759817691925e-02 -7.272259320299162555e-02 1.270429499371197174e-02 -2.697000980444536414e-02 -3.643618475672261159e-02 -4.778106694033414786e-02 5.787382230853130999e-02 1.335590623321995241e-01 -1.209110282672585523e-01 2.554366378216138284e-03 -1.633873082226394713e-02 -3.007041900872693685e-02 -5.902375212281732453e-02 0.000000000000000000e+00 -6.220987492751156589e-02
-4.702682217890664929e-02 2.013631019115919019e-02 7.666818226077418141e-02 5.535590908309696856e-02 7.367689562282676852e-02 -2.975333259252796805e-02 3.650816134054341716e-02 2.335477063600103695e-02 -2.196075770234951624e-02 1.477539593259037144e-02 5.572316780603200209e-02 -7.922122815181527333e-02 -3.464956036713968263e-02 1.206813227277117317e-01 -3.600732443198415705e-02 -3.275139600969251275e-02 7.034932183709081965e-02 -5.683907052601744336e-02 -5.067972082238993148e-02 0.000000000000000000e+00
