0.000000000000000000e+00 4.528289624855440232e-02 7.581763720206136092e-02 4.759221751397321037e-02 -6.062231938613445170e-02 1.138225759639653195e-01 -2.870146692222439594e-02 3.060092498913172948e-02 -2.972020191226924443e-02 1.039611731119558825e-02 -6.799231618231797725e-02 6.389171671004288677e-02 -6.169607444883309921e-02 -6.012691974333829459e-02 4.080248851668272919e-02 6.881358450039785912e-02 5.039135969464265258e-02 -5.278702863774980929e-03 -8.852450431466013514e-02 4.701543328151040931e-03
-1.030305266255055890e-01 0.000000000000000000e+00 2.770493246298884674e-02 2.500795148108920715e-02 -4.423070270919185476e-02 1.524731594391283938e-02 6.684354409209107561e-02 -1.622479921146263437e-01 -1.071691244833288120e-01 1.669186131343380203e-02 -1.873845854608736580e-02 -6.594977835942032740e-02 -2.672401630917764850e-02 -5.227581452707612264e-02 4.279215556014633742e-02 2.522017368053303121e-02 3.833338615987945592e-04 -8.355020182345875013e-02 -1.072665566496771167e-01 4.752724419741504586e-02
4.535333482528253884e-02 -4.082103298494472315e-02 0.000000000000000000e+00 -6.685292483835736377e-02 -2.928052695556045484e-02 -1.927871756823869992e-02 9.774339857619425420e-02 2.074960858095628233e-02 -4.317724346185844442e-02 1.038988768853300708e-02 7.082557489329393587e-03 2.449675321900021338e-02 1.763269256077232630e-02 -3.109200794065605442e-02 -9.871659864447100696e-02 -4.597318497367954698e-02 1.977143590540659385e-02 3.920990822613742988e-02 3.326658425558871868e-02 3.879545351670379318e-03
-1.080394890889174730e-01 3.873806311040899671e-03 6.852131144087381109e-02 0.000000000000000000e+00 2.955470542726581010e-02 1.222278340236010730e-01 2.830565725275035333e-02 2.154980812558297473e-02 6.476895100999191524e-03 3.064399391575889017e-02 9.297778908193303493e-02 -1.424032448710939314e-01 -5.046251109850055649e-02 1.407359229968498937e-01 1.065142388300298060e-01 5.834637694460437923e-02 4.821095330479347602e-02 -6.288835575379958520e-02 4.024098662025815502e-03 1.152676235244240038e-01
3.336632878660968082e-02 4.398560554882829238e-02 5.975153641265049109e-02 1.204079151382556273e-03 0.000000000000000000e+00 5.522312334629054208e-03 4.630442251507668056e-02 1.131731000835647753e-02 -3.274683323403332347e-02 -1.061792902748312228e-01 1.326882164446506127e-02 -1.756755678345332458e-02 -3.142730093783996457e-03 -2.437183447379787093e-02 1.548093640496588661e-03 -1.068681778780422587e-01 5.417675296312975119e-02 3.803649733331145033e-02 3.659555686761713222e-02 1.055388254518026536e-01
-4.601213255700713906e-02 2.321545354898524316e-02 4.509300864950784721e-02 -7.104839647657175232e-03 2.569753273943263874e-02 0.000000000000000000e+00 3.042894644686658032e-02 -4.294262060584296686e-02 -3.865137762927855353e-02 1.206184296846653931e-01 8.206049468763265686e-02 -2.375668347502231034e-02 -4.222734625307466433e-02 -1.776746108294196755e-02 8.276724109948631336e-02 1.483747531126722308e-02 2.588469462881073935e-02 -1.537948231769709420e-02 -2.147375386221792373e-02 4.578940542250944240e-02
3.982102164004096279e-02 1.192270103126340797e-01 -4.885017930749893655e-02 -3.446414907346682238e-02 -7.970058351439129884e-02 9.290891648390718627e-02 0.000000000000000000e+00 -1.117392769693755644e-01 -3.924938884044870679e-02 2.888815775437333228e-02 3.015909633758011993e-02 -5.357328249471842579e-02 -9.743645779247252225e-02 -5.812720451656243348e-02 1.523783841617703250e-01 8.292854614501661559e-02 8.151626936722753541e-03 -1.715382171264142729e-03 -5.322427352321133093e-02 2.461916538026772197e-02
1.970411349115777644e-02 3.042739110874298492e-02 2.193120898595506824e-02 -6.215816039186236597e-02 -1.035254687405953722e-02 4.166279177918724014e-02 -4.868451525961868531e-02 0.000000000000000000e+00 1.309022008824671859e-02 3.707097250636583186e-02 7.262054131797188172e-02 4.780788589512461641e-03 1.086011288146748223e-02 -1.728991891605736672e-02 -3.719518692697462107e-03 -4.185326985714300785e-02 3.270936149635407259e-03 1.346144374689358552e-04 1.915124505106557615e-02 -2.974166973662653243e-02
8.816081461095648560e-04 1.510007881396073677e-02 -2.417941037791082257e-02 -2.529616450798907040e-03 -2.686460623277132573e-02 8.144816191681339412e-02 -6.243717981901750896e-02 1.331901190806777102e-01 0.000000000000000000e+00 1.650128027267855901e-01 1.195099516813609951e-02 2.858025344925185091e-02 -1.037258055222728750e-02 1.007358070535609856e-02 -1.223908045802566402e-01 -3.288884110372539832e-02 -4.379765512979556102e-02 -1.252620910334725215e-03 -2.481038021476518474e-02 -1.034861856581556078e-01
4.449953698366700822e-03 2.411657364026138783e-02 3.408293534145408893e-02 -6.843455466772030774e-03 9.445044653543306634e-02 -9.542954255618820575e-03 -6.309385068170328403e-02 -1.833225037352035139e-02 -3.077059101172730654e-02 0.000000000000000000e+00 1.524776186147904465e-02 -3.577821301324540793e-02 -2.042342730351933821e-03 1.956365675958283284e-02 -8.658698904856923506e-02 6.817376236787302431e-03 -2.661542692223347814e-02 2.239120101533973242e-02 -1.242798510750323798e-03 -2.008993000818336868e-03
-9.260424736468649692e-03 2.901012161976901718e-02 -7.563986272110211073e-02 -6.558870338485754681e-02 1.772220979970527688e-02 -5.798104697352485931e-02 -1.039149174265460163e-01 -2.314098680431101243e-02 -4.777204476291226770e-02 -3.777081008316476862e-02 0.000000000000000000e+00 -4.923687287032604137e-02 5.548222741680720882e-02 6.041961019314710801e-02 -3.117863673854915849e-02 -9.204993637924396843e-02 -2.377763938567834315e-03 6.557097571853830187e-02 7.502427718462176265e-02 8.415408868178979318e-02
-1.109989183534477314e-02 -7.460326451582115215e-02 1.316983210103655003e-02 -3.219489248657211432e-03 3.403212044845242701e-02 -9.723563284552948216e-03 -5.299435209687444748e-02 6.240103317570790814e-02 4.294992392264700837e-02 5.058856693789995536e-03 -4.914921735891473326e-02 0.000000000000000000e+00 3.914094371590196020e-02 -5.526030468864905065e-02 -7.861312510208058602e-02 -3.217877049331464845e-02 6.276720137467381617e-03 1.310590687477522220e-01 3.483033094599265883e-02 -1.228463380681189682e-01
1.290242184063408737e-02 3.041341089264468570e-02 1.272655381510047652e-02 -3.086260465772377309e-02 7.663401420669372840e-03 -7.709643668985909082e-02 5.124926242046574758e-03 8.652056969252390484e-02 1.292537063897698235e-01 -2.647010246865801400e-02 4.838267670946631849e-02 9.643039041236518838e-02 0.000000000000000000e+00 -8.554047270859237162e-02 -9.896615806052376507e-02 -5.231387242338716298e-02 1.320925132831865002e-02 -2.753002584458529717e-02 2.631246183017325532e-02 -5.817420033961077236e-02
-5.967944290742298319e-02 4.931435255866018635e-02 2.219107883017790162e-02 -1.170033210088086695e-02 2.259891574476716181e-02 -8.733420192499488643e-02 3.222688388400831577e-02 -5.676656622223239489e-03 -1.271930479511177436e-01 -6.682266479115449298e-02 -3.631494946615496794e-02 -5.055146194068074056e-03 -1.144489025798431509e-01 0.000000000000000000e+00 -7.515316797084145573e-02 -9.333567328780435768e-02 2.211246364953277019e-02 -7.023531634499556586e-02 -1.913126186397740708e-02 5.546556432475408666e-02
-1.089007668662401833e-02 -1.705998766615339848e-02 -7.565895593673681828e-03 -4.236520242570614224e-04 -4.450807782753673364e-02 3.421815580408175267e-02 -6.231313806991624349e-02 6.445691215965212995e-02 -4.333860274563994253e-02 4.046989533424183438e-02 3.625823069800351850e-02 4.480149816051093997e-03 -1.020485698933502883e-02 3.960859850822108508e-02 0.000000000000000000e+00 3.915550366214593653e-02 -5.886029025953001814e-02 -2.169946230830910316e-02 -2.462551497371174777e-02 -9.796342129965962889e-03
-1.078499546758640397e-02 -6.584502501221993487e-03 -8.415041979243507086e-04 4.452647551970153467e-02 -4.616698513937668447e-02 7.701352729459588764e-02 -1.038837068030225644e-02 4.119994576625880117e-02 2.367195425910573192e-02 7.368839160381056297e-02 4.555949624392733460e-02 -2.403832870316633882e-02 -8.122211822160721462e-02 7.615842660815431986e-02 4.485482902437307184e-02 0.000000000000000000e+00 1.642295689622913155e-02 5.317055029097664948e-02 2.167976414363521204e-02 3.469073349553897234e-02
4.341508084878599460e-02 3.818416390398981369e-02 5.687964127727630076e-02 -4.066075565189139485e-02 5.699689007401934071e-02 -4.973386056876049656e-03 3.968370372342380770e-02 -8.172567562098083729e-03 -3.243844429437760246e-02 -1.058177240264125338e-02 -1.098388819846932152e-02 4.720659928147986906e-02 1.434300950054830277e-02 -8.883285544823406321e-02 4.269729932429651431e-02 1.186714309651891626e-02 0.000000000000000000e+00 8.248237994927071562e-03 -9.748438114938145702e-03 9.838318051988709234e-02
3.540506339740813468e-02 1.581489324246566214e-02 -8.772253883343456016e-02 -5.309585784620730886e-02 8.318904184438574712e-02 2.285946624809166369e-02 -1.185682579790858782e-01 2.585671203909692406e-02 5.174965944560602077e-02 -6.513058896238024288e-03 -2.437576005291106421e-02 2.923408233579113599e-02 3.980916980391159543e-02 4.670931735861921091e-02 3.385905439575549042e-02 -2.973673500511639107e-03 6.609494637063881295e-02 0.000000000000000000e+00 7.036932677756188581e-02 -4.655570440374252189e-02
7.985269516702891979e-03 -6.212504669594583542e-03 -4.321753027758529209e-02 -5.091342834326783445e-02 1.908400043593668155e-03 8.848423905228262887e-02 -6.263162316455692102e-02 6.717297302433264394e-02 9.257968331545508855e-02 4.338870788892420019e-03 5.150963392085679965e-02 -8.144898976502065735e-02 9.258426593387882042e-02 5.096074745385334448e-02 7.173025829928146579e-02 -5.396451821154034552e-03 -7.560254949744928121e-02 6.337443255021138477e-02 0.000000000000000000e+00 -7.836235114820727654e-02
6.792465854528927094e-02 -4.326631156549601287e-02 -4.989362729277589670e-02 1.051000566871670427e-01 4.403407188070717487e-02 4.934518002580528390e-02 4.243930403446138921e-02 1.419756089275494085e-02 7.123182417937596461e-03 -3.088711904302198635e-02 -3.682195089804091159e-02 -7.057992422293452028e-02 4.441245000573811053e-02 2.020510348028956016e-02 -7.770255420437904327e-03 7.850799618233758603e-02 -4.133306622326287511e-02 2.390496085419138109e-03 6.527189934609829713e-02 0.000000000000000000e+00
