0.000000000000000000e+00 1.786822774603110189e-02 -9.295721237924761335e-03 -3.598393666835302679e-02 -6.248628308676321824e-02 -4.901116152350328166e-03 -3.345314428075440993e-02 8.920311789271552494e-02 -9.829134477142467685e-02 7.396874209454451510e-02 -2.549694386719969855e-02 -1.543232920532226077e-02 1.185153655741925799e-01 -5.658547949060355881e-02 -8.724296944017322086e-03 -7.185176774992055315e-02 8.711605057046178935e-02 -4.674234703736779295e-02 2.657495394554012721e-02 -3.197595379031632074e-02
1.331977108272545118e-01 0.000000000000000000e+00 1.471805653638499911e-01 4.553503788305443556e-02 -1.068254700809155300e-01 -1.117810812257492570e-01 1.327990559505591410e-02 1.717372237011936462e-02 -6.816843262340699372e-02 1.413761008654002560e-01 3.652739766964346185e-02 -1.191826240899485218e-01 9.721926259811575211e-02 2.539883379504260380e-02 3.321501774294981918e-02 -1.584736613675512620e-02 5.943212137582137150e-02 -2.151410853761077241e-02 1.552942778044661895e-02 -9.493772454286711349e-02
1.073843486492618605e-02 -4.535752139407446537e-02 0.000000000000000000e+00 -3.543250188029651443e-02 3.525793460253565884e-03 -3.829639216933827806e-02 -9.689296180107121945e-03 -1.445755692117748487e-02 5.962077253893949789e-03 1.043961836209200134e-01 3.936251732387652941e-02 8.191896810528523365e-02 -5.534454173793783294e-02 8.525056221816117163e-02 7.760909887373468319e-02 -2.285654630914713339e-02 -4.287606999492242499e-02 1.386041634475293320e-02 -1.795258299786300915e-03 5.704933365009742102e-02
2.535334365071247736e-02 -1.543729100891614095e-02 -9.605329425667678833e-02 0.000000000000000000e+00 -4.587359470023314595e-02 4.724170650921855064e-02 2.195219978502288213e-02 3.813854756548814423e-02 3.809433740137054686e-02 -5.851617271857673108e-02 -4.449348240868915283e-02 -1.233062815555564656e-01 7.239156599690095562e-02 3.343501955378144763e-02 3.805554123598911976e-03 -5.486497863599894276e-02 1.146958659440826429e-02 -3.120335101385184745e-02 1.352964712369442851e-03 1.024892311720554533e-01
-2.687425486781454265e-02 -4.274932330876811404e-02 2.584891452206563786e-02 -1.175059059739126319e-02 0.000000000000000000e+00 1.327797880832124085e-02 4.106006245193370707e-02 -5.523866632276529243e-02 3.662075828110106929e-02 -6.725329378340177966e-02 -1.040098951508727221e-01 4.978479976388392944e-03 -6.416073356478169121e-02 2.983658815460145733e-02 -5.380592511473415024e-02 -2.524705003896681940e-03 -5.827368943093221704e-02 -1.453491281268953599e-02 2.636571675995622033e-02 -5.436455291394640815e-03
-1.097034279431302189e-01 2.369298113881597445e-02 4.799505877692678002e-02 -1.247986602290448582e-01 6.761783413204019988e-02 0.000000000000000000e+00 -1.064892803543557830e-02 -2.208680009696982992e-03 9.278353412397701006e-02 -1.363659306704452165e-02 8.954511834851340904e-03 3.617726148944371001e-02 7.791183047350511669e-03 -5.881276575633897358e-02 -1.945594992945192531e-02 1.729145716233867341e-02 -5.261838040012124101e-02 -1.346238047903566132e-02 1.120139290574163199e-02 2.868089211448769833e-03
3.943555266697459233e-02 -3.359561910869458823e-02 4.839634980830034156e-02 -4.204483730581136391e-02 1.070271473576558524e-01 1.166162396276807650e-01 0.000000000000000000e+00 1.700554765364507490e-02 -3.558492929685796308e-02 1.199372060606198817e-02 -9.086525771128579204e-03 8.504785971033846162e-03 -6.248387004393462368e-02 -2.455677367863176933e-02 -1.195494182954303930e-01 8.181052052060824864e-02 -3.883476467652790393e-02 -9.248901841752490971e-02 6.044348779943350264e-02 -1.443666937987994267e-02
9.783085564644888876e-02 -2.569232992118117981e-02 1.328784937599615090e-03 -4.880485092487805293e-02 -2.144336945066672301e-02 -4.752905524178210883e-02 -2.122936943618485006e-02 0.000000000000000000e+00 -2.219140906563119714e-02 8.552405414798575078e-02 -2.127663850780061976e-03 4.786541237310332902e-02 -3.802183912434621560e-02 5.611441030298978255e-02 -5.952424489079075065e-02 -7.354884078878147491e-02 4.833225877381846364e-02 -4.323460903711555565e-03 -1.074590690538910209e-01 -1.696153153221392415e-02
-4.022653446614924549e-02 7.619674086097294116e-03 -2.325060166086284630e-02 7.232945148524090595e-02 1.683187255552439157e-02 -2.658664863193464442e-02 -8.530035798226681676e-02 -7.061643527800197384e-02 0.000000000000000000e+00 -1.683790184322545569e-01 -2.536036231436250999e-03 -8.003554447239664971e-02 6.484370132542763288e-02 -8.789443610628664902e-03 1.268720951752369541e-01 2.768489909297306567e-02 -5.386740301638458239e-02 1.930448369975427654e-03 5.061235624118108622e-02 8.438563798670174754e-02
1.486786123962877647e-02 5.688963277313810463e-02 1.237890348264409079e-01 -3.278914842545937319e-02 -1.002422613929465217e-01 -1.291738110167214293e-01 -1.103598371870668018e-02 1.048051457224045552e-01 -4.180375171264966161e-02 0.000000000000000000e+00 6.085023841954763368e-02 -1.116177379842249046e-01 -6.753072670842336089e-02 6.411732401115893820e-02 4.117885276044363357e-02 -8.031790699700917802e-02 7.195034264468942731e-02 2.783651897549868030e-03 1.949660197986897645e-02 2.799472016431915969e-02
1.109513480522529155e-01 9.618779341720752607e-02 -2.990156881489675067e-02 -2.773603545468049034e-02 -3.268323926824574788e-02 -7.149747594723851463e-02 -4.988763988551929776e-03 3.992145022150184186e-02 2.167783933954951087e-02 1.062821062669048189e-01 0.000000000000000000e+00 -1.305060051523574500e-03 -1.228881918897499481e-01 -1.791596648018645502e-02 -4.785702209484175851e-03 -2.174371021944947191e-02 9.012940879719011714e-03 4.459948975291931454e-03 -2.664839677638381615e-02 -3.982019756084691914e-02
2.036909585094195951e-02 1.003414443852099353e-01 3.716060268256515114e-02 -4.450436508482460973e-02 -1.052767686489860660e-01 -5.790063182767669903e-02 -1.316512372055196785e-02 -4.519243677177764429e-02 -2.690878605437559135e-02 7.584694692836997654e-02 3.334278384722548505e-02 0.000000000000000000e+00 -6.427774737655902321e-03 6.989499443870937634e-02 7.558284503412335265e-02 4.127683942956529572e-02 -2.523120332753680042e-02 -3.751975216689423104e-02 -1.068259522479194333e-02 -2.825197640457384821e-02
-1.251143596925921309e-01 -7.069935437148824886e-02 -7.746964010429420455e-02 2.021449676061698800e-02 7.142643183527029246e-03 7.470975360033810242e-02 -5.796053561062871479e-02 -6.219916306546773715e-02 7.279895688119211727e-02 -3.391522970161673506e-02 8.689791880820563197e-02 1.649998476356715968e-02 0.000000000000000000e+00 -2.115063722202169955e-02 4.501230931025167192e-02 1.291649020891381429e-02 -2.484746602206257260e-02 2.594561073076526517e-02 -1.644248673701200619e-02 5.526086596092751914e-04
4.093845946173878259e-02 6.574265665254322433e-02 3.019284729145128854e-02 9.886225220601051189e-02 3.394012863667190787e-03 -2.317015211168925101e-02 5.023272133471828188e-02 -3.773971156774232061e-02 -7.985750863637058883e-02 2.619629607264186040e-03 -1.267335907361738234e-01 -6.474899065128522646e-02 9.518451608033961977e-04 0.000000000000000000e+00 1.362447135238485131e-02 -1.707422798031344585e-02 -4.498256335586167665e-02 8.085499631548231925e-02 -6.636276890570501005e-03 -9.709520343580092805e-02
7.006172113350229991e-02 2.375711067274980260e-03 4.230869972330832118e-03 4.654413491286240462e-02 -7.640095890558604684e-04 6.412594501580305695e-02 -1.829088360266670210e-02 6.980805190522899883e-02 8.020547809109564164e-02 -8.738293143994477208e-03 -3.982165035731661390e-02 -2.871769701664275351e-02 1.424680999387323288e-01 -8.241850358937244381e-02 0.000000000000000000e+00 -4.403678646877881575e-02 3.842164276468193734e-03 -3.034175914290606138e-02 1.959026242278039814e-02 2.352491439962635725e-02
1.041759518669668066e-01 -8.509746347503554034e-03 -5.107771081346026282e-02 -4.481989577131521851e-02 -1.685849906048147995e-02 -1.118229321887080074e-01 1.934650394246634209e-02 7.421003710030382727e-02 -1.117099708405156627e-01 6.734588928316553869e-02 8.036398725880017357e-02 4.036032075322715934e-02 -1.313044149359227433e-02 -5.976349698701700214e-02 5.572261467111530239e-03 0.000000000000000000e+00 6.442622462353510271e-02 2.083284560193590998e-02 -1.223604245682318424e-02 -3.947353128541997852e-02
-1.990527682127389217e-02 -7.102760365301506729e-02 -5.496653970072030299e-03 8.108842615433939360e-02 3.271852049110417562e-03 -1.200225489327579054e-02 4.072551912462604382e-03 -3.498207577045919781e-02 3.106805375440488751e-02 6.918616027312285074e-03 -2.474869295816784637e-02 -1.325782097686136196e-01 5.358552590323144987e-02 1.776835338113335466e-02 -3.499971894692928409e-02 -7.447656161489051019e-02 0.000000000000000000e+00 7.497696079932972268e-02 -5.166048024485416640e-02 3.774196002316822229e-02
5.873214449836600820e-02 1.359352677553328503e-02 -7.655462843963627140e-02 1.302727525463883707e-01 3.799728925132844770e-02 -3.864100843629033905e-03 2.611005236608313074e-02 4.088107645809527235e-02 -2.689104325984085705e-02 6.648702902159737971e-02 5.937168962047424670e-02 -4.567478452254435800e-02 -1.137371167594995389e-02 3.125600988256961588e-02 -4.657833839450401664e-02 -2.576237558532016789e-02 4.559996198797666711e-02 0.000000000000000000e+00 -2.347587012870154879e-02 2.944340607343890262e-02
-7.652139926454284979e-02 -7.210774433997066413e-02 1.966084150346878723e-01 3.004860558526691386e-02 5.921276062727141160e-02 -1.379133650744206359e-02 6.801695049610777255e-02 -1.738726923424899901e-02 -1.264463191210087045e-01 1.002204582088382506e-01 -1.333370215151116409e-02 -1.600658755825162816e-02 1.278457916971117991e-02 3.159338324713760471e-02 3.304865462115223057e-02 8.524750098719952041e-02 4.666974122845523459e-02 1.111622089722635529e-02 0.000000000000000000e+00 -3.073074686792924039e-03
1.022426082174686043e-02 3.835758146425961163e-02 3.461641176698829897e-02 -2.571222261808729995e-02 -1.391326696344633886e-02 -2.096533275371631477e-02 1.979378066482072665e-02 4.445868867247110973e-02 2.853964202444182058e-02 6.173684870449713813e-02 -3.713844309806843807e-03 6.212954495601649002e-02 4.745044256218158146e-03 -4.364015314483184020e-03 8.164816613523956379e-02 3.759983247000088513e-02 -1.055218365114636847e-01 -6.523641151148076855e-02 4.642165273696408079e-02 0.000000000000000000e+00
