0.000000000000000000e+00 -2.412116367257675226e-02 3.484660310454582716e-02 2.188692127700017295e-02 -2.646472427088434470e-03 5.179387669025926379e-03 -1.442323067040946274e-02 3.184997503884586662e-02 4.341689022610936699e-02 6.622617792333428122e-02 2.279909529370104451e-02 1.054252391306359157e-02 -3.327921567363154726e-02 -4.766721293741935095e-02 6.186376522499514863e-02 -1.474287997313434781e-02 -1.561354330929684564e-02 -5.416875660456441088e-03 -3.946379809746357499e-03 -4.015254672960197335e-02
-5.502428307623081355e-02 0.000000000000000000e+00 -4.659420472027957574e-03 -7.349618122430133516e-02 2.467559128175848132e-02 -5.704446142752871846e-02 4.831789114799799056e-02 -1.660309418427728667e-01 4.533231279958855470e-02 -4.344322828449229817e-02 4.340397083215828504e-03 1.158891870649567668e-01 1.738947169849683894e-01 -3.394159579236869732e-03 1.124278755005753312e-02 -8.430017223660518644e-03 -8.904149358525792479e-02 8.429843609796247583e-02 5.505905371950696979e-03 4.837206748892355912e-02
5.610358246749145607e-03 -6.392866720833392802e-02 0.000000000000000000e+00 -2.012421836511981560e-02 4.046114697680817593e-03 4.260874585777764401e-02 -6.824348510518912780e-02 2.591566051916410068e-02 8.219861975537245957e-02 6.145903130355771099e-02 6.565366040423888105e-02 4.409614459627624744e-02 -1.727413671660793168e-02 7.163225066988619140e-03 3.121459869785345870e-02 -1.299871753367713018e-02 -9.961550428530865919e-02 1.246215184600044101e-01 1.020661185623424365e-03 1.235835976952226294e-02
-1.817831216844864595e-02 -4.117875245855154298e-02 1.553675584343898290e-02 0.000000000000000000e+00 2.097519254214270587e-02 -2.516258731031309481e-02 -7.530724029515636908e-02 -1.705539833465427937e-02 -2.461158713268288972e-02 -7.424254679639323562e-02 1.414733896583908815e-02 -7.159249908461544354e-02 -5.082688783421721035e-02 3.647502450806662522e-02 -2.164061594210836027e-03 4.904951357341328505e-02 6.396732095186262457e-02 3.555605990961234475e-02 -2.207763912559456559e-02 4.055803622328908731e-02
-5.665801677752929991e-03 4.391160271716100516e-02 6.293950151017857486e-06 1.226030633101533179e-02 0.000000000000000000e+00 1.127962653355086761e-02 7.444049480853819067e-02 -1.159038761662828099e-01 -7.664308431496130725e-02 -1.073581591292256361e-03 1.453563170548856191e-02 2.086414204684780213e-02 6.524454817834135500e-02 5.677521437035725621e-02 -5.283953445689032209e-04 2.966927257840456730e-02 1.432989675405404485e-02 -1.742726256885043790e-02 -5.733869480301342220e-02 -3.209424932946845777e-02
-7.260787470254805032e-02 2.730564745943500973e-02 6.607095098709916958e-02 1.085369607704444045e-01 4.104707879243093410e-02 0.000000000000000000e+00 4.619477795850875090e-02 -2.850277116767028010e-02 -4.061359123244998037e-02 -1.670690180337117137e-02 3.687916543727130098e-02 -1.161870113269563298e-01 -7.884497564430521799e-02 3.976838241600965523e-02 4.000242443308230089e-02 1.622077414067018414e-02 -4.730956489317931363e-02 6.855579232280122060e-02 -6.246646015910391897e-02 5.772535784405510850e-02
4.895256684920100410e-02 5.793115941634470467e-02 -9.988551497720159211e-02 9.048295829827920911e-02 2.220588974823480694e-02 1.120667719927842115e-01 0.000000000000000000e+00 1.152464092162304270e-02 -1.959412685343019794e-02 -4.409013684765772378e-02 2.502465196141286791e-02 7.277135504066408085e-03 -8.747176244124678368e-02 5.493255192320498775e-03 1.452609650995711210e-01 1.144521922327274704e-01 1.110211003027073394e-02 2.614665433695581923e-02 -1.199093597699826957e-01 9.105737189388748640e-03
4.920690662766030038e-02 2.473340721577896653e-02 -1.560325893947925226e-03 1.091634903197769013e-02 6.404582930495837656e-02 -8.525276172174073644e-03 -7.292596348953292451e-02 0.000000000000000000e+00 1.706969463783267540e-02 1.267440927578222451e-02 -2.695754144066667135e-02 7.085482271027365719e-02 -7.234930271519464384e-02 -6.390456016327293598e-02 -4.705848955491805791e-02 5.703314212705553471e-02 2.426465943391853744e-02 -5.427069395785391603e-02 4.840039620842113977e-02 -1.284502919016450861e-01
1.535962967650172407e-02 6.122474423987810284e-03 4.836712916840603393e-02 -7.215110832280621778e-02 -1.287200104342404831e-02 3.358994375719608766e-02 2.660757094925936608e-02 1.335830419895838936e-02 0.000000000000000000e+00 8.748782160379101058e-02 1.116997568388681909e-02 1.784493755435642703e-02 7.930400223955605399e-02 9.265172965511788913e-03 -4.252408979659976461e-03 -1.105793761295390670e-01 -2.071660894906288963e-01 -5.973823709268238392e-03 2.974827065830142753e-02 -2.999059907018344906e-02
-1.054848291005281852e-01 -5.387210089484533587e-02 1.635364377339823191e-02 -3.097939178509037314e-02 -7.458550742617846285e-02 -2.390431368872895576e-02 8.472656821026854079e-02 3.690694941678908381e-02 5.504493201809786823e-02 0.000000000000000000e+00 1.355659899338680120e-02 -2.041588898501677310e-02 4.230338223112773549e-02 -4.190678125195573811e-02 -9.663850723405609244e-02 9.322675722456666425e-02 4.378654323550677796e-02 7.565985058289996512e-02 1.959712648472383412e-01 -4.115652864180251169e-02
-1.241589508323087954e-01 -8.206826231014793804e-02 1.099294839532248685e-01 4.353558787020974513e-02 -3.035555833486194496e-02 3.216275871141167225e-02 -3.249580318900410075e-02 -5.196608469827100618e-02 -8.164760240283126802e-02 -7.626303985934206747e-04 0.000000000000000000e+00 -2.207563374491016903e-02 -5.907155376134248185e-04 2.534817369507513796e-02 3.261703309266216627e-02 1.832279091357281574e-03 7.472874832511988696e-02 1.367915726786007001e-02 -1.207159120436759880e-02 7.442844747098008307e-02
-5.699951020900920901e-02 3.387855233451985554e-02 -1.340679592599847494e-02 -9.890953152066893350e-02 3.425008431100235590e-02 1.265066888329598183e-02 -5.232372709916680020e-03 -3.887856483817925951e-02 7.068779812943497276e-02 2.997111586054349366e-02 -4.636856264133345368e-02 0.000000000000000000e+00 5.471477013083263924e-02 -5.113903105633265528e-02 -9.298224580465561584e-04 -1.526089147796551131e-02 -3.309996726734515393e-02 -1.001789196118811794e-02 1.566373387564918077e-02 8.739594344411079352e-02
-3.349519865135403007e-02 1.653076391869401710e-02 -5.693844398385880046e-04 -7.041026493430865840e-02 2.680477199476484149e-02 1.922397587875323763e-02 5.165333473355616239e-02 -1.463152726270855984e-02 3.130730598917606106e-02 3.065277524794823502e-02 3.893001944519036694e-02 1.851793275519321436e-02 0.000000000000000000e+00 9.195424299898138226e-03 -5.572657875158126828e-02 -1.986522362775968928e-02 -1.092313066245422376e-01 -2.103542901498531292e-02 4.848132288465882567e-02 -5.047445368960028211e-02
-1.029509883330741865e-02 5.084796896548871015e-02 1.345014370557387762e-01 -9.933110116426153990e-02 7.578766348123171237e-02 4.237171362548384362e-02 2.870084882019693223e-02 -1.265982613466133944e-01 1.794149176909890994e-02 -3.622434532348958042e-02 2.299841168093989807e-02 7.722176423674667915e-04 1.338480400581032459e-01 0.000000000000000000e+00 -1.089912360062458146e-01 -1.226812016368860059e-01 -1.592293466121614820e-01 -1.712362834855192528e-02 -8.936231721969056796e-04 1.269751578770242362e-01
2.226040141133324782e-02 2.756967061341485808e-02 -3.757569240815196009e-03 -1.441452143556064443e-02 -1.317642147604340805e-03 8.424110539731939629e-02 -7.061486972285599753e-03 4.981604306795947568e-02 2.716825680895633421e-02 -5.724040775268082748e-02 -3.937179745655699798e-04 -2.110093086941877000e-02 -5.193801006555552602e-02 3.577897548926563948e-02 0.000000000000000000e+00 8.884840077145165008e-03 -7.403082407020145084e-02 -2.239918896551182717e-02 -1.110559614765136566e-01 -3.557668605618870272e-02
8.204897153986442796e-04 2.956841327458351217e-03 -8.840297119642674673e-02 -6.828474281535035217e-02 2.624210207002601776e-03 1.475314122067115062e-02 5.882694297459768046e-02 -9.631909262249389869e-02 -2.711868755170162779e-02 -3.400336492418407595e-03 8.838590604766036196e-02 5.681255867972382495e-02 -1.905073151493407932e-02 -4.346494553896178975e-02 6.777900880330880139e-03 0.000000000000000000e+00 8.772372886343408893e-02 -2.064902982914234349e-03 5.761104609942230975e-02 6.906304125598526633e-02
7.425362878524222054e-02 -5.227544200158688176e-02 -1.655628045127652964e-02 5.136746404833852225e-02 -2.899412232367170814e-02 1.919847751506154748e-02 -6.550509709894582200e-02 9.846771916555893678e-02 5.242799989971501373e-02 3.401680971605590496e-03 -4.214963359479452672e-03 -3.223788101968273062e-02 -5.612763859638217334e-02 -1.968157339025717115e-02 -1.953018718611479942e-03 6.403118035535201868e-02 0.000000000000000000e+00 -5.610912735100240939e-02 8.918316710634806993e-03 -5.301827936836444460e-02
-1.180400582662544523e-01 -1.083422258148165126e-04 9.643377769229175001e-03 -1.498846380911291257e-02 4.182280895308367052e-02 -1.513092329993956549e-02 2.324539573805694398e-02 -3.412559176216858198e-02 -4.740117368895394034e-02 -6.531920495780860203e-02 2.105212175079776427e-02 8.947569096362603669e-02 -7.578413289217680870e-02 -1.613825181708299777e-02 4.931265774407753155e-02 -3.968493278265512042e-02 -5.359164112560035886e-02 0.000000000000000000e+00 -1.253508305961248681e-01 1.159916090576362246e-01
-7.919719263840047097e-02 -3.355573159020567436e-02 2.791021154530071158e-02 -8.564589438753961170e-02 1.079859933487702442e-02 -4.559573704067755584e-02 -4.181226677466041985e-02 -2.976150201270805901e-02 7.885085351943513232e-02 2.681162524239423181e-02 4.789309780918783732e-02 -2.830886367995907177e-02 8.510775438097847867e-02 5.537655854801389879e-04 -8.900163001231363447e-02 -4.899402270400692906e-03 2.357699220654801975e-02 4.228014365998900882e-03 0.000000000000000000e+00 -4.703185658799444863e-02
1.661009121884508485e-02 -2.978522873785446543e-02 1.087501211152595328e-02 4.599369669356467155e-02 -1.457678285319913974e-03 -5.625075082525844705e-02 7.036048912481558670e-02 -5.554846660297010907e-02 4.272360801725039181e-02 2.419981401144005197e-04 -1.504955222633674872e-02 3.372554103695744876e-02 -2.332477168000972843e-03 3.135861306332257941e-03 6.682535303037465124e-02 -2.850940639189711648e-02 4.036214641557017702e-02 2.394085277913468937e-02 -7.090783252911740664e-02 0.000000000000000000e+00
