0.000000000000000000e+00 6.801763629671200330e-03 -4.634777331376387088e-02 -2.895433441481944092e-02 -6.482526909674121707e-02 -1.504032352478732182e-01 -2.549338717582715422e-03 -3.539036960906882801e-02 1.590529450832114944e-02 7.994193696104759383e-02 -3.362219907579310635e-02 3.222088929894701553e-02 -6.021749960133349067e-02 3.192919437198741411e-02 -6.823439257241804834e-02 -4.692438872224787699e-02 -6.650457239095755591e-02 1.716774539418414527e-02 -8.983747880739970798e-03 -8.789961782579129579e-02
-3.534414306295262376e-02 0.000000000000000000e+00 -1.739259648152680082e-02 5.210653703377519930e-02 -8.000247609204391708e-02 9.815266650168884277e-02 -3.529410484249988211e-02 2.694977663424084555e-02 1.163197000620788263e-01 -9.094079327460277695e-02 -2.108669770838011298e-02 -2.694816485410124821e-02 -2.681812516200415483e-02 8.912953820525250370e-02 3.796495757899928138e-03 5.317341234426635477e-02 -5.116361782172085260e-02 -8.201240646524221578e-03 2.197478477828585398e-03 -1.350633792681574241e-02
1.735918416983204052e-02 4.502684453012862492e-02 0.000000000000000000e+00 -3.423445286883684824e-02 -2.896066554092025999e-02 4.808225702970290658e-03 -7.540182047234580964e-02 -1.143845626913176337e-02 8.033972543137353484e-02 -9.654805895805994298e-02 -5.280451401212664896e-03 9.455604258188368694e-02 -3.396969152942661690e-02 -5.003938976049772391e-02 1.311537264551822062e-02 6.363411124105915195e-02 7.289094197519345453e-02 -1.221499529680334789e-01 2.097238068567571292e-02 1.361459557120672619e-02
1.058202832536155567e-02 -4.330043135585393693e-02 3.106497163220890007e-02 0.000000000000000000e+00 -6.024104472358832348e-03 -4.912189090296802119e-03 2.228494798956338202e-02 -9.403413172410605980e-03 -3.195598554982471279e-02 4.587276094985064112e-02 8.639301667761402348e-02 4.663705506246064447e-02 -7.033362017242102311e-03 5.948288953370026166e-02 6.340450965153089646e-02 3.496299842360309912e-02 -1.153461752600091206e-01 1.378472344709908218e-02 1.043338888236154532e-01 7.763436046523870815e-02
-1.671919592313131017e-02 -2.646718306675013149e-02 -3.955559486849621192e-02 3.459613335297409033e-03 0.000000000000000000e+00 2.063649437051717078e-02 3.776138851406453216e-03 -3.363361325390516049e-02 -3.152165729450169540e-02 -1.339066929311092009e-02 -2.827936673503058176e-02 -7.304460176050608933e-02 -9.327753847888149707e-03 -2.821010039496159652e-02 -1.407335431991328135e-02 -3.311450552364780114e-02 2.143278182004312513e-02 1.029904106148139126e-02 -1.246282033980963544e-01 5.843671509144645476e-02
-1.958483482126734468e-02 1.671932661107270596e-02 7.023716489903414351e-02 5.041126237911669472e-02 -7.255801456867153054e-02 0.000000000000000000e+00 -6.556623969108817118e-02 -4.228507569561747170e-02 4.890034957710969604e-02 -1.160329766212277319e-01 7.142671816287315956e-02 -1.294136859030647034e-02 5.731202130749189598e-03 1.201418329645798366e-01 -7.953646438857961409e-02 -6.914142396725772577e-02 9.910192766677660553e-03 -9.810031862394359703e-02 -7.500806665726378157e-03 9.738422594004250135e-04
1.067395974170433012e-02 6.392304787286177785e-03 -1.531656098541557889e-02 -6.894332580933429377e-02 5.832287914663391443e-02 -1.066461014516549982e-01 0.000000000000000000e+00 1.076862784533946377e-01 -2.356522693859924161e-02 8.354152665415885692e-02 -8.320509242203179279e-02 -8.365420937115111699e-02 -1.023324364396509395e-01 -3.066014415125256978e-02 8.404885746537998914e-02 -2.975422480621078836e-02 8.078056016074372861e-03 1.547231459527427799e-01 -2.281675320236435309e-02 -1.473218888962229273e-02
1.463851510964062595e-02 5.151574291781382819e-02 -1.261787106868878655e-03 1.739773277947530977e-02 -1.482212968116177441e-02 -2.052006221270705894e-02 7.871223573305849430e-02 0.000000000000000000e+00 2.188473420204689601e-02 2.196618208789711656e-03 2.017124345125157966e-03 -5.866462003100653827e-02 -5.016046367577893170e-03 2.865822864429389254e-03 3.849011031521341886e-02 -1.733818745326588112e-02 3.229885562332814736e-02 8.329686975321259901e-02 2.769990972987853087e-02 2.986460557660455383e-03
1.347486979793194491e-02 3.675032021850810349e-02 -3.587330352501459131e-03 6.344713825663873819e-02 5.448685410130175988e-02 2.880091215169167801e-02 -1.729923590197958829e-03 6.062354800095906548e-02 0.000000000000000000e+00 -5.486972926873470019e-02 -5.463050919000391609e-02 -5.537567005920584345e-02 4.255755073490443546e-02 3.596977672605557869e-02 4.379330506138001157e-03 3.874896660913552254e-02 5.216429359531801063e-02 -2.702024899473223774e-02 4.088413753561016134e-02 4.015027841110500179e-02
-2.459476215397170609e-02 -5.298513613033572350e-02 -7.246478319536045487e-02 -6.725306780870370094e-02 -1.319904626680810933e-02 9.341961459267151408e-03 1.712067346477843047e-02 8.341531391770737325e-02 -2.184615495466085688e-02 0.000000000000000000e+00 -4.802922901446502607e-02 3.166146804587129104e-02 1.833836076257873773e-02 6.034045859486027868e-02 -6.705880825546971062e-03 -1.561303780241590500e-01 6.182800225511560221e-02 7.584028325993785735e-02 -8.264423885192584418e-02 -3.874871258031052645e-02
4.879502546748446662e-02 9.064932899682043646e-03 7.071405143247967706e-02 3.700222690578423151e-02 1.143387490411057819e-02 -6.840990296080790012e-02 -1.132025518256727335e-02 -1.314046850775007179e-02 -2.227342364842505810e-03 7.410307484473742379e-02 0.000000000000000000e+00 6.251185987409678402e-02 9.764016843468079077e-02 -3.761766232421672601e-02 -4.950416976285779147e-02 6.093700134886445574e-02 8.062260654425924822e-02 8.971265826873792495e-03 1.312472106184432892e-02 -7.512728019440449712e-02
5.104874098333275073e-02 -2.746557444212151602e-02 -9.982919812158339533e-04 -1.287317824990131566e-02 4.470903883900940318e-02 -3.718998085383463242e-02 -3.034647338928723667e-02 -5.876931397996876943e-04 5.484029746463365412e-02 6.785259818488629385e-03 9.089622564647277525e-02 0.000000000000000000e+00 -9.530127674458719125e-03 -1.196660194775289905e-02 -3.293336849116512786e-03 8.080549458627715731e-02 1.100582748679467260e-01 2.193111629027380202e-02 5.027717929394917573e-02 2.884309461870830302e-02
6.985348232233690169e-02 -7.741573969032647384e-02 4.187003757593605463e-02 -2.042494407562894798e-02 4.969779443495162680e-02 4.316699843545358795e-02 -4.590166840135544266e-04 -9.649395800036290882e-02 -4.460950971665608722e-02 -5.349764496463121910e-02 9.216449324860367942e-02 -1.009419127442176545e-02 0.000000000000000000e+00 -3.725579881000623539e-02 -1.508340432985904311e-01 -1.564843205278191110e-02 6.506575268362774223e-02 1.397171300703974328e-01 2.143872286285131851e-02 -4.941684877164952833e-02
-5.904180067613114952e-02 -8.574158873660263358e-02 7.136779380500553327e-02 1.044632796384046582e-02 -1.534305028974094001e-02 -1.252734661491073861e-02 -8.011186845511582277e-02 -8.297420630359012006e-02 -1.138053082145617199e-02 -6.273402043789277731e-03 -4.443654500384557060e-02 8.830628361191490000e-03 7.359596250316680077e-02 0.000000000000000000e+00 1.888632129254222067e-02 -1.567390682820224423e-01 -9.269825201817302740e-02 -2.626041701893794614e-02 6.458333881038280655e-02 3.942341706668882513e-03
5.532782226174164791e-02 2.312105191448314209e-02 4.625406375153319483e-02 1.100109015295865356e-01 2.902855298279922308e-02 -3.044073422698379341e-02 2.735655549637930253e-03 1.852362008880664712e-02 1.907956556793628800e-02 5.607301633689612541e-02 1.926714288701656536e-02 4.935543493053966974e-02 -1.520995878714601589e-02 4.690839633228337940e-02 0.000000000000000000e+00 -8.120967063507091716e-03 -2.524506663470298812e-02 4.208567944282860795e-02 2.780498888930255097e-02 6.242397736376726312e-03
3.480293524878393108e-02 3.434053175784402417e-02 -3.845060683846258237e-02 -5.185087747979661181e-04 -1.689890636729294389e-03 8.384265466445431358e-02 4.104450036469142749e-02 -2.208332817367012271e-02 -4.569125959670029130e-02 7.585114849986418495e-02 -1.062213301302182729e-02 -4.733172171453898375e-02 -3.851441017702848801e-02 8.299103751478462132e-02 4.048677919452531304e-02 0.000000000000000000e+00 -6.329890681695313215e-02 -1.193710154445311138e-02 -4.923481383743652517e-02 -8.231191576843940871e-02
-1.167643631958828823e-02 -2.747699751185709097e-02 -1.276199139151685397e-02 -8.114777292823584232e-02 2.756258381234521354e-02 -2.540056958283468374e-03 6.332864711978507255e-02 2.795089163445503913e-02 -1.524212076829124275e-02 -4.155878561484455808e-02 -1.509470936228266870e-02 -8.448992625578553850e-02 -6.329771517099053169e-02 -2.904370738318937453e-02 -5.527602246293962518e-02 1.353540760813559118e-01 0.000000000000000000e+00 -1.193897670445634718e-01 4.504939109311866668e-02 9.058218338002332545e-03
6.080152574960930555e-03 -2.748870644846635337e-03 -6.667745747242796728e-02 3.379589739772019541e-02 -3.583263971716377227e-02 -6.054287659394114868e-02 -3.085088249122463003e-02 -1.383020158691042681e-02 1.494363751396634091e-02 8.437072672512037352e-02 3.727648551861403176e-02 -1.577707023408026626e-02 4.305194669903573274e-02 2.277637552653496295e-02 -9.229195196122337574e-02 -1.588626416698047106e-01 -1.056007011424242858e-01 0.000000000000000000e+00 -1.806210941217486002e-02 -4.831288577772666071e-03
2.210966367813985839e-02 -2.610689615234055780e-02 -1.495602774080531661e-02 -6.861524485419227826e-02 -5.980482011824839877e-02 -1.504976001328378436e-02 -8.418278856409631972e-03 4.099715420725408982e-02 6.714464043117342185e-02 -2.372002905225909300e-02 -7.102783082031647634e-03 -3.384154872792476815e-02 -2.500769183896080217e-02 -3.529523609470069934e-02 -7.410602196425812582e-02 -8.093067780520561694e-02 -2.327842173446555488e-02 -5.410469103711511296e-02 0.000000000000000000e+00 -2.629259092548514795e-02
1.168625900744273659e-02 1.899841003669098041e-02 4.015022046442407594e-02 -2.828639970833546000e-02 -1.962362539542486864e-02 2.752766515539758260e-03 1.222488481723998793e-01 8.188711439370692513e-02 1.318228335722806781e-02 -2.483531074661051927e-02 -1.311655058760700411e-02 -3.926135362996525241e-02 -6.483947695017028279e-02 -4.960623836817751320e-02 6.358623554103247366e-02 1.241472521727851885e-01 4.059701365600483676e-03 -6.962504123549380364e-02 4.831472755004381087e-02 0.000000000000000000e+00
