0.000000000000000000e+00 -2.756326085455164387e-02 4.677371516744214391e-02 1.149472807926419649e-01 -7.565929365135772022e-02 1.773160805307821917e-03 2.859660878518384755e-02 2.072575384804644857e-02 9.394098878331721622e-03 9.394385029697253919e-02 6.733416512720216685e-02 -1.629349893526473719e-02 -1.360001704388743779e-02 5.280703666690168829e-02 -6.362717890344612992e-02 -8.396232738109923877e-02 8.291038840600570281e-02 6.232178521060417753e-02 5.153593751497573955e-03 6.044824450397467443e-03
-5.145098214484870175e-02 0.000000000000000000e+00 -7.425069751769449063e-03 1.810051754287309370e-02 -1.704529404683078828e-02 -1.949454023694153701e-02 1.236712676078993624e-03 -1.877804728151809266e-02 2.403138187222864444e-02 4.212211520188790387e-02 -9.221866705149800447e-02 7.653999174818608420e-02 -7.194501394564802033e-02 5.819622194232927648e-02 -1.153344696434652483e-01 -3.175876666412834337e-02 5.470094918228788489e-02 -1.802135515487166342e-02 2.830189180028316789e-03 -9.980937711116286137e-03
6.283109877614589944e-02 3.422442033555941898e-02 0.000000000000000000e+00 -1.345280041548111739e-02 6.518304753195819368e-02 3.141842853084178544e-02 4.008807729889281996e-02 -8.685099380442175276e-02 8.750382704994635885e-02 2.052094252691322521e-02 5.563191115121696867e-02 7.174153506857824936e-02 -1.564215741140694352e-02 1.614940477535529995e-02 4.775528960399848255e-02 3.365560831528557895e-02 5.136490659791963925e-02 -2.472344175893167236e-03 -1.453131414492614404e-02 -1.464087152750979427e-02
1.570530976418589228e-02 9.441086783394990467e-02 6.675301052388293854e-02 0.000000000000000000e+00 2.033196389856867931e-02 -2.996804991784988645e-02 -1.104488105692898008e-02 -9.015586824897463269e-02 3.295694470642233920e-02 1.033508190127775499e-02 3.653486134417505138e-02 1.495986124267690686e-03 -5.511514013233719672e-02 1.195436576472415913e-01 -1.065099743668728033e-01 -5.984564349318773763e-02 6.969443793554012945e-02 4.373368262879659407e-02 -5.991092129936344268e-02 -1.091750386259938976e-01
-4.835381470974304402e-02 6.727258445683723109e-02 1.530782273998270576e-02 3.365196912650764149e-02 0.000000000000000000e+00 3.311030558788198574e-02 -1.056840559895133036e-01 -3.097271966865925916e-02 -1.030782245066282632e-01 4.980735399754850079e-02 1.563426538756060996e-02 -8.428774315415295260e-02 -7.464198777715262689e-02 -1.983280098979759310e-03 1.947761640152859824e-02 8.332226523062931378e-02 1.965906692628916971e-02 4.265294974564060038e-02 -5.836941838333953303e-02 -1.365648687695203076e-02
1.093104615318622221e-02 -3.712662808721058083e-02 -6.727184274455011437e-02 -2.625337753110401628e-02 -1.033113608111067144e-02 0.000000000000000000e+00 2.470047131857047371e-02 -1.080306313499617213e-02 2.471662048100042083e-03 2.954906456359805353e-02 -5.624690249125825076e-02 -4.449111992313468933e-02 1.725999331834394968e-01 2.933591288838244965e-02 2.605984067229740950e-02 -5.251250058060575460e-02 -7.244985206740468808e-02 2.512385000521852665e-02 -1.011646207495424665e-01 -8.305732032623228470e-03
1.805369521360059709e-02 -2.776327078067847287e-02 -2.230425032243720657e-02 1.848122400852207289e-02 -9.022808975935997511e-02 -3.852274416970141724e-02 0.000000000000000000e+00 9.352042473685437743e-03 -3.713094118132625326e-02 5.299029664118851514e-04 -4.008453391311499192e-02 -1.721026239006169870e-02 1.075268793663472500e-01 -3.305538211817770494e-02 2.513983134699614500e-02 -9.273584820111023877e-03 6.178062636794534601e-02 -2.193928309885367911e-02 3.158258910495518462e-02 4.553461233713673034e-02
3.778072064063640184e-02 -7.601749411889234531e-02 -5.159601651643650269e-03 7.336001293758043218e-02 -2.524731623688280385e-02 -3.103790200500959520e-03 3.054287954774424427e-02 0.000000000000000000e+00 3.622731644913685517e-02 -5.113116999694387876e-02 2.132622607924982913e-02 -4.266992651838558831e-02 4.457506042100999044e-02 3.779121042428324612e-02 2.453445197739289457e-02 -4.444466011248606428e-03 5.484921818366512818e-03 -4.899586224659127284e-03 -8.253155719963455039e-02 5.096012008710409935e-02
-1.799310980214574585e-02 -1.718523017606446782e-02 -1.114660075273723842e-03 -1.489534681069060520e-02 3.529584599849034526e-02 6.502447210482757700e-03 9.597058655157962581e-02 -1.057291671075411416e-01 0.000000000000000000e+00 -1.749517191361810164e-02 -3.961083232658436926e-02 -5.201185446462409240e-02 2.015922687312755174e-02 7.629974329065561389e-02 2.254459559391571149e-03 -2.430484104432730288e-02 8.852162736335623949e-02 -7.117532276226196108e-02 3.790170138215714218e-02 -6.468894900847231566e-02
-2.713267581132119272e-02 3.299738676362244660e-02 -3.780053513000642545e-02 5.152005115226056947e-02 -1.273669458063909563e-03 -3.555763853184119860e-02 -8.051713158901306622e-02 1.707523203896232078e-01 4.069142298029160276e-02 0.000000000000000000e+00 -1.238007290683159761e-01 8.426406230450751711e-02 1.283388529375976417e-01 9.034668911495553900e-02 3.114724718770228717e-02 -5.932065849347267772e-02 2.716930772955136048e-02 -1.094254937717291237e-01 -1.598645686318630327e-02 3.716901427513422118e-02
-1.412238007436378631e-02 -9.546237031494989728e-03 2.739509270538061092e-02 7.185889759780215991e-02 1.393800055315319239e-02 4.326251634468213786e-02 4.834353984544270677e-02 2.067472352871404032e-02 -3.101916216151578629e-02 7.745322651028775825e-03 0.000000000000000000e+00 -2.483704619424936463e-02 -1.404664779962798149e-01 -6.581681925070548278e-02 -5.512715656954794707e-02 6.730266184524867634e-02 4.836995862818675718e-02 8.217983413572979567e-02 -2.373844242198942453e-02 -8.346880902928180412e-02
5.258057813125704971e-02 2.471387075100659261e-02 -4.759026922942969848e-03 3.768867030566707549e-02 8.811803369223908389e-02 1.468455566444928397e-02 -2.414944206842591697e-03 -2.218447674871788788e-02 1.214730271982234211e-01 -9.118537612254021263e-03 -6.386142001492020603e-02 0.000000000000000000e+00 -1.297975025417414958e-03 -6.538600140125093441e-02 -2.449449618961206318e-02 -7.827002265103776002e-02 -5.868462749621375374e-02 -1.222696767582322486e-01 -5.820338646644002134e-02 5.119829859755660462e-02
2.602115697951848730e-02 4.472749103573114837e-02 -5.486389323751975078e-02 8.565338847637384012e-02 2.617676730550024325e-02 4.152360526523164036e-02 3.116703481242884960e-02 6.182096550346944525e-02 4.533384578070279169e-02 -6.038402508957108755e-02 5.427437735616759407e-02 3.697895764442981487e-02 0.000000000000000000e+00 4.996200237219024232e-02 1.937443886596812090e-02 -7.373558713512988472e-02 1.700126377076561709e-02 -2.736157964592415490e-02 1.686014564917752770e-03 5.834933252045623048e-02
-1.551861763900562463e-02 1.958169221782743788e-02 1.163597962352010406e-01 -3.632312678999240901e-02 5.764328859059514309e-02 1.166535172840776555e-02 -2.654988764234438026e-02 -3.371783324609899102e-02 -1.994623637658919299e-02 -6.561584425521833908e-02 4.341916074388799812e-02 -4.413297524896344498e-02 -7.190982032391453338e-02 0.000000000000000000e+00 3.508320066431391132e-02 6.503159934771976514e-02 2.038963941920778414e-02 -4.120642590519653370e-02 -1.947832435904372356e-02 -2.391807950772211963e-02
2.960299810856534958e-02 -3.803539614124135798e-02 3.150928286650366006e-02 -9.441508273657811534e-02 1.770084506420407239e-02 -2.253448719939909334e-02 2.460484840749490795e-02 2.215283530940854659e-02 4.366138851368381313e-02 -1.572072286602557364e-02 5.815385148723583447e-02 4.022312353712647823e-03 -2.708917881617592047e-02 2.383429427275056411e-02 0.000000000000000000e+00 5.995600179292057824e-02 2.846048038843370168e-02 -4.190796905637322184e-02 -5.616011844789593060e-02 -2.001358069143224089e-02
-4.357509047795181389e-02 -5.764875122505470212e-02 -2.082727576088960753e-02 -3.164685276638104505e-02 -1.671361768952632151e-02 8.031481562676191788e-02 -4.965202145223254065e-02 -2.381073280362535835e-02 -1.409110979386893727e-03 -2.607573679643859776e-02 -6.719185701830649934e-03 3.482271441544949192e-02 1.597120236995931697e-02 -2.568459241023610812e-02 2.316459333089257444e-02 0.000000000000000000e+00 -1.018261697206724811e-02 -6.270380230056669946e-02 -1.595956673662316319e-02 -5.303977442418159050e-03
3.917180822455247624e-02 3.832984569048056983e-02 -3.599143369275258769e-02 6.618744392848507907e-02 -6.349607436673843086e-02 1.522171936784937236e-02 -1.541919921254855490e-02 2.680353704151904048e-02 1.944635051647177317e-03 -2.712217571214753375e-02 -5.389491139463534891e-02 -7.630272397740977749e-03 3.767006342867068591e-02 5.058704321040986135e-02 -3.956689369404130935e-02 -6.890151356564021279e-02 0.000000000000000000e+00 9.617834770358244662e-03 4.827240353974449061e-02 -1.363438034939985222e-01
1.822482913217659400e-02 -1.049495412889719752e-02 -5.827671699762291494e-04 -9.228787945043659402e-02 1.499136478371162345e-02 -2.754936073363648203e-04 4.271905143712661362e-02 -1.714504835500877886e-02 -3.011245995955051657e-02 6.084616251593951558e-02 2.622121953787135210e-02 -1.313009848646677913e-01 -9.065898584831499907e-02 -8.392531522907168903e-03 5.861168617944442077e-02 1.395997769841864772e-02 1.008619134569081616e-01 0.000000000000000000e+00 -3.065935281400766418e-02 3.579307700105617551e-02
-1.762183332487503654e-02 6.397011922200560030e-03 -3.618086041462737629e-02 -3.279045855488439687e-02 1.823908190998651960e-03 2.622029614944018996e-02 2.870808221805421553e-03 -1.848179840841107646e-02 -2.954347099279215454e-03 -6.488388038400449802e-03 -3.589357523457165772e-02 2.829881170983810507e-02 2.539130124257235263e-02 -6.336470065288387840e-03 7.607712685868790736e-02 -6.022738065044905276e-02 2.456645249936565290e-03 3.601482408039205756e-03 0.000000000000000000e+00 3.977020086304552254e-02
-3.821642826435887180e-02 6.335081830929222002e-02 4.349184078859797548e-02 -3.905106524561590547e-02 6.757313698508785049e-02 1.038116477424663731e-02 -9.532675813449053778e-03 -7.587723401061365058e-02 -3.216128565061211059e-02 -2.857462740546680771e-02 1.019208410587493369e-01 -1.616581236501282715e-02 5.628617091261579712e-03 -2.007611322675133605e-02 -7.082275573020841569e-03 4.755779554869042983e-03 3.342031222803431428e-02 -6.354850727611340011e-02 -8.501966264304461687e-03 0.000000000000000000e+00
