0.000000000000000000e+00 5.786948332008947510e-02 4.695128601123372408e-02 -8.440846995407193243e-02 -5.914767513294011403e-02 -8.593146692894165772e-02 9.429353736887341464e-02 -2.174165546873632268e-02 1.463501956484653324e-02 6.649927858682080917e-02 -2.346523745073966771e-02 -4.057893477573117254e-03 -3.113463230371109336e-02 3.823454658128569439e-02 -5.101718232568793615e-02 1.993015147839238485e-02 4.294111965350520810e-02 -1.991895291746801147e-02 3.890813568139378509e-02 -5.407339405644282643e-02
-8.814583149003127338e-02 0.000000000000000000e+00 -3.344694525080032371e-02 -8.843736884585388924e-02 -2.837322953475746035e-02 8.967619197094127415e-02 -6.807885639316904602e-02 7.099419279078109622e-03 -6.059728966568998787e-02 -1.936111240400821207e-02 2.112176304921819375e-02 3.844726526117541593e-02 3.322841792146162543e-02 1.639654455174138770e-02 3.405316469676622493e-02 -5.747391118023471336e-03 -3.628973826162952554e-02 -1.791598508722035688e-01 -2.036794726393241495e-02 -3.385153011094494541e-02
-3.129327582531989810e-02 -9.993465205334081669e-02 0.000000000000000000e+00 -6.173139220291967016e-02 4.485469047932269526e-02 -2.278421948347780779e-02 1.105058446703997659e-02 4.337163410068082398e-02 9.941946031373145864e-02 7.156710538547150779e-02 3.597288565566370000e-02 7.468601376846492612e-02 2.648851776816898290e-02 -4.368353377957120628e-03 -2.470660424815028164e-02 7.741944500112398278e-03 4.308098716533900058e-02 2.934452116136839275e-02 1.278096621597500475e-02 -1.647810376752426031e-02
5.534767881884105484e-02 2.380075212907275736e-02 4.993781146603878431e-03 0.000000000000000000e+00 -3.611542581913019753e-04 -1.160026256552994517e-01 1.882466103610992356e-02 -4.581568202691433528e-02 1.073669902397896003e-01 8.675477743483504811e-02 -1.040172941682983125e-02 -4.195510657281972811e-02 -4.034874948808826051e-02 1.929480825772340868e-02 -4.684685743351681142e-02 1.135399356441957053e-01 -7.497364714186809109e-02 -3.756467390915061572e-02 -4.754480080737881476e-02 -9.524418769831835552e-02
1.378991121749682455e-02 -3.199008109323731031e-02 5.950970390462803628e-02 9.069381016956609351e-03 0.000000000000000000e+00 -5.516033896698507161e-02 -1.380451599413694101e-02 5.345027016446952245e-02 -3.425386391800170315e-03 7.981234352822554404e-03 -7.006279950470895024e-02 7.470769320779538369e-02 -1.121277930569973685e-01 2.936419587807160420e-02 -7.790333093519370179e-03 4.847417438635509557e-03 1.271142597800759347e-02 6.656271746998181082e-02 5.262655480722478081e-03 -7.836083946461354366e-02
8.137457955442750634e-02 -4.080099715123954029e-02 7.570076499753329580e-02 -6.583628289371584730e-02 3.337460259451666134e-02 0.000000000000000000e+00 2.161248903155019684e-03 6.536912676585433790e-02 -1.327775883657275335e-01 -2.158818226778226601e-02 -2.887702130033557510e-02 3.131868683607389597e-02 -5.156317190473241885e-02 -8.483465183551154587e-02 1.505086846257425517e-02 -8.158430406487050812e-02 7.801243673490587671e-02 1.785418608635213483e-02 4.120215821523561840e-03 6.633715124507717775e-02
6.908147133099620807e-02 -6.094026467154661092e-02 -7.956956946025962873e-02 7.718508420945735526e-02 1.142652875969183135e-01 -7.476684355670340509e-02 0.000000000000000000e+00 -5.367789621772589559e-02 2.063361666936679596e-03 1.709169996344870601e-01 -2.914630679902822930e-02 -2.775996111493934937e-02 -1.079496166864296093e-02 -9.034238696821601800e-02 8.974644261132935091e-03 1.134841846728885106e-01 9.727682768330729590e-02 -2.635763498415105710e-02 -4.519766286878944272e-02 1.336387456375649936e-02
3.955232801020192382e-03 -7.819354329027410067e-03 -1.593004580799614253e-02 2.030588516558047216e-02 -1.118129672531491476e-03 -5.852557582925888534e-03 -1.802609442795669731e-02 0.000000000000000000e+00 -6.202422689054278709e-02 -9.064746229852292669e-02 -1.119571442144995654e-01 2.872108483287813194e-02 6.796280627482949310e-02 5.648979156240867966e-02 -1.694180894305953242e-02 -4.598901361122040288e-02 -2.363846626718915656e-02 -3.414984446566368681e-02 1.628092521002173429e-02 -3.029700021609354338e-02
2.859157547666458729e-02 1.503511067547065724e-03 -3.168186444741120933e-02 9.689318002595311008e-02 -5.083946168528697546e-02 -5.980678326533194616e-02 -2.542615860168060890e-02 -3.356197566873871801e-02 0.000000000000000000e+00 7.045294880332607932e-04 -4.558665963133010784e-03 8.616980432805432548e-04 9.341656061675984724e-02 3.342528348269752786e-02 -1.948005219133425864e-02 4.624788090206035512e-02 -6.450690771975733928e-02 1.086522650827859982e-01 6.207816179502775172e-02 -2.844691927956304739e-02
3.391958994600229038e-02 -1.088303359884797011e-01 3.445858115053665460e-02 -9.583063941860540252e-03 -2.191783179182238590e-04 -4.951380636878961738e-02 7.230844609771820697e-02 -2.770857862648747408e-02 8.117132606386603944e-02 0.000000000000000000e+00 -1.042212913609689845e-01 -1.685257071532614628e-02 8.719645780649923350e-02 -1.060527483651827196e-01 -7.185468907618360046e-02 4.082486955433153181e-02 -9.248228817909095317e-03 -1.915359047658706784e-03 -1.907595840099907819e-02 9.617231119092227790e-03
-3.840924062549817223e-03 5.475787558054337478e-02 -1.062626715855819887e-01 7.243733606355549914e-02 1.610715155339987117e-02 2.088524547618761124e-03 3.340149885343209057e-02 -3.941634960710959507e-02 -5.794904587848489358e-02 8.908293695663821454e-02 0.000000000000000000e+00 -7.739798415461447700e-02 1.758029455196928256e-02 -1.701988112162197003e-02 4.281125971501567595e-02 6.922979803771162153e-04 -4.404176043882856995e-02 -8.866825413293562275e-02 -8.302129802110680412e-02 2.074191504551000514e-02
-2.098742663750455327e-04 5.011569202012072788e-02 5.355878469905274442e-02 -5.806616297661117143e-02 1.181349330597109004e-01 9.344599057189914570e-03 -9.264265524969926557e-02 7.018931306258716085e-02 -1.721309422005272427e-02 -3.665620762592672333e-02 -2.513051013445346746e-02 0.000000000000000000e+00 -8.356817881673385406e-02 2.808429662436117986e-03 1.780084841794978912e-03 4.901212178102829636e-02 -4.514153222748730487e-02 -2.812536405815664955e-02 8.710665333815705014e-02 9.678251417179971686e-03
-1.216255644595587784e-02 -2.685249363014459087e-02 5.310637969596433694e-02 -1.705625967752090119e-02 2.141475870635014926e-03 2.325435263776071560e-03 -8.451725195550300121e-03 5.434044152818563039e-02 -2.714552710459940815e-02 -1.058652622508754332e-01 -1.380527622921797447e-02 1.129942120350897576e-02 0.000000000000000000e+00 -3.173770491625003271e-02 -6.534674402074848454e-02 1.083505175345699997e-02 4.275957879210242479e-02 -8.930299797360956304e-02 -9.203643063588524270e-03 -5.691825110384346464e-02
1.692932578793572909e-02 3.615136418621021919e-02 -9.737590509668878069e-02 7.892058172058298571e-02 -5.255563169046901031e-03 -7.564586015477019719e-03 -4.199180670301128071e-02 -6.109352005505207933e-02 -1.599870881075791951e-02 -1.119845366092135641e-01 1.158809417595011437e-01 -7.419283531284143196e-02 -3.951104601186788967e-02 0.000000000000000000e+00 2.408705638704755278e-02 7.133796939659535485e-02 -1.587216862000121465e-01 2.484196474094507376e-02 -8.667797303190255542e-03 5.637675174504330755e-02
5.072140089869395935e-02 -8.140373691347588259e-02 -5.820927218393930069e-02 9.536323922396412744e-02 5.128628756338207001e-02 -5.364338685085556779e-02 3.654461021659034109e-02 -4.888597661613528628e-02 6.964162156211173293e-02 -1.111558396676276886e-02 -4.219584508419170488e-02 -8.194041256993351077e-03 -2.524006857379397853e-02 3.908051742060704437e-02 0.000000000000000000e+00 7.510640007983894646e-03 1.232687200646406800e-01 9.224263324271274322e-02 -1.034167209651762863e-02 9.090774271433879963e-03
-5.025024162393643135e-02 4.118718349105762039e-02 -1.521096528483807837e-02 6.552630967590310218e-02 4.579092865100669457e-02 3.626896371780038292e-02 4.882660553748739002e-02 3.685095670812724156e-02 9.782402910669583951e-02 3.487454666526190045e-02 2.495286824466954982e-03 -9.567809174403341110e-02 -1.469231905888637203e-03 -5.200562772065386863e-02 2.047276341417996262e-02 0.000000000000000000e+00 3.713432132127241631e-02 -5.940450424618066994e-02 5.507411296653746263e-02 8.900806940755514110e-03
1.488125219371295126e-02 -6.162663583781787663e-02 8.412609087164259897e-03 3.262283260143721692e-02 4.183848018252074585e-02 -5.167854407984143889e-02 -1.270090326247055867e-02 -4.096132884594461121e-02 2.486111765275596588e-02 -2.108884265752958287e-02 2.358766920100131056e-03 -2.424235778352613890e-02 2.903163314873966061e-02 5.674655551639101736e-02 2.726098450445409160e-02 -5.973824886827472369e-02 0.000000000000000000e+00 6.050623631865643948e-02 -3.454237583272262713e-03 1.344656403153232996e-02
7.554313215767760603e-02 2.647047454529149330e-02 4.893750634995662485e-02 7.394840202716403132e-02 4.152026696738472800e-02 -2.513140845168128270e-03 3.616794413519219126e-02 1.757545724040126753e-02 5.113968505642503548e-02 1.923671477897844276e-02 2.090085547251307671e-02 -1.130951117968756123e-02 -1.551165548696385905e-02 3.589839580461745561e-02 -1.328279570878669949e-02 -2.085314739205024019e-03 -5.419462751808877196e-03 0.000000000000000000e+00 -1.847061702952648363e-02 6.519652021761236649e-02
8.898298111628882151e-03 -5.989982644134252826e-02 1.379600261770360103e-01 -1.267767362992196743e-02 1.118359215671344831e-01 2.128453691064004574e-02 1.522428581142092410e-02 -2.863165416924830925e-02 3.432258217042076683e-03 -2.861753731953556659e-02 6.944749963832871908e-02 1.508783229472515468e-02 -2.112757405386985615e-02 1.170721672825790066e-01 -5.228088373438415787e-02 -5.215180019335552419e-02 -4.216738423712238643e-02 5.822016053653600309e-02 0.000000000000000000e+00 -1.621611429876427049e-02
4.946675539802206784e-02 -3.968336159022112231e-02 2.624305441491726378e-03 -7.950953469963575881e-02 -5.967109728979323735e-02 6.586935426242916669e-02 7.832562176566372492e-02 5.144395828051399194e-02 1.515021163947343624e-02 -1.543374566270469261e-01 -1.711587689515746760e-02 -8.909864570988694499e-02 1.140587669036099462e-02 1.229346283835423305e-02 6.498715597455745341e-02 5.023136824944555295e-02 1.092476138760847953e-01 4.640604455106762255e-02 1.103843417479748457e-01 0.000000000000000000e+00
