0.000000000000000000e+00 -2.707606133972461845e-02 -9.580363306231935369e-03 -1.418173558446888805e-01 -1.340363189932582480e-02 -1.080050422296865292e-02 -4.840867482653705631e-03 7.241270977175732863e-03 2.512199580066202045e-02 -5.925883334217284248e-02 -4.825948986283263437e-02 -4.087970346957722767e-02 3.503461933855104432e-02 3.691845625695634042e-02 -6.914524680710983084e-02 -5.902130255068298303e-02 5.312140927132025237e-02 7.282843874104062698e-02 4.458070725727163001e-03 -7.320536488909384215e-03
5.081928460538091136e-02 0.000000000000000000e+00 3.851781653429819929e-02 6.895279827110112336e-02 5.451376123237638982e-02 -2.053439710022163939e-02 4.113567252587546630e-02 -2.265105336143917111e-02 -1.886705930700167955e-02 -5.197737988353409722e-02 -1.760280711192492922e-02 -1.591402102988610789e-02 3.347205790357714317e-02 -1.434197691657555784e-02 5.294372648849732070e-03 6.537257266513418416e-03 3.420555943501529805e-02 7.478307447429929922e-02 -8.696616112550237254e-02 7.108160063140261942e-02
1.000881539645572318e-02 -7.939098740001136745e-02 0.000000000000000000e+00 2.277892571174294604e-03 3.872010697973846116e-02 -5.989592693518145522e-02 6.508087206128024011e-04 -5.880596242571397084e-03 -1.075359112160325092e-01 -5.890079333716716214e-02 2.068308659924198920e-02 4.159879465249727293e-02 7.430950683803932977e-02 4.112635430967402639e-02 3.320922416081026340e-02 3.166521687586337959e-03 4.980946569052436407e-02 -6.065552606731108159e-02 8.476493904916357000e-03 1.504660984988340222e-02
-8.790792712417548616e-02 5.617321030846208346e-02 -1.467475853965480304e-02 0.000000000000000000e+00 1.083749664116422234e-01 -4.101011644514051396e-02 -4.680544475247682551e-02 8.430276760630625588e-02 -8.041142514214992543e-02 2.907135850242142244e-03 1.331180212980650340e-02 3.290973545205098244e-02 4.677881163473262410e-02 5.977995490776284032e-04 8.461278876155708950e-02 5.063088649699561822e-02 -7.368843414473602929e-03 -3.834873763118721440e-02 -5.152455229972526668e-02 -1.061485915478694864e-01
3.122470124068474698e-02 -9.282074193112889449e-02 3.978288002422881997e-02 8.523062309109943890e-02 0.000000000000000000e+00 -4.815104125857626316e-02 -3.024436155986040542e-02 4.909663322143020120e-02 -7.208914397346145864e-02 -7.303457405650253149e-03 -3.433790879480718566e-02 -2.085929315658413899e-02 5.861805444331310427e-02 -4.015075004538089243e-02 2.180802412764727000e-02 2.040187279147884919e-02 4.975909086261829511e-02 -7.524676169221168609e-02 6.184994978551788120e-02 1.845929475533650624e-02
4.418055914456104488e-02 2.383839073114910403e-02 -8.573352316571113130e-02 -4.481504869606711683e-02 3.714252176605394029e-02 0.000000000000000000e+00 3.019221068053824786e-02 9.628071754603349797e-02 1.282025166098524349e-01 5.543428618539598431e-03 9.025410919522373898e-02 -1.139468991480872689e-01 -1.209105769003719910e-01 3.748978086554435527e-03 -6.135951721679841486e-02 5.889806048158662682e-02 4.054657337385336041e-02 1.678684968338342576e-02 1.713924918281396759e-02 -7.891908300101510912e-03
-9.625246446555563162e-02 1.656751419008904019e-02 5.189068430241228734e-03 9.363736428962703140e-02 -5.165873398139156358e-02 1.380263609433514914e-02 0.000000000000000000e+00 1.564211738564800017e-02 9.072119086486943318e-02 3.261149383977663546e-02 -3.053752473606698159e-02 9.726230891135192319e-03 3.052081797098480168e-02 -6.819600509512796505e-02 -8.750359663033254257e-03 9.835301446226449307e-02 3.677440825428625326e-02 -4.898605358451752542e-04 -4.309032907194462053e-02 1.468593420107915277e-02
-9.850727414733813359e-02 5.870997440059209233e-02 2.425538343676647904e-02 1.732907864099112946e-02 -6.146705844456786666e-02 -4.263924997674752027e-02 2.124428554700291683e-02 0.000000000000000000e+00 -2.811191381116753124e-02 1.729391217266195921e-02 2.919343690982590875e-02 -2.885786736098023761e-02 -6.504603305643550694e-03 -6.789693365144662540e-02 -6.462562266076685158e-02 4.807732230979377963e-02 2.165630037696829671e-02 2.386505408882353546e-02 -7.283018606042022947e-02 -3.530771623560124278e-02
-2.265838803747141986e-02 -2.519506597598761624e-02 8.870265869476019185e-04 -3.410696886421665797e-02 1.486771951795420703e-02 7.912746337242893002e-02 6.214870337421101593e-02 8.756209273449891417e-02 0.000000000000000000e+00 4.365443427709872481e-02 -1.260240023331271261e-02 2.095356388424890470e-02 -2.335744840542978984e-02 -4.670439270724048575e-02 -5.494946196810469169e-02 4.931268584967225116e-02 2.574683261716099666e-02 9.587164158869117964e-03 -4.603939833243086976e-02 1.929305863560597592e-02
-9.635775500155861761e-02 6.538086778715469782e-02 -7.310607308771433117e-03 3.206952308719553113e-02 1.832171686465190394e-02 -8.231564361125968954e-02 -6.636016379013526256e-02 -4.676129748810190292e-03 5.419061512035822786e-02 0.000000000000000000e+00 -4.317399017183400078e-02 1.124782000534318635e-02 -7.298630452684100323e-02 -1.066178067810790164e-01 -2.888983661206334652e-02 -2.825472877542508157e-03 -5.759069612090961590e-03 7.958897069370537980e-02 -1.713167049218383350e-02 4.092820355735501958e-02
1.144722426998955045e-01 7.012662924688103927e-02 -6.376626457368038403e-02 -2.178276991801341572e-02 5.878239722985456606e-02 -6.284744864692015653e-02 -7.388914410980870762e-02 -7.678008895730546735e-02 -8.945547945295033443e-02 -8.291366752131135165e-02 0.000000000000000000e+00 4.444026865618681127e-02 1.124224373425575102e-01 2.160453372593896387e-02 -8.398662806152082383e-02 -3.781641821173421791e-02 -8.473028172926860835e-03 7.968614178697513983e-03 1.169339242432111681e-02 -6.694170868173772437e-02
5.098403195239069319e-02 -9.321387826486078609e-02 -5.500877322567788996e-02 -1.892366091036127781e-02 2.427472374000035071e-02 8.275256269451411462e-02 -1.226555928159922260e-01 3.343710328512587010e-02 2.815612643644914079e-02 -2.004047255711839323e-02 5.718783736657902933e-02 0.000000000000000000e+00 5.249201867260807654e-03 4.910350964374154276e-02 -5.304094845106097772e-02 -3.865632776791685238e-02 -1.970465144978342069e-03 -5.253555367236204671e-02 7.827045962913736776e-02 -1.238854716700306217e-02
7.958989801762707261e-02 7.452094009537264807e-02 1.430646180122220439e-02 -2.733302463305911298e-02 -4.822372337757322575e-02 -5.495236078955166581e-02 -2.584647271103814384e-02 -5.919666276002661341e-03 -5.265121221096927956e-02 3.138422601740843438e-03 1.414225069851264734e-02 -4.758041017811086119e-03 0.000000000000000000e+00 9.106992816189087014e-02 8.650589165876838849e-02 -5.873962764840387485e-02 -2.872964551529745211e-02 7.575444745459848986e-03 -3.037747843194174222e-02 5.501349166386274719e-02
1.811288496705665968e-02 5.674210882917780224e-02 9.608534959182894741e-02 -5.603882122861615980e-03 3.760663976158437746e-04 8.949825800106498211e-03 3.649111763383382223e-02 -5.921888606298354556e-03 3.883862116028984762e-02 6.497634375115793337e-02 5.337537582672343545e-02 4.536625677384491934e-02 -2.622085840543278770e-02 0.000000000000000000e+00 4.442149419848374220e-02 1.280720007252279281e-02 -6.474058713774469287e-02 -9.821354190516317154e-03 -3.886734777398528212e-02 -9.711164914919165336e-02
-3.718100749929138110e-02 -2.510340208866950265e-02 -2.455412113705344318e-02 5.561081955007546318e-02 1.811277956484754273e-02 2.487695352598935997e-02 -2.068477362022741461e-02 1.522963916818556585e-02 1.838565806976500891e-02 1.039175106357748818e-01 2.154706205576226510e-02 1.114755900438202801e-01 -3.250450906414551616e-02 3.761391560175879334e-02 0.000000000000000000e+00 -6.300160285733204246e-02 -1.551939287015834390e-01 7.667082880870597361e-02 -5.660963334034110894e-02 -9.375608122670014977e-02
5.758848835983071835e-04 2.450924390952191612e-02 -9.715196913948030699e-03 -3.791413257154201133e-02 -7.408188924064595948e-02 3.203202078189522350e-02 -4.464491765150124108e-02 7.523357891019572842e-03 3.359663419939618728e-02 4.244772463609775698e-02 4.949142589208932637e-03 -2.125741215504288809e-02 -2.471313199408782871e-02 -9.265428229151860540e-02 -5.307200609822800008e-02 0.000000000000000000e+00 -4.247585369922329823e-02 1.934611349014191822e-02 -1.315230690790450234e-02 9.354627698605595676e-02
4.729885273317453731e-02 -1.001463760344508402e-01 1.004334176453853394e-02 -7.439757953132457302e-02 -4.935615802103205003e-03 7.401528794104285901e-03 6.466894809700159119e-02 2.802498539648579784e-02 6.049313596750012512e-02 -1.118371773037101641e-02 -1.205642015717137278e-01 -7.387334055259307808e-02 -4.690067000587665180e-02 -4.351776051332112427e-02 -6.250240140389808075e-02 9.102651917304004081e-02 0.000000000000000000e+00 5.787728627486204980e-02 -7.537927407866381116e-03 1.089791444885318261e-01
-2.635088391902629112e-02 2.603872576804434555e-02 -5.057363681238054992e-02 2.620001120190741314e-02 8.355687742874150226e-02 -9.700189168452899580e-02 -4.090873608689815644e-02 4.848083741461051404e-04 -4.844954240938263712e-02 -8.435945336644287695e-02 4.117875185511567226e-02 2.973759287869874070e-03 9.990716904087247607e-02 2.148335135548977079e-02 -4.882392440142350326e-02 -2.034882190161632631e-02 7.745774568608072841e-02 0.000000000000000000e+00 -1.881826392530430020e-02 4.168893140834691730e-02
5.390949817580422548e-02 5.157446095203505748e-02 -7.981062082890454101e-02 9.776083670426700956e-02 8.912177095671833596e-03 -3.225965068520888525e-03 1.278884690585829591e-02 -1.468453031385208961e-02 -4.320080717450634766e-02 -2.027696826367263866e-02 4.603053098175120122e-02 -7.353460654393531581e-02 -1.275934550472867524e-01 7.736545106561671867e-03 2.287545843109453983e-03 5.959239988066018096e-02 8.547408399433213677e-02 -1.470973318726371930e-02 0.000000000000000000e+00 3.353034813234937687e-03
8.472694223445284556e-02 3.953616398392330311e-02 -3.390481661790312878e-02 -7.402701091336402750e-02 -2.659655830391648504e-02 -6.640638527331049756e-02 5.670772932370250069e-02 -4.379013490878955889e-02 -1.231008936416600787e-02 -5.018629194689162853e-02 4.508664330274965437e-02 1.333121953006980755e-02 -5.210055580626364591e-03 2.282083580989601942e-02 -2.717808897013192226e-02 2.817686480719999026e-02 6.263119078721889055e-02 4.922463327120971122e-03 2.050087411591628578e-02 0.000000000000000000e+00
