0.000000000000000000e+00 -1.685873794159053335e-02 -4.021129467134590407e-02 6.273407748336264078e-02 -9.262002679055778009e-02 -2.185536696778093632e-02 1.328392708484858464e-01 9.942424453567178660e-03 4.125643274705668301e-02 4.822354867827531588e-02 3.170649629141628761e-02 2.892535175347386855e-02 2.857779599355888406e-02 4.831224148522103579e-02 -5.263379588065158349e-02 -1.577972780546380016e-02 9.048798084934720756e-04 2.982622099892055789e-02 -3.564111397007460602e-02 -7.470376601480023526e-02
4.809388176714436865e-03 0.000000000000000000e+00 6.652379917453303364e-03 8.125402239132184512e-02 5.358609956157319582e-02 3.145029585117054688e-02 9.320323760227602894e-02 -4.502353982524155002e-02 -7.838706398433707701e-02 8.743087327378995521e-02 1.193765493554542825e-02 -1.734442404085602407e-02 -6.302352246239509292e-02 -3.400750642855440709e-02 -1.002709766077863607e-01 1.908978631863859562e-02 -6.649319444478002383e-02 -4.700938314822455943e-02 1.537856592247706898e-02 -3.170797624957712862e-02
3.679100010291799783e-02 4.479263019281329306e-02 0.000000000000000000e+00 -3.033413023808402553e-02 7.014323216151214374e-03 2.074046042712191645e-02 7.904094369283201638e-03 4.611893993395954627e-02 -3.006125953689204808e-02 3.838506845974117704e-02 -3.671889556687443074e-02 2.927835396451765673e-03 -8.542997606796338961e-03 -5.822005893378807972e-02 -6.328842842141296776e-02 -8.579569701969437523e-02 8.391026559937106444e-02 -1.352547788309775169e-05 1.214259013741486315e-01 -5.855085980189567163e-02
2.287813579823397281e-02 7.954677336053745870e-03 6.266082185615291789e-02 0.000000000000000000e+00 7.479307318067245081e-02 -6.204356048094977760e-02 2.629263655563790839e-02 -1.676499914823938175e-02 -9.060523802588912878e-02 1.929854141984655228e-02 -8.994734628949248301e-02 1.719740412025149226e-02 2.499388596122545034e-02 -8.175728541664224747e-02 -1.559833480856170906e-01 1.530817501341445036e-02 5.831127777339728535e-02 -1.935489495901077800e-02 8.737644556657930828e-02 -2.138198441816533540e-02
1.139128978479332470e-02 5.513273479843126823e-02 -2.758288810103375066e-02 5.322807446217985711e-02 0.000000000000000000e+00 2.601975929033557150e-02 -5.014935560599924000e-03 -1.381078034463731861e-02 -8.661139683559830604e-02 3.237553680375712672e-02 4.686211077288816862e-02 -7.031829990102558825e-02 -4.172276367909969613e-02 -6.687237407242317688e-02 -1.379143469116628218e-01 3.228445254816113968e-02 -9.241854620938336207e-02 -2.269684740746662557e-02 5.431153050170531293e-02 7.286373172637254647e-02
-1.383202207408031417e-02 -3.756007086046132121e-02 2.725868322000350209e-03 -1.177924790788531240e-01 -8.670029074099879982e-03 0.000000000000000000e+00 2.209302894561939942e-02 -4.119849597740202207e-02 3.659707480725756662e-02 1.230637915269371108e-02 -7.157709922738706571e-03 6.615556066133913837e-02 -9.277965241214296277e-02 -1.044140208513765974e-02 4.251977344308586343e-02 -5.625779129817493063e-02 -3.235235121415431375e-02 -1.410990637241120449e-01 -1.214271736947188235e-01 -3.250645485469050300e-02
-1.587199559813601973e-02 -2.266746367100550344e-02 -3.239285783151996112e-02 2.380713940244300400e-02 5.582677217277191850e-02 2.532503518397558051e-02 0.000000000000000000e+00 -4.300981851363031711e-02 -4.615453909134168559e-02 -2.939433593979654327e-02 1.843497562783629751e-01 -3.423039816632063304e-03 1.576540345001603907e-02 1.758647389142809284e-02 1.398694539683414603e-02 -3.940000462142380388e-04 6.514611628652033914e-02 3.709185024565004457e-02 -1.251377593604629558e-02 1.733807128127807379e-02
1.462020407853959446e-02 -2.079580625943359615e-02 -4.938109101890280489e-02 5.398438567464058230e-02 2.876589792353111130e-02 3.260618450274961611e-02 8.427752018085135979e-03 0.000000000000000000e+00 -8.687172536067776230e-02 -1.303739744357306982e-02 -3.732990944733059063e-02 3.574600420664808802e-03 -4.103849513938906401e-02 7.468633779953684493e-02 -8.064506461547360505e-02 1.399112174895838362e-02 -6.604947346906343830e-02 -7.471875299821692518e-02 -5.300652079578446751e-02 9.243756172763548801e-03
-8.368471055863592120e-03 4.166261248911288378e-02 -1.386954208023276520e-02 -1.645950916058151021e-04 7.544749588029991960e-02 -1.306878144677659295e-02 9.325189132248663804e-02 8.626339311039922519e-02 0.000000000000000000e+00 -5.145819518491368677e-02 5.737120052191155284e-02 6.244977311685728089e-02 -2.464098172484502358e-02 -6.586977649838922366e-02 -2.385024959867831917e-02 -1.034396944556088306e-02 1.474123706328429699e-02 4.236681208166132723e-02 -7.102389480756111928e-02 9.097496886397974172e-03
-1.128698172564440161e-01 -4.331966891358296490e-02 4.107634602521892386e-02 4.021362725796841925e-02 -8.997088956324427941e-03 1.254223030514682313e-01 3.226565715824959019e-02 3.038284530329435351e-02 -6.649188604513229508e-04 0.000000000000000000e+00 9.508164631618541696e-02 5.763742175953358998e-02 -1.400581845716106777e-01 1.052318960479333709e-01 -2.770955587195214273e-02 -7.191913810999824019e-03 4.317064536482390774e-02 -6.583217201490730586e-02 -5.824817565960957455e-02 -7.934458977640213018e-02
7.590056417860192861e-02 -1.830900174236908123e-02 2.010705909860353944e-03 7.365131352972024981e-02 4.424693834163457434e-02 4.251505125250248929e-02 8.581718451055748986e-02 6.165992658391285242e-02 -1.455665212588698812e-02 -5.702415655924561455e-02 0.000000000000000000e+00 -8.071147590392099835e-02 1.932291263509703164e-02 2.883709429003877139e-02 8.334217720242881322e-02 4.424566448547951475e-02 -5.002354298921145304e-02 1.400787595477236414e-01 -5.515523593037439248e-02 2.903868158195462013e-02
-5.881290493714472212e-02 -5.393654605651358042e-02 -3.857796428223937008e-02 -2.725103068843692453e-02 8.243049346099826091e-02 2.632329585247241213e-02 -9.059800873280308975e-02 4.321311305956947700e-03 -2.273998750398109614e-02 2.659510885927391169e-02 -5.245190504051013003e-02 0.000000000000000000e+00 -1.126859485215894185e-01 1.404342397685211089e-04 -1.426567166395760478e-01 -3.285895451882896862e-02 6.572518818349068481e-03 -1.127873888452143453e-01 -1.755913888260149935e-01 6.019855665975071962e-02
6.760320275129930168e-02 3.549120323472808314e-02 -3.846918169619020084e-02 9.889546419601174046e-03 2.897490756087780020e-03 -5.435064516203463175e-02 -4.137481104783831062e-03 4.900876088873325556e-03 -1.412174964976321279e-01 1.089935628896560732e-02 2.386125323732587317e-02 -2.612228268595676375e-02 0.000000000000000000e+00 -3.142948793742177810e-02 -9.379421115291897149e-02 -2.107597439301255732e-02 5.639669288178255496e-03 6.342978648580162304e-02 4.379993889718244993e-02 3.462217869778925344e-02
1.206994160701759921e-03 -2.136503756815570296e-02 9.461561246580249551e-03 7.776244557128422774e-02 -1.322409671854100389e-02 -3.538476779426684687e-03 -8.646189511347600332e-02 -7.659056348555577654e-02 5.893492445587974332e-02 -1.602889859258815539e-02 3.779057089717077246e-03 -4.369290368480705650e-02 3.107564294456780993e-02 0.000000000000000000e+00 6.498774178018666692e-02 -8.814814580389257470e-02 -7.662760563871522101e-02 1.526105390786785913e-02 -6.224445614977727054e-02 6.623136787910491319e-02
1.879840025279408411e-02 -4.138744389476743668e-02 2.196889796720305835e-02 3.845528047834753920e-03 5.395965820907738797e-02 -6.033672253577701495e-04 -1.186480113312542856e-02 6.400951595715957676e-02 -3.030099731281572263e-03 -5.659991937166990866e-02 2.155272466858438110e-02 -9.056896034200971612e-02 9.362895811678845215e-02 9.486264965377903813e-02 0.000000000000000000e+00 -1.253717604900181359e-02 1.686579018103781871e-02 2.045029737501122963e-02 5.681062892989140883e-02 2.273614452610441677e-02
4.516417755747344047e-03 -4.945534157681688581e-02 1.094534863723814130e-02 7.116159627993898229e-02 2.527797682926365488e-02 -1.446473196526295441e-03 1.005113327705026982e-01 -3.592678780363557645e-02 1.244562816453895042e-02 -5.310265100216486622e-02 -2.015872266928620676e-02 -1.891460431666291964e-02 2.673057811583458981e-02 -2.938046933976310240e-02 2.687492520058951465e-02 0.000000000000000000e+00 -3.573561753554058140e-02 2.346831487028655516e-02 3.924839838215258420e-02 -2.900309769981703270e-02
-3.953615032196469009e-02 -8.214998379254476180e-02 2.759316541559593116e-03 -4.976314764215052089e-02 -4.751756093207397391e-02 4.159643827498308438e-02 -1.594678657467093683e-02 9.160368126405386835e-02 -1.829980101745648166e-02 -1.226162665543144986e-02 7.455870155131259780e-02 4.066173535773690007e-02 1.235422094755796694e-02 8.250660411277668804e-02 8.266435956964780785e-02 -9.573949375924868058e-04 0.000000000000000000e+00 -5.273266673699116003e-03 -4.768948729720237645e-02 -7.168776573367205418e-02
-1.013123676059315449e-02 -1.483273005134093728e-02 -1.756833530649535083e-02 2.367198086203395162e-03 3.800878537537713542e-02 4.197183991499240513e-02 1.718187010850313542e-02 -3.578405691862614896e-02 2.433853822356260577e-02 -1.603333925094835299e-02 3.596060173622330630e-02 -1.448261544384590307e-03 -1.595093548807508671e-02 -6.557025454822691668e-02 6.608998157318031474e-03 -8.994184566692254440e-03 -3.789805942911161213e-02 0.000000000000000000e+00 6.626225082628067753e-02 -1.305591829906983629e-02
-1.011081525937756152e-02 -7.019717658571476837e-02 5.367456174027141619e-02 4.769655040229301562e-02 3.119170657259826961e-03 -4.506463483322136615e-02 1.012207675246683605e-02 2.109816914608101876e-02 -6.390245088052240452e-02 -1.626557512470847289e-01 1.579010495181261062e-02 4.421977405941663643e-03 7.136088540122055568e-02 -7.104383488385090928e-02 -6.771268062677089639e-02 1.306235141832575164e-01 4.305662001586620102e-02 -4.043494267996578656e-02 0.000000000000000000e+00 -4.437353435320617878e-02
5.098947690725262605e-02 1.023369714390731308e-02 1.112606418031187108e-02 1.871812618600685388e-02 9.766010653737150493e-02 -5.912322826434278020e-03 -4.573088202346754089e-02 -3.710457184049132610e-03 -8.239971142094658363e-02 -1.582294630178771033e-02 4.358903593869064945e-04 4.464171477015681927e-02 -3.517510966510074832e-02 6.223090155026579640e-02 -1.000068718661708926e-03 1.775315498358137623e-02 -2.410996136489321207e-02 5.522428893355216944e-02 2.994796413592569831e-02 0.000000000000000000e+00
