0.000000000000000000e+00 6.435710683325202019e-02 -9.748626028807109989e-02 -6.515153581007929184e-02 -1.340171637010680594e-01 1.388063769816499371e-01 7.350238278024989746e-02 1.425795833544329649e-01 6.452191408948285134e-02 5.172036268354359562e-02 -4.966162732227141080e-02 1.079321769589857982e-01 -3.523622058451277711e-02 -5.616126186383997576e-02 -9.042692807597881022e-02 -3.500729749840386651e-02 1.530020434479636114e-02 -6.305915486392425773e-02 -1.018811056470464091e-02 -4.465214059276388647e-02
4.949779297643253084e-02 0.000000000000000000e+00 -4.295003497245762289e-03 1.627016033013936949e-02 -1.005282316483934596e-01 -1.511063016081718759e-02 3.979991956515405160e-02 5.671402357749732309e-02 2.260910937623864317e-02 -3.900417088144179228e-02 7.394348043672401005e-02 8.458214611467482907e-03 4.757570386179906332e-04 1.232866338808816069e-03 -4.065093947422675907e-02 -4.710353470220930705e-02 4.003673820059941435e-02 -8.758158063327330101e-02 -2.077757577505838157e-02 -2.397177310537567177e-02
-8.138215672141170531e-02 2.899829273296059343e-02 0.000000000000000000e+00 -1.109391135215453614e-02 -1.200919196020141383e-02 1.350675604042362275e-02 7.474734303004235136e-02 2.910288073135056455e-02 -1.905780949203861319e-01 4.776838170170034231e-02 -1.019786279256846839e-01 -1.473376494218908150e-01 3.355866945330607948e-02 -7.970494946881268028e-02 8.287980208812191496e-02 4.420017370106803928e-02 -4.667421470705911124e-02 -1.182840335900715717e-01 -2.871283587538347656e-02 5.645664615689160309e-02
7.896124711368215227e-03 1.041335073710821096e-01 2.718208039262258111e-03 0.000000000000000000e+00 -2.650910343315423037e-02 2.372772531070553234e-02 2.540287269584818805e-02 -9.487820574293262532e-02 1.296213187956361257e-01 1.318091812302191537e-02 2.750212956353958321e-02 9.233894199911753253e-02 -6.323787140707204770e-04 4.463577648064841891e-02 9.869062806716729502e-03 -7.061961365887003961e-02 8.796964732125003850e-02 3.109164585400490607e-02 -2.588456605593733237e-02 4.160290673316703602e-02
3.976063570497390121e-02 -5.539405237038329266e-02 -6.482635149390565503e-03 4.930352076229629421e-04 0.000000000000000000e+00 6.808028970201073816e-03 5.354163035359751910e-02 -7.516237844315276639e-02 -1.043688072505669084e-02 -1.412977631965343754e-02 -1.657362567659350847e-02 -4.882631925295628089e-02 -1.350126786623305208e-01 1.768160069821683375e-02 1.314064801231334401e-01 6.265334166947077177e-02 2.307907966330017061e-02 1.528954655236483828e-01 -1.495299433877289759e-02 1.176252354846699794e-02
1.932159424462946001e-02 -1.838278827208986036e-03 8.862010227937719073e-03 -2.340937706182337139e-02 4.643597872068632977e-04 0.000000000000000000e+00 -7.962113557151014043e-02 -2.101724261308602053e-03 6.075665327903653073e-02 1.332158840297715252e-01 -9.122041977430653259e-02 1.409705871744928139e-02 1.076682481113887535e-01 -3.647682237937146382e-02 -1.190307432476753668e-03 7.923230962164057312e-02 -4.821576262134483204e-02 -1.440365000263381726e-02 -3.929003161515913500e-02 -9.597522201775436634e-02
-1.201543867158963441e-01 5.581192719844615957e-02 9.119066357279086155e-02 7.486136748584626584e-03 7.039174491340489601e-03 -2.663705940614249836e-04 0.000000000000000000e+00 -8.332205981870345612e-02 -8.135929792734290789e-02 3.222070380730188838e-02 -3.899901279321732472e-02 -1.227793585453799963e-01 -3.658472226164030672e-02 2.990568698023469627e-02 -5.262221510613730724e-02 7.764547089427183135e-02 1.707257604248412636e-02 -4.862621137732384829e-02 -4.885409390209358160e-03 8.127142987480125841e-03
5.143662687033605588e-03 3.636834970332002148e-02 7.594384285697608483e-02 5.249905073569929165e-02 -3.831394979501041159e-02 -1.722651626359609708e-02 -3.003236040994645278e-02 0.000000000000000000e+00 2.154761151327951735e-02 -1.386537356702202684e-01 6.530824337170513041e-03 -3.963678896296040852e-03 -2.072826645031102671e-02 -8.781867055086572948e-02 -2.267609903557269227e-02 -6.185462068098406679e-02 7.944863792795669316e-03 -1.468547950429995030e-01 -1.614475433755790251e-02 2.885527922838288309e-02
-1.393284410621591432e-02 -4.484750383147016739e-02 4.009774990654869919e-02 1.414745628504951447e-01 2.792465107202718802e-02 1.184331276178002441e-02 -1.447196845543173441e-03 1.221218587005642661e-02 0.000000000000000000e+00 -4.362820610130069970e-02 -5.090849624195579494e-03 6.786387404237122223e-02 -5.311909950178483886e-02 3.566182531551962548e-02 7.784974866953744965e-02 4.025960970980532044e-02 1.792798811918201382e-02 9.917724971008425039e-02 4.527868559838845591e-02 2.512426219221855495e-02
-1.068559479436591436e-01 -1.880029352767059736e-02 5.555430483573321754e-02 -2.397561380535243383e-02 3.101357890844888901e-02 7.434599735043947999e-02 -1.618029196364917377e-02 2.324725081631710648e-03 -6.265156396541925188e-02 0.000000000000000000e+00 5.007252471144275213e-02 -7.397068948427429347e-02 1.039094487967431452e-01 -6.649978321919988722e-02 -1.126345374451864431e-02 8.048820335999590236e-02 -1.140151234581762152e-01 3.805935411823201109e-02 -7.134756261563239554e-02 -7.163906897684106656e-02
2.026629957614292394e-03 -1.791066039900464021e-02 -1.852551754154435106e-03 -1.219758149670175512e-02 -9.989482008206602981e-03 -6.504093803999243251e-02 3.609055230112382523e-02 -1.068222490932080188e-01 2.094135316910021236e-02 2.569186410996507006e-02 0.000000000000000000e+00 7.412902429843344632e-02 -8.263180067175247834e-02 3.625030317977182004e-02 -5.383580999806964612e-02 -1.277891197612453927e-02 2.604915243921325854e-02 4.478448197085212190e-02 4.571867821953971844e-02 4.697835737359888457e-03
-4.566164478079680171e-03 -4.360242574007482108e-02 -3.084917575589527297e-02 1.949526559553698898e-02 -5.282565581634236090e-02 -3.850999285530857380e-02 3.061898294139708127e-02 -1.095882281552491670e-02 -2.312898998210218687e-02 1.142356973450774082e-02 6.594169595202757639e-02 0.000000000000000000e+00 -6.675923331169579533e-02 -5.517635718364511874e-03 -6.571923134319271331e-02 -1.640681404097511439e-02 -2.750564423943441250e-02 -4.105927304659412469e-02 6.303122451864339761e-03 9.398710999500677760e-03
-4.737218153700780560e-02 3.372556187944174277e-02 5.923813330866688209e-02 -2.354993679004492926e-02 5.334499525278347219e-03 6.762544212195696625e-02 -4.650979868503555409e-02 -5.815887860291653333e-02 -3.965200431038982259e-02 1.817667391443340830e-02 3.031736042673956188e-02 -2.481025299333509352e-03 0.000000000000000000e+00 5.093739840556735232e-02 4.965315454810752954e-02 -3.994945324928677460e-02 2.141170858570266150e-02 -3.849253675916588374e-02 -3.637783000018546264e-02 -4.558979229174223158e-02
7.858763685237543650e-02 -2.501650538956907630e-02 -1.155144415802371663e-02 9.857365153911027897e-03 -8.063857042712815892e-02 -1.447656878538943967e-02 -1.720207206244855208e-02 1.165712215483251379e-01 -7.480489679148158433e-02 -2.694252828735511918e-02 -1.206040112946406805e-02 9.332876417334415439e-04 8.266604329801553741e-02 0.000000000000000000e+00 -4.221392924659653906e-02 1.514218633585581383e-02 7.800809882858149302e-02 -1.033389417281336958e-01 4.788800659984878555e-02 3.869818405266724215e-02
-1.793264820295222342e-02 -1.403705470653548136e-02 3.193828216000591663e-02 1.596205031682757999e-02 -6.453268064883463384e-02 -3.568752310203598260e-02 1.135753164628051232e-01 -5.918268333350228810e-02 -1.371789389218344701e-01 2.161951682659216806e-02 -1.277258429560847370e-04 7.051584514100382554e-03 -1.133821909133321190e-02 1.186518085400731781e-01 0.000000000000000000e+00 -1.455143038901365350e-02 8.296652920392752484e-02 -3.491906774713127853e-02 -1.204027617089049040e-01 3.854200245480732950e-02
2.674158991332075200e-02 -3.490139831718151037e-02 4.158115745018210740e-02 5.872856199820313677e-02 -3.724522420265940353e-02 -8.325750764959065353e-02 -6.563673083404693298e-02 2.518150266524552677e-02 -5.571704503768359212e-02 -2.114792276833658835e-02 -1.602761852357418026e-01 1.023221454043149806e-02 -5.972078128606948810e-02 -1.812637754559668843e-02 1.358810316948249886e-01 0.000000000000000000e+00 5.773709420227893241e-02 9.780619951009466434e-03 1.660829940258578413e-02 3.838903286184329466e-02
-1.133493361114007447e-02 4.287614754912556086e-02 -5.366887681736313281e-02 -3.006117999900453572e-02 1.872063053332697832e-02 1.634630052515507678e-02 8.400521867865927417e-02 1.435882475757077267e-02 2.625905850867769789e-04 8.065445985092982092e-03 -4.134880205055590369e-02 4.838131671846115922e-02 -1.115936449006149286e-02 2.319668213763304704e-02 -5.900642783058282492e-02 -4.073006148244342345e-02 0.000000000000000000e+00 -1.913120091995806557e-02 2.371965254545331178e-02 -3.033393914403902103e-02
1.417890539040782549e-01 -4.443793492733015549e-03 -9.476582487000979882e-02 -4.980349108507648413e-03 3.244124952641624232e-02 3.033794534826278477e-02 -2.903165471940019962e-02 2.965475287642581337e-02 4.697204092872721976e-02 6.641615710310376508e-02 -1.294774451019843446e-02 9.298200220474921174e-02 -3.562197221005879155e-02 8.577697007228987647e-02 -2.738886111754022107e-02 -5.031481041026136802e-02 -1.950243062500274863e-02 0.000000000000000000e+00 3.773313240107717403e-02 4.406840357199409003e-02
4.482034700787120712e-02 -5.488091442206644022e-02 1.411891998587447121e-02 6.278001465264014015e-03 -1.969656874557179291e-02 -5.254198252976354649e-02 -5.556920511883933766e-02 1.309829186655694921e-01 -2.910598417650533953e-02 -1.280624144819694776e-01 -4.109059691712319690e-02 6.371703424321435716e-02 -1.271518643848253659e-02 -5.178080418149541564e-02 7.798639049931409273e-02 8.547022172887448754e-02 -5.630137897816731019e-02 -3.036774286217537241e-02 0.000000000000000000e+00 8.558266970586805855e-02
2.257080774953437383e-02 6.628452400812727408e-02 -6.423154710447868954e-02 7.153064083759597125e-02 -6.346115617215544735e-02 -1.106012517609006873e-01 2.337946254937440030e-02 9.294230785750511644e-04 -3.359726772543873002e-02 -5.071341221391864607e-02 4.921516132499575980e-02 -7.021489516130395049e-03 -3.425571912017204290e-02 5.115055691837000484e-02 -2.917209240726345793e-04 -7.637342450228429280e-02 2.498003559323406716e-02 -4.838926939232632285e-02 7.943050280654581283e-03 0.000000000000000000e+00
