0.000000000000000000e+00 4.821655474140911640e-02 1.541664459110284047e-02 -1.026192313272186185e-01 6.516895315306041672e-03 2.222017809712166503e-02 -1.178101620903980809e-02 4.333700084997552408e-04 5.606235029498137651e-03 -4.846577636330036409e-02 -2.709190071207964387e-02 2.607860169845654247e-02 7.541296251483287083e-02 5.224907737923425305e-02 4.515089511526013295e-03 -3.732076988024331937e-02 -3.929829692219709292e-02 -9.426162203951701790e-02 7.939733979556490295e-02 -7.106592412869901232e-02
-6.415741022550409955e-02 0.000000000000000000e+00 6.415133388270179149e-02 4.979999990930673165e-03 -5.337841521918423870e-02 -1.208980856471867683e-02 2.001529801315979698e-02 -1.653749207972715282e-02 -2.972762820618794419e-02 -2.825124283911552639e-02 4.980926428140353135e-02 1.294470162034891680e-01 -4.416685020517940180e-02 -3.840389113623284695e-02 -9.097851823242128879e-04 -1.157352601592136765e-01 -4.004726355442803087e-02 -2.534941283323038919e-02 3.766879419004415946e-02 -2.933287110558500943e-02
-7.349751618861451175e-02 5.847369203105082930e-02 0.000000000000000000e+00 -7.107236766121242943e-02 -2.750913874211807775e-02 2.871832214372124076e-02 -3.590796104654066928e-02 3.491995503603701617e-02 -1.014473977976001196e-01 -2.416458327336153816e-02 1.005010873142015981e-01 2.791568834267205146e-02 7.990586697319373988e-02 5.634624802441065561e-02 7.308728995487902280e-02 -7.959099118057229305e-02 5.247069188093011344e-02 -1.166280449494323385e-01 -2.253088279100106187e-03 -1.043818758025969462e-01
8.259649245808454998e-02 8.668551027191669089e-02 -1.680530718618096844e-02 0.000000000000000000e+00 -7.009658527074827394e-02 -1.209967431064297785e-02 -3.091288963947122492e-02 -4.460836326619632003e-02 2.896847988222286258e-02 1.157563512242579667e-01 -5.052086554079485148e-02 2.868073586271462430e-02 -1.711331262913819498e-02 1.135458397154698040e-01 3.956533325939922546e-02 1.267377329945392102e-02 6.098318935117288953e-02 -1.212293272837393528e-02 -6.504176955913108793e-02 5.952096398600492666e-02
-6.981781769531775206e-02 -6.232057804131749951e-03 1.690397502619224793e-02 -2.435452350374030933e-02 0.000000000000000000e+00 2.941311032699217218e-02 8.308441195528712755e-03 -5.213529793848316329e-02 -1.807329530582968136e-01 -6.254908856656962723e-02 -3.632434078037960479e-02 -2.225346034610906423e-02 -6.755403481422454781e-02 1.594825818360742775e-02 -3.452835157394628512e-02 2.304022672872392194e-02 7.435527880261087741e-02 -3.858980707829291756e-02 -4.755224015290361594e-02 1.018884991977326016e-01
5.764223651670285359e-02 -7.325278066594777260e-02 -1.787354072409615136e-02 3.094109053846483964e-02 4.842659370527520324e-02 0.000000000000000000e+00 -4.610584168114479492e-02 -4.138275929290094468e-02 1.334436955959464322e-02 1.675324825633413978e-02 -4.792716717026217904e-02 -3.631099766640902976e-02 -3.236872820095382242e-02 6.334553142900858913e-02 -4.077117803810650226e-02 4.113013810852651775e-02 6.782816054620566248e-02 1.303694724809367420e-02 -5.751361730483629808e-02 8.121282002552659973e-02
-4.886082050213596401e-02 -7.537627532796025917e-04 -1.866885166040332250e-02 -7.443046705970056409e-02 4.794684745813397597e-02 5.685420153808809496e-02 0.000000000000000000e+00 5.610937107659351789e-03 -3.048631002751174546e-02 -5.102315734446735002e-02 4.235499883112068056e-03 9.930499037576119570e-02 4.626190697627770299e-02 -4.157666117768463870e-02 3.457410246177251845e-02 -2.339658477172647938e-02 -5.327818723705355503e-02 4.442170190458055029e-02 -1.585455968146621750e-02 -7.741579955531836810e-02
-3.935649822751006999e-02 -1.223215636892719532e-02 -1.740113693323443525e-02 7.088329983121649525e-02 -4.385040530145375287e-02 2.256752240420152947e-02 -6.573326123756837239e-03 0.000000000000000000e+00 4.641282825848763727e-02 4.294206855386852734e-02 -5.091138158745023984e-02 5.847914702879151994e-02 -8.136964696531803765e-02 -3.886834818235231775e-03 2.174551500921838992e-02 3.069687066001955053e-02 -2.055321749953812130e-02 1.190862787081656271e-02 -3.163139913077138432e-02 5.307412479052193294e-02
-6.404753777122888792e-02 -7.117770177887792864e-03 -1.604075455143495407e-02 -6.668970751033194422e-02 1.349062903850138662e-01 5.362445820908498702e-03 -5.838790146173059026e-02 5.146390120726802853e-02 0.000000000000000000e+00 -8.447404163924438630e-03 2.910587068280596698e-02 -3.431665757704910336e-02 -5.370380636968109106e-02 -4.805714383159673253e-02 -2.135353061937324964e-02 -6.475874177996451819e-02 -4.767096412276415618e-02 1.740795653821308742e-02 4.290097382391961506e-02 7.315963462247451754e-02
1.209873863361138335e-01 4.774565638031700449e-02 -2.682753212458324332e-03 -2.068038466225433428e-02 -1.038119792168123445e-01 -8.447691602200027572e-02 -4.247535465858669895e-02 1.871054998349135079e-02 6.444416780566715464e-02 0.000000000000000000e+00 -3.035623878086144214e-02 -9.371909486315499471e-02 2.311696419410457642e-02 2.380019492466774189e-02 8.372392828146260971e-03 -7.894612310124292376e-02 6.522707911828612426e-02 5.398349723049250537e-02 2.506286740936162355e-02 -4.404138326136480125e-02
-1.202870656384404796e-02 1.626530728600483061e-02 -3.680030200961618373e-03 4.385936038793662034e-02 4.766503315375432426e-02 9.163043494263635458e-02 2.365123749752148438e-02 -3.496931113120782270e-03 1.778934818906627996e-02 -2.478833442575022888e-02 0.000000000000000000e+00 9.363834189014476339e-02 -1.080012433441395782e-02 1.196616614169910553e-01 3.663935288124270211e-04 5.808353872335835118e-03 6.980271252392321324e-02 -1.874910044544622970e-02 9.673532544325883289e-03 -1.537463176302208620e-02
7.584648742582726470e-03 -6.615048900838800365e-03 -2.015978079934657025e-02 9.514609011014350803e-02 2.203993660953619538e-02 1.175286737533087489e-01 -1.430885759764394249e-01 -6.351941403072334895e-03 5.044548996380323475e-02 2.220362980544626427e-02 6.859791205263612857e-02 0.000000000000000000e+00 -2.466469922429666631e-02 4.368953799621866363e-02 1.297888968087144990e-01 1.278802631808381328e-03 4.020973719969505450e-02 -3.936177055251342816e-02 1.184352276769835323e-02 -1.644662709161658423e-02
-4.247348302163067579e-02 1.474092270469922750e-01 5.166704535549776489e-02 1.988666886987673979e-02 5.409267863195932335e-02 8.950689331689432038e-02 5.478296391894946910e-02 9.906077707591363912e-02 4.606131710205278729e-02 -5.177364825477995258e-03 8.677607437925488609e-02 -7.355774765217995559e-02 0.000000000000000000e+00 6.217410404120265500e-03 -6.591623294811402300e-02 -2.583532945882870482e-02 -2.354962702822565451e-02 -1.937338182774606815e-02 1.314009646543753407e-01 4.179344492111511378e-02
-1.244509848627207331e-03 1.038261883522419299e-01 8.022712475971941967e-03 5.685504201507109168e-02 2.577176362515150657e-02 1.153521767919315211e-01 -6.037490621619994585e-02 6.647576693206144749e-02 1.513092118471003229e-02 -4.662844785913939499e-02 7.724595334805724189e-02 -4.915124975538288921e-02 7.164945333658329085e-02 0.000000000000000000e+00 5.586833476437876381e-03 -1.238461043913777031e-02 6.306955735531794005e-02 -1.216668448955250115e-01 2.489851753375805013e-02 1.875193423503310154e-03
1.839219530585184392e-02 -6.975026954753971251e-04 2.416770408101402354e-02 -7.094536279798191458e-02 9.233843884016330883e-02 1.069411202749747103e-01 9.621286150894278380e-06 -1.006059646158021653e-02 4.736373062922956769e-04 3.768776547358933943e-02 8.661719349588714589e-02 -6.173586493509953393e-02 -4.283091921843092814e-02 -4.563801609421472977e-02 0.000000000000000000e+00 -9.137533438619874215e-02 5.306692472087446572e-02 -2.985987012522794970e-02 6.980571754825902475e-02 6.129499374776389148e-02
-1.557486611458801240e-02 -3.144917496838092047e-02 -3.612560190182603076e-02 7.742850535342074569e-02 -7.344489706352755332e-02 -7.103496637947347148e-02 -8.175035670140573876e-03 3.485148946721689650e-02 -5.667450579746385539e-03 1.064459356381258770e-01 7.362197284836877187e-03 1.770015106812829545e-02 -2.600029400500659255e-02 4.617660340092495826e-03 6.973767889055367160e-03 0.000000000000000000e+00 2.768044369330350044e-02 -7.618625691954278301e-02 -1.298593779827107546e-02 -8.571707492069124967e-02
9.632135260385027431e-02 6.607668469928144883e-02 5.355664579263012121e-02 1.686714364616613560e-02 -6.489015586321417173e-02 -8.484490020685131473e-02 -5.884161739342157540e-03 5.704531452919078122e-02 2.200869040104630123e-02 1.868905982148973827e-02 4.878565067789927129e-02 -5.604448450940830578e-02 5.567505680295749271e-02 1.046451088786710254e-01 -2.278400590099169745e-02 -1.132656506628353238e-01 0.000000000000000000e+00 -3.814904511588822211e-02 4.023944220151375040e-02 -6.006341384955660861e-02
-2.580621915549936602e-03 -1.008271914653380563e-01 2.952605920485855753e-02 5.537979820313203988e-02 7.830328974761019412e-02 -5.862961184715599627e-02 7.140784866386517280e-04 -1.596680078235600819e-01 -1.857733234860290891e-02 -7.157748440268305555e-03 -5.152991511464147939e-02 -7.912245861771872654e-03 2.392393832862859532e-02 4.641738802265753944e-02 2.355706352443492912e-02 3.706973541728903615e-02 -7.992278933551863473e-02 0.000000000000000000e+00 -3.673454710530808798e-02 2.029326401505051822e-02
-1.267111235716585418e-02 8.171985395488749748e-02 -1.918102846293396474e-02 -2.468691700803130745e-02 5.874448127176487566e-02 3.544674438825860894e-03 4.537875136416125166e-02 -3.716501203802573955e-02 8.027079220826471850e-02 -2.268277256040334214e-02 7.419070216386131067e-02 8.098078760990294958e-03 7.990474061921311322e-02 -7.888126552130800273e-02 1.066896939286746289e-02 -5.380660183447457529e-02 -2.665288290380274719e-02 7.232797284507515301e-02 0.000000000000000000e+00 -5.672541928379450094e-02
-2.419245382646306383e-02 -2.344292761357379823e-02 -1.145976956038740335e-01 3.820175822465272236e-02 -1.036250663030119368e-01 -1.195901184371001846e-01 -1.284359928360041120e-02 2.731618999794232974e-03 -1.597822556654521220e-02 -8.235783540960786792e-04 -2.071475340716582431e-02 7.417962171360271192e-04 -1.578882560353128128e-01 -2.594297997938863412e-02 7.289365318308996256e-03 6.340889148303878453e-02 1.016090021781367730e-01 5.619008839201027755e-02 -2.011664047384954107e-02 0.000000000000000000e+00
