0.000000000000000000e+00 -2.456715524598308137e-02 -1.298099159821017312e-02 -8.118930119089753580e-03 7.287408287185985489e-02 8.619832757181956906e-02 -3.772165762527094485e-02 -7.280815578026268720e-02 -3.134839459212269974e-02 -1.265453029439439839e-02 -1.710211711850826918e-02 -4.949147914173761265e-02 1.007789875208540409e-01 2.256697896644499837e-02 1.057922593614432916e-01 7.575045249199210962e-02 1.103474527862551013e-01 -2.514007012739247551e-02 8.376970635179038782e-02 3.793297139237446214e-02
3.377021625421972734e-02 0.000000000000000000e+00 4.517576530333212992e-02 1.589691997411575922e-02 -2.020496431753727323e-04 1.709581122393843272e-02 4.893339290967340521e-02 5.182629228934301086e-02 -2.954576351827181528e-03 4.118141619981380286e-02 -2.390698071945826161e-02 -3.084281960639939646e-02 1.034039281404925265e-01 -4.923622403388518663e-03 1.360319364034059952e-01 -5.965306509653250933e-02 3.593129255878486222e-02 -1.883854331079366090e-02 1.055235050303089672e-02 2.288693006020649928e-02
-6.518872686741168654e-02 -9.806057966471033727e-02 0.000000000000000000e+00 -3.021437953448647892e-02 1.130402457817428902e-02 -1.022419568698250125e-01 -1.096501063908506823e-01 -3.867477960122938513e-02 9.116721976770410241e-02 -8.792530452303630450e-02 6.943478266368036111e-02 -7.737662748763127207e-02 -8.326347346660423199e-02 -4.758072241223672977e-02 -1.284410776098128711e-02 1.990565435342138423e-02 7.232223405481520706e-02 5.291006535614281234e-03 6.818394866538626808e-02 2.509579674839827051e-02
1.103794843108449747e-01 -6.854342544242071622e-02 -3.377799635578555143e-02 0.000000000000000000e+00 -7.873150369746822336e-04 8.547737814948179816e-03 1.341304759572009009e-01 -5.200766069312433293e-02 1.671545663390470570e-03 -7.395675946694824088e-03 3.276601338993443552e-02 5.010090273390687549e-02 1.382216701051635355e-01 -9.613193773990573801e-03 2.539795027780062872e-02 1.134537326654025402e-01 1.502441697272226435e-02 -1.215788864643304740e-01 -3.699963531950538342e-02 9.404546938973484815e-02
4.526976350517250558e-02 -7.500826192743953458e-02 -2.145887934532982738e-02 5.479645466584731790e-03 0.000000000000000000e+00 1.839053148323830170e-02 -1.738067579088041232e-03 -6.278257686292620932e-02 -3.304940539407020400e-02 2.771188912564415824e-02 -4.867172880342524738e-02 -3.806415997008418678e-02 1.095300169913808463e-01 4.493176392120518808e-02 -6.367352394026577767e-02 7.040905283814795357e-02 -2.322593010691071259e-03 -7.522078173701031607e-03 5.310123257117943529e-02 -3.752727550289140790e-02
8.976673300410228928e-02 1.170093629175471828e-01 4.669188947945156903e-02 3.253275346910241422e-02 8.317481174466884175e-02 0.000000000000000000e+00 3.073473597177492009e-02 -2.137991907174240785e-02 1.031644426467018816e-01 -1.735553239948969123e-02 7.919310662632791237e-03 1.356954426499841493e-01 9.804615330394418626e-02 7.141627184009974316e-02 -2.468048277895007817e-02 -4.950367219546453895e-02 7.047114213714993081e-02 3.357448461369473558e-02 -1.744384643809993030e-02 1.184008849321630946e-01
2.573695697346236461e-02 -8.802041096137330767e-03 4.417093972721875678e-02 9.367539675541240729e-02 -1.020660761341725814e-01 7.979484128763350906e-03 0.000000000000000000e+00 -4.126746099774596804e-02 -6.227352804079629156e-02 4.341136682827644033e-02 3.980694570965937623e-02 -7.183874691732231033e-02 7.407198850338202190e-02 3.255661105286824369e-03 5.037552042936259411e-02 8.363654618677223915e-04 -2.497411114892400877e-02 2.760320805383788267e-02 -2.384303709218299483e-02 6.816465637178333037e-02
-2.955964712161958038e-03 4.456068688184124105e-02 -4.725335928806313757e-02 1.069554141639980499e-01 1.456305041895356034e-02 -4.209541766411811770e-02 3.963328427634651985e-02 0.000000000000000000e+00 -3.037892695706303700e-03 -6.670674744431510927e-03 -2.328283201949082892e-02 3.333576736762471765e-02 -7.029467504606595751e-02 -8.816522447794961082e-02 -1.581208860365825725e-02 -1.885917537178168762e-02 7.411228754849435302e-04 -1.491028171257612230e-02 -6.256204252489624279e-03 -8.213602831365743318e-02
2.762705524597198429e-03 4.746353113282011406e-03 3.632077666718333802e-03 1.558673847944401780e-01 -2.435150824425146715e-02 1.628944663357219380e-02 7.612180875962189230e-02 2.274386282004153825e-02 0.000000000000000000e+00 -8.089348479101743372e-02 6.367444439544084345e-02 3.666726515402787823e-02 2.315506491688806845e-02 -2.862963126643152181e-03 1.634515354263641959e-02 9.883013900979589501e-04 -2.367694455492264788e-02 -1.155565554249904231e-01 -7.689687851011559050e-02 4.111466665693979533e-02
4.692946719123679278e-02 -1.954145982792870970e-03 5.689857251387003129e-02 8.457609401647490921e-02 4.515254685879574459e-02 5.271164236642442852e-02 1.445102687400545149e-01 4.738531638756736386e-02 -1.034413537828153817e-01 0.000000000000000000e+00 -1.447816862525079344e-02 2.071231208717301542e-02 5.551963515859162368e-02 6.035433420284955913e-02 6.376498598243843241e-02 1.713893221202415079e-02 4.265435539428957118e-02 2.267568775364898689e-02 5.443502832825317106e-02 7.021640851979089881e-02
-2.687046968929411930e-02 4.827871641925580472e-03 7.961249176712533598e-03 -1.087053966762875114e-02 -3.994622576319108859e-02 -3.400838425334636039e-02 1.143489683455597636e-02 8.460081486987737487e-02 -2.484174665583156055e-02 -6.097641170467316130e-02 0.000000000000000000e+00 -3.303669481648102701e-02 8.925637784833706512e-02 -1.797453320841494936e-02 -1.757974607930527441e-02 -6.730094883749011825e-02 -6.237050001351624601e-02 -5.902535751415608975e-03 -1.272550640993054365e-02 -4.478240119613127040e-02
3.174349675219841765e-03 -2.278419785271395062e-02 1.306969899304924743e-01 -4.640463311530070023e-02 -5.622149133401011488e-03 9.421814096573434549e-02 4.282551445000402912e-02 -6.026091618075630346e-02 6.658400247940304828e-02 -3.852088854918456901e-02 4.713593331924597479e-02 0.000000000000000000e+00 -3.767955736381744993e-03 5.838764911967432754e-03 9.617320812900578830e-03 -4.577803160333043797e-02 -1.091896001667382217e-02 1.835859579417071716e-02 -7.770313131296416320e-02 6.020912812691935762e-02
3.723329298239842766e-02 -9.845769150472173659e-02 7.092911226395376412e-02 -5.607149732994342467e-02 1.254268687950264513e-02 3.760421636986149840e-02 5.884531810814360581e-02 -3.704076428550934046e-03 -4.040953140744818484e-02 2.402662336431576895e-02 -1.650931817181014796e-02 5.987315527083733602e-02 0.000000000000000000e+00 1.190154271579930145e-01 6.141538357970383055e-02 4.214663910238521105e-02 2.341986065969493477e-02 1.625646284852405588e-02 -3.372749089164993330e-02 1.418667967839941091e-01
-2.809743570539342816e-02 2.141567693872522410e-02 4.113070265906381903e-03 2.341772561617809154e-02 -1.996638441499749318e-03 1.351116818563172228e-02 2.873955639487382752e-02 -6.494249403693103150e-04 -2.793515544796703817e-02 -1.474290825483836644e-02 4.614983273404148906e-02 1.992425344108923746e-02 -2.588062947057355803e-02 0.000000000000000000e+00 -9.481589484435040682e-02 3.451747205273889701e-03 -5.592157812208405727e-04 2.975184385150206681e-02 6.619860635655716585e-02 -2.223472397764386036e-04
-4.778870189661700574e-02 2.341865224786518224e-03 8.146097819587182209e-02 -5.547723009315207177e-02 -3.473046710056434255e-02 -3.691010853934406644e-02 -7.654193066656913604e-03 5.002608319648872703e-02 -3.843917085944720952e-02 -7.412330783673861008e-03 9.503486579418914115e-02 2.015874862226725225e-02 7.517940690114773006e-02 4.221299617657457010e-02 0.000000000000000000e+00 -2.627350246329276939e-02 4.308305601306682692e-02 -4.471034726357794864e-02 7.513555241084063363e-02 3.327134190186405854e-02
4.821771600581751735e-03 6.908545297370229446e-03 -9.750931872349603846e-02 -2.684260626465348118e-02 2.145374714713060502e-02 2.974301203918608763e-02 -1.863748061023170685e-02 -8.272107509445045942e-03 -1.756339446182678815e-02 1.194217633035080973e-02 -2.598505668953593473e-02 3.471086195186715712e-02 2.373437431246214549e-02 -7.745249534292218685e-02 2.489581291320378670e-03 0.000000000000000000e+00 -2.536083440594538024e-02 -3.955229041784294464e-02 -3.436796492207269682e-02 2.465337389877917881e-02
8.583187598746323810e-02 -4.808114574719975914e-02 -6.162492069766430797e-02 -2.339408622914067662e-02 6.057258255322233581e-02 8.484046030499593771e-02 -9.119755536399765106e-02 -1.047210234400202389e-01 -5.339388227916982282e-02 -1.138035683270437193e-01 1.871599003813653045e-02 4.257416957943787467e-02 7.875758082371911439e-02 -2.160192852331682678e-02 -8.357775878936717084e-02 1.476894012087329004e-02 0.000000000000000000e+00 -4.236912256081827588e-02 -6.788030085206153783e-04 7.464669626959266613e-02
-7.858759702667270086e-02 4.998278456426770607e-03 1.134722323894227641e-01 -3.265870377640839317e-02 -3.274380098338020018e-02 -4.756266758601516119e-03 -6.762900203862756698e-02 -4.476959863379150611e-02 3.808563246491407372e-02 5.213505522880545334e-02 2.761155230175843522e-02 6.121127664693078868e-02 -6.392545346159349273e-02 -3.864559784404023729e-02 4.027800757016056221e-02 -2.764401985365039574e-02 4.992465912863983113e-02 0.000000000000000000e+00 -3.133083353243418939e-02 2.624527906750800943e-02
2.342769166981811813e-02 -2.351056059262959103e-02 -7.155312836715128910e-02 -4.085685020477280820e-03 -8.869889115331174023e-02 3.537517819697936355e-02 2.335522698316825144e-02 -4.265334541928837708e-02 -8.414868257961079234e-02 4.728166999807646015e-02 -3.432056485818179431e-02 2.044488954806334899e-02 1.552906169848002581e-02 2.815416203369967146e-02 5.080609300344766238e-02 5.953828194142615077e-02 -6.626521825873639242e-03 4.249965476143489213e-02 0.000000000000000000e+00 -2.997369867240884302e-03
4.180144513998509948e-02 -8.067558384259224113e-02 4.172263482530341738e-02 7.698110954414390597e-03 3.864859237761501809e-02 -2.450188240159662315e-02 -2.962053109606960916e-02 -6.312629389685775992e-03 1.420406058636871326e-02 -2.047876763623483060e-02 3.263828157730038620e-02 -6.624839088352328653e-02 1.260939421322721798e-01 1.011218567659398354e-01 -2.687343204901252586e-02 4.854024018526068712e-02 8.169149290503903427e-02 -1.093553515500634565e-01 4.164809054426713703e-02 0.000000000000000000e+00
