0.000000000000000000e+00 1.801585481557881757e-02 1.855462052926413336e-02 2.103836734112310772e-02 -9.316274872221945447e-02 2.834842110820728553e-02 -1.076551737418245391e-01 1.206570736310126277e-02 -2.022582147466035069e-02 6.066923426449919582e-02 -2.161848722831091058e-03 -2.023542091272981930e-02 -5.660327931436924531e-02 1.980668165166054803e-02 -2.061280033265274619e-03 3.850919960574233220e-02 8.347024371518458122e-03 3.561994390640551428e-02 -1.620897511540257338e-02 -9.905968464815317898e-02
-8.977467441761814715e-02 0.000000000000000000e+00 4.765061003838856613e-02 5.924092058825692481e-02 -2.096695114430104090e-02 -4.005800673079127489e-02 7.652521429020044119e-02 2.072726431190680119e-02 -8.410721689236714052e-03 -8.624626196559433480e-03 -1.169905285321816563e-01 -1.288777822283421540e-02 9.909042071423386500e-02 -5.116145858208506064e-02 4.111788430505947198e-04 -5.063793616632217102e-03 -7.731136089438744603e-04 -9.020044817657450753e-02 4.942597110841775825e-04 -6.958707838659956325e-03
-3.648025059711305224e-02 -3.976265829424029444e-04 0.000000000000000000e+00 -5.227130048223110198e-02 7.456552814073921787e-02 -2.944237029406736664e-02 8.094105617278546383e-02 7.362740478394222410e-02 4.573890845344920526e-03 -6.441684717039637686e-02 -1.193141837008645928e-01 -8.338835428557152263e-02 -1.119909218913122013e-02 1.713841126048555943e-02 -4.074629135390754608e-02 -2.994105235816326566e-02 1.765976089902505652e-01 8.745476744873328240e-03 -5.117873734271297798e-02 4.570718833063085879e-02
-6.216804651854946490e-02 -1.640984794885858022e-01 9.351302204766936618e-03 0.000000000000000000e+00 8.616879222383451095e-03 1.312914513985033171e-01 3.144111802156641933e-02 -7.809226103353794635e-02 7.467892950364869720e-02 -1.402945191350698784e-01 -3.274814280358746138e-02 8.021738285153016956e-02 6.568170218268654104e-02 1.309118516428074350e-02 -3.190592237001273201e-02 1.268810804108380826e-02 -1.972437058393563397e-02 2.507546494900849549e-02 -1.812746247842726699e-02 -5.613757782837593135e-02
-3.420092180302452406e-02 6.231259207505893821e-03 -1.482027102274891157e-02 -2.840813999419086050e-02 0.000000000000000000e+00 -1.020867112105627861e-01 5.136096491287788814e-03 4.713073086616194340e-02 -4.396392439785671430e-02 -6.231965265174460589e-02 3.225451356413389786e-02 3.244401127672366658e-02 6.117999022118825701e-03 5.526153083901883672e-02 -8.770121223972601396e-03 -8.064814400846213871e-02 1.008997182585957691e-01 -3.857075415093062787e-02 -1.348193836452020629e-02 -1.143996372262079536e-01
-3.023491427227983572e-02 -1.511885338278040093e-02 1.299554222594126278e-02 4.106481491135802186e-02 4.159043319581955805e-03 0.000000000000000000e+00 7.140080505202411887e-02 2.568118481475481149e-02 5.706397959975097189e-02 -1.082055789705749314e-04 -4.810757366082729809e-03 -9.279858399219174936e-02 -8.294887050904405090e-02 -3.425403437054643646e-02 -4.283968539272062920e-02 3.740437793322691495e-02 -1.636458396800025972e-01 -1.346877779493496630e-02 -7.324413506302072940e-02 7.125367841591710716e-02
-2.984498373381820960e-02 -4.329044856872468067e-02 -2.351769560989646138e-02 1.799127104573995661e-02 -8.630037206116711324e-02 -5.744395257246123765e-02 0.000000000000000000e+00 -1.848976216160641691e-03 -5.097278960547242666e-03 6.335917937346757789e-02 -9.823563803209711676e-02 -9.743342636319735073e-03 -2.357580206770156644e-02 -9.465361073928467775e-03 -3.784262504538860733e-02 2.152682548777605856e-02 1.199290928793312755e-01 3.280230280771457424e-02 2.976103076476444703e-02 9.497418427932857732e-02
3.209079069626328412e-02 1.189122721394189203e-01 -6.400176875185414893e-02 -6.141014925898835575e-02 -8.931949189535783040e-02 -3.559834211485672639e-02 -1.024249455250565155e-01 0.000000000000000000e+00 1.250169527189890807e-02 5.710675027969163570e-02 -1.054193336724564521e-02 1.500276141766462845e-02 4.084886072447020851e-03 -9.462320261614561023e-02 8.405738767950161894e-02 -1.563818505383207528e-03 5.443932621371669334e-02 1.234256110721675646e-02 -5.712698435202188257e-02 -3.369970718979999752e-02
-6.984060707079737911e-03 -2.691766519911123479e-02 -7.714862480806130435e-03 1.456385830580252116e-02 -3.576071162902470790e-02 -2.721822012426287213e-02 -9.130431413680684810e-03 3.000279098240423836e-03 0.000000000000000000e+00 3.309965853901684386e-03 -2.310377420872383562e-03 -1.936884728137248241e-03 -4.779847371882864175e-03 5.722469554695315541e-02 -8.601366582934347194e-02 8.144808726935520715e-02 -3.187498457247501388e-02 6.946053141885598359e-02 -4.506407144460789632e-02 -1.553125376965413564e-02
1.570450153833114967e-02 2.109674228627306594e-02 -4.833629466852640277e-02 -1.773217438109845820e-02 6.654323205057953439e-02 -1.145677202807180439e-01 -3.027165822320031924e-02 6.447222059360384339e-02 -4.201021589236463016e-02 0.000000000000000000e+00 -1.265179712104105847e-01 -9.698051981448005399e-02 -3.963734088352759838e-02 -5.774349445571091977e-02 -1.755925870570171701e-02 3.391750714846079873e-02 -4.517428896331782823e-02 1.606857815888629304e-02 2.160064770494111649e-02 -3.473880724194153280e-02
8.228304393697982722e-02 -4.149596598618077170e-03 1.314513166215951212e-01 -3.129197404409421457e-02 1.967278376031131662e-02 1.667663322887626143e-02 -3.343100318138584465e-02 3.070991067144389700e-02 2.902090361341606861e-02 2.261698503090564527e-02 0.000000000000000000e+00 -4.333635922371688429e-04 2.733280186452990285e-02 3.656093306206796567e-02 -1.394020905855709591e-01 -1.935945095950898989e-02 2.635811704602222458e-02 -6.765366966220742739e-02 -1.865237449850135065e-01 -6.505850582204517063e-02
-7.851785169606327261e-03 -1.034780880894962257e-01 -7.245252204491722803e-02 -2.026236940230471267e-02 -5.995444699953855761e-02 -4.667087778735106579e-02 2.890938502303281102e-02 -3.942332395229542624e-02 -5.691468442754272355e-02 3.415599670970624613e-02 2.224882636556122992e-02 0.000000000000000000e+00 -3.230383500235415456e-02 -5.593602231196497659e-02 1.273021887511531225e-01 -5.299161164419121522e-02 2.329392277179417881e-03 2.663875838693304313e-02 7.601561095178234473e-02 -1.056635541698717692e-02
1.612921991711422157e-02 -8.233519753001480521e-03 1.749198063062827949e-02 -9.533180341047160777e-02 4.180919624015064923e-02 -1.869265783023200608e-02 2.147891418638534639e-02 1.586853237096170870e-03 -1.317580462624061144e-01 -4.604096315321399430e-02 1.069382828589114133e-02 6.020539375844989605e-02 0.000000000000000000e+00 4.842257711783527763e-02 2.953445940632786967e-02 -8.261178476978697782e-02 -3.130496487566245163e-03 1.408969245320022302e-02 4.341117864438855806e-02 -4.235954614754416231e-02
1.691010976243343192e-02 2.508456511604378533e-02 5.573784238951944026e-02 5.070874111134642676e-02 -8.699039150519001506e-02 -3.733360707274879786e-02 -1.488408187461257859e-01 9.159803530118007520e-02 3.118438331986871093e-02 -1.076018726597991471e-01 1.397625292728406354e-01 1.446041084166564510e-02 1.305453772160072856e-02 0.000000000000000000e+00 2.459391319734154091e-02 -1.274839196167366906e-01 -5.615865954290013380e-04 3.022232149179535088e-02 -3.026704996951913584e-02 -3.788733883832472865e-02
-8.297116636033767534e-03 -7.584471714539374465e-02 -1.847741467548771332e-01 -9.493267000232259722e-02 -1.127783834408978628e-02 -2.873199335647021527e-02 -5.745172502818780835e-02 -1.591491504850570810e-02 5.760798943877242645e-02 3.955295268676722875e-02 3.055769653302921676e-02 1.682528551797587979e-01 -1.921499336645839801e-02 -3.342656359055302950e-02 0.000000000000000000e+00 -2.712670815313794268e-02 -3.174560793367810219e-02 3.423562640785940414e-02 1.092028012363437661e-01 -3.364623623520082013e-02
5.903334988165838404e-02 -8.952909860624952421e-02 -7.736044888873369954e-03 -3.445514756644047979e-03 2.936899969422829271e-02 1.254769240625714932e-01 -9.308612370575399973e-04 2.281344839594350027e-03 -1.373496101787273667e-02 -1.116068470818159727e-02 4.688983538046178484e-02 2.956264493142705604e-02 4.158336979404365918e-02 -1.106611646450634395e-02 3.480478516709023529e-02 0.000000000000000000e+00 -2.819052215271392135e-03 3.572088854630962873e-02 1.043450647101091047e-02 -1.403081972002451216e-02
-2.449129591976772265e-03 -7.061851572263828924e-02 -4.402544648874727462e-02 6.995887061101799947e-04 2.214315225772530565e-02 2.896403865045885789e-02 -4.555319681684027316e-03 -5.693766322392818796e-02 -1.341551885709321712e-02 -7.030094475172563376e-03 -3.930124207522240481e-02 1.884669775723981852e-02 4.132796415421412239e-02 6.818777468536123786e-03 -5.701242758271600486e-02 -4.186570425954589010e-03 0.000000000000000000e+00 -5.911725539052701400e-02 4.261624556669348779e-02 7.910421071738315754e-03
5.213926226113002604e-02 -7.840640218281420132e-03 1.677930454471012606e-02 1.169638193186448884e-02 2.148749671966837874e-02 -4.165213316541217098e-02 -2.289041982685561041e-02 8.219629336920507290e-02 -2.044075641257365149e-03 -4.701882351653790398e-02 7.258447197830183995e-02 3.148043328881999781e-02 -8.134511942361297154e-02 4.550061976213935419e-03 -7.474826197618147927e-02 -1.427480121344749768e-02 6.998065813832458903e-02 0.000000000000000000e+00 -1.012099211753626077e-01 -7.421584045023769949e-02
8.474769056577816095e-02 2.457840072049441785e-02 -6.692710936491833018e-03 4.846535558148514292e-03 -5.191763190582993071e-02 -7.260149679911043208e-02 -9.473455622054838265e-02 1.413863193168004607e-03 -5.311621361742049907e-02 3.674276950501009775e-02 3.292763507971405851e-02 4.357710969738350267e-03 -3.000454420194482996e-02 -3.993070316294625860e-02 -4.022859946346931531e-02 1.161199597546854617e-02 5.874138460114192162e-02 -5.081486979874100772e-03 0.000000000000000000e+00 -1.080798098340595868e-03
-2.499886503244802549e-02 -7.427124309353712317e-02 -6.720698427417924614e-02 -8.443793158246451491e-02 4.538471723902893010e-03 -2.016859912059260074e-02 1.004622936617087375e-01 2.401512132259125618e-02 2.315930528855523682e-02 -2.025139697747126502e-02 -2.460339127992785743e-02 3.051578534460165984e-02 -9.164807811901475379e-03 -3.752441066223220073e-02 -1.888195160847285295e-02 1.825337000582402669e-02 5.441396259592855278e-02 3.210369439447136042e-02 -3.562895636361607891e-03 0.000000000000000000e+00
