0.000000000000000000e+00 -1.281940025457471884e-02 1.325248981916618829e-01 -1.618569538350173032e-02 1.985524492797535387e-02 7.087047185533269789e-02 -4.913538998963982302e-02 2.262238756673751183e-02 3.416634078193498542e-02 -3.546159175559566307e-02 -3.059861209576864027e-02 3.032195738272575134e-03 -1.072570561666652197e-02 4.669686416317079397e-02 -1.224369753670854488e-01 -3.311260681629700497e-02 5.812473960422579605e-02 1.076253786179335037e-01 -8.160960315476888105e-02 3.064331480563335999e-02
-3.255563214124185950e-02 0.000000000000000000e+00 -5.029804620610304339e-02 -2.828565909408131337e-02 6.111920219379479713e-02 3.103334826150435169e-02 -4.618270210382008530e-03 -1.002086603767053316e-02 -1.358053785047051362e-02 6.912479562862669687e-03 5.531361291543591269e-02 -4.891645641753498280e-02 2.187825302899715912e-02 -1.044816033402092134e-03 -1.084617773049737464e-02 1.668080774118977858e-02 1.808942476140270109e-02 6.183174639192039190e-02 1.033154075818973382e-03 7.856350658389896213e-02
1.858735058583569841e-02 -1.589482055906268898e-02 0.000000000000000000e+00 1.599405334527447334e-03 6.684014947685927403e-03 6.927313366734039191e-02 5.767346317535402417e-02 2.709134239752674159e-02 -3.674595477008418126e-02 2.584362694777666072e-02 6.580335750253629712e-02 7.922335999806403434e-03 -3.732832814738996918e-02 -3.155829519135461975e-02 -5.094645742885195450e-02 6.623912760700999269e-02 1.153734412928624636e-02 1.422260519196915651e-01 1.429969190254861029e-02 2.280448602049069910e-03
-2.293909115552552475e-02 5.013363501814568218e-02 -1.952912857029134863e-02 0.000000000000000000e+00 2.742086818919099375e-02 -3.400647857805602636e-02 5.055291950171515725e-02 -2.012556058551054350e-02 -1.443100816062583835e-01 3.094391172603568746e-02 -1.037807688616761564e-01 1.101075453375452290e-01 9.156675730319951967e-02 -1.520030927506298667e-02 -6.351578637412380601e-02 -5.346060867978085634e-02 3.563696336828792860e-02 1.215061266457568255e-02 -4.871456592976473182e-02 1.232923665421343032e-02
9.511186671433601025e-02 2.743767143660601898e-02 4.011006214648473595e-02 3.359035144624891722e-02 0.000000000000000000e+00 6.385516601374573165e-02 -3.041928555627416292e-02 -3.339389012692447686e-03 -4.020766158841133225e-02 -2.141941172362396215e-02 4.907570900049657708e-02 -2.850532379148565040e-02 6.887488813935507305e-03 -2.883382296362269059e-02 -5.897324293407359835e-02 2.407723312968748641e-02 -1.207163515979061373e-02 1.599954512035494519e-02 -1.601126709043098782e-03 2.910772580554644301e-02
7.169764253388064001e-02 2.739570454138774008e-02 -6.579909119821981955e-02 -5.025768468514255072e-03 3.079539289694843696e-02 0.000000000000000000e+00 -7.264330603319718582e-02 1.725456300362583073e-01 -3.834763695569160663e-02 1.184634166415275518e-02 1.840465418825710381e-02 9.484693002536709328e-03 5.610382071885017946e-02 2.343589998041566494e-02 -1.628713847995729436e-01 -6.382736965931101736e-02 3.870362708709950555e-02 1.233940028568914216e-01 -1.235085920547731725e-01 1.094482571184489557e-02
5.837182172123784457e-02 2.111405049872490391e-02 -1.711704288951475944e-02 -6.796393537531472684e-02 -1.020794810721721985e-01 -3.877430956745052393e-02 0.000000000000000000e+00 -1.449626407510348491e-01 -9.782733577413310622e-02 4.450049864173733632e-02 -2.824499170522260655e-02 -5.701696836841368271e-02 -9.517698726005633866e-03 -2.636095555282743502e-02 4.577742098526412645e-02 9.561496247700441986e-02 1.251737638505166783e-01 5.449655554493391257e-02 4.068984192759506069e-02 8.107324818159547530e-02
8.350898630785538734e-02 6.502682142075585925e-02 6.966309856438300530e-02 -4.956386651702674589e-02 -1.014116682855815410e-01 4.169049471907839560e-02 1.890481698449621162e-02 0.000000000000000000e+00 -3.537282035893936361e-02 -5.725790447156736684e-02 9.165547985867272818e-02 1.002390859927555604e-02 -9.471814736688691228e-02 4.760703665573968318e-02 -1.228703526134342951e-02 1.836376695922011318e-02 1.366021835866803313e-01 3.721362060449433240e-02 -9.544512820170328316e-02 1.495410960888986403e-03
-5.097611253345806642e-02 3.253976453121974755e-02 -9.549645970757723173e-03 2.186675601021033019e-02 -3.076100216739320950e-02 3.404122900292574222e-02 -2.253126452968066615e-02 3.166305087047555783e-02 0.000000000000000000e+00 -5.791666779548591826e-02 2.581720962695081487e-02 -4.433871659238065172e-02 5.495475473829408014e-02 1.223487944014600530e-02 4.999004881820638679e-02 -9.198687902757044996e-03 -8.651307206648944925e-03 -1.103399874156886923e-01 5.623000797841546522e-02 -4.882362105379551426e-02
5.458158572558591271e-02 -3.126640855443868494e-02 -2.118385178993539093e-04 -1.674329501410659615e-02 -5.720189389304859706e-02 -9.124701252996617398e-03 2.935002525189535361e-02 -4.245505684080008030e-02 -6.541892636204155176e-02 0.000000000000000000e+00 3.110387403545103197e-03 6.640091195395797508e-02 5.184328730801283230e-02 3.104016061040651073e-02 -4.722980413200835587e-02 5.157648505395053679e-02 2.915834944608773106e-03 1.853165423502101811e-02 3.272014130710716034e-02 2.771287037972173031e-02
5.268321658269492502e-02 -6.895236569412095673e-02 -1.256548527648273031e-02 -1.029416192101918065e-01 -5.917203620071779732e-03 -3.318324874557958704e-03 2.844479727489816409e-02 9.494755348736201930e-03 2.170045776641463600e-03 9.368005146787006243e-02 0.000000000000000000e+00 -5.359211459053984244e-02 -3.372045614576039269e-02 2.175134359837097714e-02 -1.762488955762437498e-02 -5.831692134253334443e-03 -4.659163331591451018e-02 5.909455422315106760e-02 -1.141964577226538442e-02 -3.833509977299491556e-02
-1.001736045205408807e-02 -4.863529221810482250e-02 -5.323108469524416748e-03 6.559317235845298077e-02 -1.723452851122419735e-02 -1.702740325551568151e-02 -2.617643259071940690e-02 3.691862896476314805e-03 5.311681766181308717e-02 2.896588207129387540e-02 -4.493556582072470024e-02 0.000000000000000000e+00 -1.252026677432135394e-03 4.128496022479268002e-02 -2.961854430311612173e-03 -2.453473996066609861e-02 -1.063306934407177162e-01 2.393068063829794506e-02 -7.363327039618403069e-02 -7.469250188577328253e-02
-2.058806060598639825e-02 -2.100149731504476550e-02 1.225975040330308345e-02 -3.014578842255311031e-02 -1.820014058996500400e-02 -2.903077282109994481e-02 -9.332403641774045244e-02 4.358276395739963706e-03 -2.268982486192204495e-02 3.528559768125174440e-02 -6.259649029263116178e-03 6.682509022256168107e-02 0.000000000000000000e+00 5.594662001715965116e-02 6.244764826471498748e-02 2.441927519091293200e-02 -2.226658048821668692e-02 5.592913588997474456e-02 -4.765450212750702019e-02 -2.117088003387160300e-02
6.086588380194841996e-02 -4.663866721035751783e-02 3.629653457845598979e-02 -4.293078295845812603e-02 -6.300664066375596950e-02 4.726585695704590279e-02 3.549802453791504886e-02 7.543823187918950735e-02 -7.330097807710757481e-03 8.084713897282741479e-03 2.712595334120549567e-02 1.134458063151076376e-02 -9.618264744893026408e-02 0.000000000000000000e+00 6.520604637598748088e-02 -6.682930745260835803e-02 3.620516328147387053e-02 3.358665510369313913e-03 4.346488937465454311e-02 -4.678837781000880908e-02
3.259115556876578199e-03 -1.148652761542576090e-01 -1.330174518784660656e-02 6.687443179299812357e-02 -8.469056084887947866e-02 4.047587523758858913e-02 -2.420651403283711339e-02 1.040446769630133314e-02 -1.512758687023643689e-01 5.866794690688198477e-02 -7.632519607320578658e-02 3.438403940624094272e-03 -6.069898103548661966e-02 -5.661489361497009515e-02 0.000000000000000000e+00 -4.059112899205003649e-02 4.513585131966220410e-02 4.054546774574045546e-03 -5.360506059896116837e-03 -2.638627609154583012e-02
2.675666327219266422e-02 1.107295305271299296e-01 1.383077636584197599e-02 6.293009523880390040e-03 -5.621025438152283532e-02 3.616288537495854910e-02 8.938590961070845553e-02 -9.448455877889305743e-02 -1.079449452462275527e-01 1.431297242608464970e-01 1.982167562540459657e-02 1.862548117461950217e-02 1.879813153224180536e-02 7.185140668879989867e-02 2.254977348817768443e-02 0.000000000000000000e+00 1.230543819382012571e-01 4.608524550141043091e-02 -5.068265663376804453e-02 -8.129557483890699141e-03
-1.195193742514527244e-02 -1.919990222251651349e-02 -5.645776028976463509e-03 -1.611971156646971326e-02 -1.625599662385962541e-01 -5.090743318622756308e-02 6.607393242606815487e-02 1.702921248163574708e-02 -1.949843761661083225e-02 -1.111655429996921511e-02 3.920463427461936406e-02 -6.233262972936820783e-04 -5.056677033787600889e-02 8.852874456992546048e-02 1.033095536614090509e-02 2.078573045917220252e-02 0.000000000000000000e+00 -2.782984765643926363e-03 -3.801509724379240757e-02 -4.206940884179971585e-02
6.487534903733437053e-02 -5.971139131310110315e-02 4.106536920969642429e-02 -5.559537234638368269e-02 -2.622629967100165854e-02 3.144952146245892036e-03 -1.013844842355815096e-01 7.171493621741083235e-02 1.537651661341252196e-02 5.139095437781211750e-02 -3.790367190295153288e-02 7.647138641662351577e-02 1.034292806836237255e-01 4.080863257553266066e-02 -3.004577012899682653e-02 2.537220030147866248e-02 -2.981901094196334236e-03 0.000000000000000000e+00 -3.262108391613838254e-02 -4.477971149818713720e-02
2.847831861862460540e-02 -3.251693545940026464e-02 -6.103693575435135271e-02 4.594550552082937028e-02 1.641822925482408621e-03 1.336210518628421495e-01 -6.082715125866579309e-02 -1.127450914594840814e-02 -5.836016998373326492e-02 4.119140596758395084e-02 -7.828827285608599973e-02 -3.740956979657079212e-02 1.238751766052943321e-01 -7.280901382806394262e-02 4.487001990160349729e-02 -7.582471891658659584e-03 -5.185088134045356262e-02 1.131670832020768430e-01 0.000000000000000000e+00 -4.694297396636030323e-02
1.901753479759372284e-02 7.341806541835227407e-02 2.917436386199184772e-02 1.943469852043244392e-02 8.974867822958115804e-02 1.639007246639372431e-02 3.341672725366588714e-02 -1.726208220121206588e-02 -1.013770316178629893e-01 5.153963608214135426e-03 1.018693474416575290e-01 -9.987443290319159006e-02 6.567254761560768761e-02 1.712531808921169060e-02 -5.442271275688469190e-02 1.592607276445334036e-02 1.017685010027331999e-01 1.191278770731243712e-02 3.283573512018044677e-02 0.000000000000000000e+00
