0.000000000000000000e+00 1.011773852977396193e-01 -6.240392833678976535e-03 -5.691292243575732379e-02 2.037464517370524489e-02 8.267147509419149609e-02 2.914711595589809801e-02 -3.686182995976841886e-03 -2.898062163468521565e-02 -2.417613002073328021e-02 -7.433008513389315931e-03 -1.243317380526164917e-01 -4.932586432124636683e-02 -7.086170909499987791e-02 -1.006340066980101859e-02 7.519566173766947803e-02 -5.335482197605330434e-02 -5.367752958191735965e-03 1.790739273220474199e-03 2.203388530287766697e-02
-5.423743322693765380e-06 0.000000000000000000e+00 -1.234541121782615006e-02 1.072192081433118171e-02 3.134422823513502432e-02 4.941995151282270460e-02 -5.005938667252479018e-02 1.194930154620865541e-02 -1.373810165728476390e-02 -2.062728370478463663e-02 -3.726014145522296012e-02 1.785429291893513015e-02 7.252421788149530923e-02 7.133905819315959629e-02 -8.516467088370396898e-02 6.912196083078137043e-02 -3.270090853540552622e-02 1.165280591732642708e-02 -2.005606113755487377e-02 5.460995385419065845e-02
-2.040076967692445661e-02 3.230387427566788067e-02 0.000000000000000000e+00 -3.809989250650137882e-02 3.705171765853219890e-02 1.186535130870020049e-02 -5.117874946559232419e-02 7.399942577150456224e-02 1.488645165867289594e-02 1.119280319896683168e-01 3.947277455023782446e-03 1.121363603171747839e-02 2.886908701002192587e-02 7.216304350693537872e-02 4.739326803949429900e-02 -3.714659023179524289e-02 8.919860836839784909e-03 -1.063190900418123086e-01 1.475922844773766953e-03 -9.957225215364158555e-02
3.664962802667487418e-02 -2.746695368982638927e-02 -7.625017926709126703e-02 0.000000000000000000e+00 9.278032448335670965e-03 1.861107167816976760e-03 5.389630237522523293e-02 2.232250657134184080e-02 1.426273845378381658e-02 1.287097485500088637e-02 9.205100311527664170e-02 -1.008932487951681584e-01 -1.314990735307732805e-01 -3.949513288922013032e-02 6.615681819414002789e-03 -1.123780391063675978e-02 8.055832716563245122e-02 -6.255880772445043814e-02 3.876152767185454383e-03 -5.334121945543930307e-03
3.190266547046231166e-02 -4.007008038215045809e-02 -2.740101538955172153e-02 -6.430559693834632384e-02 0.000000000000000000e+00 4.625410594988247845e-03 -1.294952902791071947e-01 -4.016259432216540658e-03 -6.448755164471156988e-04 -3.370684995401249107e-02 -8.512641459156007964e-03 7.549762492456665863e-02 2.016224722425361774e-03 -9.266064819123351337e-02 6.004786394780819297e-02 1.180306343776061084e-01 -2.764254410983582252e-02 -1.225369366170710878e-02 -2.062706878076325800e-02 -4.364480274218424105e-02
-2.173376333801397067e-02 3.379553608345147592e-02 8.738283668950970473e-02 -4.911888253159800433e-02 1.970837260120113579e-02 0.000000000000000000e+00 2.725884150527560935e-03 3.226868890804429710e-03 8.551277490466311151e-03 1.414019757785842935e-01 1.315975908262161445e-02 -5.128842060009114467e-02 -6.310247849484594551e-02 -3.852397931232931505e-02 -6.041764156789573847e-02 -4.073409627704082520e-02 -7.703929116239728592e-02 -1.401563801596946920e-02 4.523700137753466910e-02 6.542066627962757341e-02
3.978090842969827373e-02 2.577932356103468034e-02 1.029767778530605790e-02 5.703019702230248400e-02 6.214957186451465498e-03 -1.571800219551010985e-02 0.000000000000000000e+00 -1.213252355712400067e-02 -2.767990722421573638e-02 -1.777040918691840179e-02 -1.153644877463633894e-02 8.820481444609760274e-03 -7.791481661467226927e-02 -3.243741217126819201e-04 -1.836628633016893636e-02 -2.536549207815675180e-02 4.533748760801988714e-02 1.792867611914097242e-02 7.565445729608261116e-02 -9.500943330305792675e-03
4.280207512056993790e-02 -5.408274816977230726e-02 -5.308495272470931114e-04 5.476265844197735627e-02 8.374384754101864281e-02 -1.467207042712231208e-02 -3.335931650050326380e-02 0.000000000000000000e+00 -3.263181988903888359e-02 2.976852476696130369e-03 -9.479938694758782008e-03 1.201974021932026154e-01 3.635864121507423330e-02 5.063075222552242821e-02 -1.398733621633545081e-02 -1.156846191782967895e-02 1.223702941897036600e-01 -2.721236648988277496e-02 -6.136701912319961899e-02 7.168016536505522618e-02
-6.574949596205618974e-02 -4.409616926439389323e-02 2.655045308637296684e-03 -4.683970114865691758e-02 -6.644879672612045984e-02 -2.316330704509059202e-02 -8.654997006218052846e-02 -1.833574115835908541e-02 0.000000000000000000e+00 4.735800910611089043e-02 2.120175587530498118e-01 -3.410029882934104140e-02 -1.056914845213502777e-02 -1.447717263403882626e-01 3.124473590961354946e-03 -1.061696387976387157e-01 3.852722161895511671e-02 2.150686948087816505e-02 -3.930537591296389549e-02 1.835392044682456272e-02
-6.014234110723331445e-02 9.764461571563665121e-02 -3.495443104605334972e-02 8.241160061055079200e-02 -1.303393154153102695e-01 -9.143977248701840033e-02 -7.612211460495686699e-02 1.370660895323473627e-02 1.577963664955113476e-01 0.000000000000000000e+00 -1.271961370459486797e-02 -8.230588047576072042e-02 -2.490078836097920842e-02 -5.233293448172045281e-02 -1.457726106372481036e-03 -6.242073994884254212e-02 -5.146372396709131269e-02 2.503883584107198523e-02 -5.960336642060530717e-03 4.618165786797160527e-02
5.133266137589970191e-02 1.537721698884771159e-03 -1.759987512191337269e-02 -5.494185028548713434e-02 -1.078829939835305486e-02 -2.573899897161704628e-02 -2.297773595875925515e-02 -3.805563635402169336e-03 -7.039863318020594951e-02 4.665159977321337720e-02 0.000000000000000000e+00 -8.753100829417298501e-03 1.401478181320339224e-02 -1.110228562852290900e-02 -5.843918139703615025e-03 -1.930748496782204796e-02 -5.371233629397435122e-02 1.236560426473773226e-02 5.140037233370836622e-02 -3.891764626002027633e-02
6.834574872727475214e-02 1.621191348461785073e-02 -2.823427738744228865e-02 3.391517156068618588e-02 1.462185092382278437e-02 1.332064171177397118e-03 -6.438815338799369625e-02 -1.351693441936019924e-01 -3.440588842035967494e-03 3.350559342024831549e-03 4.576140828081972159e-03 0.000000000000000000e+00 1.529113109297075002e-01 -2.370442421815426026e-02 2.077960636253284310e-02 6.202132381282540741e-02 -3.930096855430585678e-02 -3.761001168619067248e-02 -8.971555873375816614e-02 5.136668763657043640e-02
2.660386681274616236e-02 1.143388245437230132e-02 -2.700715341130640115e-02 -5.289584932945712824e-03 -3.337007144794553598e-02 5.302747695995158744e-02 1.120243734156784084e-02 9.366590962965092373e-03 -1.619092119393112858e-02 -1.483211434239136914e-02 5.859494345428607753e-02 5.313064863692402301e-02 0.000000000000000000e+00 -5.744692405733124035e-02 1.172469424791533531e-03 2.512913217343481012e-02 2.047594940744652120e-02 -4.206806106738567724e-02 -3.467810876338401488e-02 8.167842449540548694e-03
9.270977736733483632e-02 1.407060847285866376e-02 8.171443875533720980e-02 1.362338971179627781e-02 -6.883219876251531200e-02 4.570912379465324332e-02 2.425513652810142029e-02 3.681031409563965268e-02 -9.245882695495313830e-02 1.649779327542147053e-02 -4.518351046293254958e-02 -1.618446763030384483e-02 -4.373035863997926792e-02 0.000000000000000000e+00 -2.032424161886023373e-02 -1.093737436180096043e-02 -1.497513375683622201e-02 -2.936951696952450758e-02 -9.402793471690143109e-03 2.702893162391780194e-02
6.142955606129701235e-02 -7.452538857909745719e-03 5.177472774670622419e-02 -2.179517018121881339e-02 4.588818763710335313e-02 -2.283945254628497179e-02 -3.427685235248484515e-03 6.619014972418606202e-02 1.012960464422818230e-01 3.692730118596886622e-03 -2.013309526662532961e-02 -1.126755564537747743e-02 -1.280860326976526464e-01 -1.166726067195414119e-04 0.000000000000000000e+00 -8.365155486879305435e-02 2.753177088007697365e-02 9.294628246645722167e-03 4.886260183372797411e-02 -3.499129220987434730e-02
4.415080186999662676e-02 -1.450351379783190557e-02 -6.630441280274182447e-02 7.184947005591257874e-02 -1.733311878754522847e-02 -2.077059550950160344e-02 6.776893322694228783e-02 -4.782164631122669263e-02 5.878745631779267594e-02 -3.640217032123043567e-02 -3.354820605861130040e-02 5.449702770149540687e-02 3.892282230644360935e-02 5.526170487850044777e-02 -3.154669426384687243e-03 0.000000000000000000e+00 -3.158921718040937771e-02 7.896712367052600295e-04 -2.802188303220834453e-02 -3.187889220990081096e-02
1.097687011899954775e-02 -6.388499415936746417e-02 5.434884913634524008e-03 1.161250002026138588e-02 -1.225218892806478888e-02 -2.864215053978082237e-02 4.547526334097287681e-02 -1.963832568883789112e-02 -1.729698529606433360e-02 -1.005807545990202410e-02 6.108338126776913235e-03 1.629248848709565975e-02 -2.279647668848716266e-02 -1.570488397491636269e-03 5.970516307336239809e-02 -5.452213604699492761e-02 0.000000000000000000e+00 1.015749296976481419e-03 1.538285537692567380e-02 -1.018097592890559039e-01
1.599912160383372417e-02 -4.490113542971153893e-02 -6.556448485688735894e-02 -7.602825945198565805e-03 6.015454934537739495e-02 -3.803299910256406624e-02 -7.312702866712882110e-02 1.581859137821442149e-02 -1.220253677162813979e-02 -5.430877038647360239e-02 -5.219726095172001756e-02 3.225962595128495369e-02 7.536603929432281190e-02 -1.945103266633238515e-02 8.486285892555765764e-02 -5.616580514201890278e-02 6.303852078924415681e-02 0.000000000000000000e+00 -3.530313481900588385e-02 -7.479585174596899144e-02
-3.547962493325412109e-02 -1.078985749169459052e-01 -1.567562441996533940e-02 -4.832475914893658714e-02 2.353386342975527512e-02 -2.220019577449995618e-02 7.595389824808500279e-02 6.181732299250838197e-02 -6.696784168315361718e-02 -2.976656222164383164e-02 -1.096203211339877304e-01 3.106878493515815784e-02 1.584740481841374199e-02 -3.296171829975484691e-02 -1.844595184377818137e-02 -5.295052383549744834e-02 1.007860440202228321e-02 1.233481801559660612e-01 0.000000000000000000e+00 -2.609401976792650318e-02
5.528807619042765131e-03 2.844523990570761371e-02 3.928004876512451726e-02 8.781854303535471459e-03 -2.065074921224040877e-02 4.769024956525673084e-03 -4.863089671417211712e-02 -5.520653928611101574e-02 -2.972562467155844684e-02 -4.922210712674413013e-02 -5.306025059538431454e-02 7.983600832779243553e-03 5.198909108065274259e-02 -3.529023727375964897e-02 2.204469307355549218e-02 -9.108178732101937861e-03 2.716612365059407203e-02 -7.228891786654280394e-02 4.288209621721083414e-02 0.000000000000000000e+00
