0.000000000000000000e+00 1.337666436824546355e-02 4.029906727116078224e-02 -1.273279948425721231e-01 -6.254899998131213668e-02 5.624159415850966959e-02 1.067798994655551684e-02 -7.037421999004878082e-02 2.385127967344267269e-02 3.679072753594817696e-02 1.712662918327215525e-02 -3.521057533769463010e-02 -1.972181933108071647e-02 -2.951786231786247133e-02 -5.390266330908388692e-02 2.539731103742162016e-02 1.391116724123318826e-02 9.262387291819521029e-02 5.379228388675477007e-02 1.244504378580230455e-02
-1.985256291403776283e-02 0.000000000000000000e+00 3.748075112269875359e-02 8.015491902250276857e-02 -1.169526479462952573e-02 -2.902179044117443249e-02 3.120741144473474990e-02 7.934894123729129001e-02 2.701725438015194301e-03 -8.765199568812429010e-02 -2.397317307233917671e-02 -7.138623464815971320e-02 2.561819835151994337e-02 9.669190855191199530e-02 -3.672177605004814382e-02 -7.734574670887880976e-02 2.766687164936471044e-02 -8.188167880604838023e-02 2.780275638438966038e-02 -7.021614628704792027e-02
-1.822833063716426932e-03 5.627284577666490095e-02 0.000000000000000000e+00 1.081219956203974680e-01 3.685706046972282018e-02 3.921668303311245940e-02 3.378812013912556311e-02 7.520577878913471681e-02 9.202622534132086363e-02 1.761240449192989083e-02 2.499658609107508964e-02 -1.359855835557703119e-01 -4.508140132497619884e-02 1.637792287433854216e-02 5.302624137428230827e-02 4.586578670942609293e-02 -7.096273797174064771e-03 9.125646220505705120e-02 -4.842652046946552269e-02 -4.694756795457680210e-02
-3.972716640665214377e-02 3.924453392849862506e-03 3.863259801104319824e-02 0.000000000000000000e+00 5.721664672058918849e-02 -3.626709900277610282e-02 1.041974160720902653e-01 1.032154672537853417e-02 3.596780660970575610e-02 -6.482414240191761157e-02 2.409246398699935524e-02 -4.453942761716427751e-02 -5.861442071929637981e-02 -4.069538616109800999e-02 -4.165309032247403731e-02 -1.679031063016959632e-02 -1.362154525552072750e-03 4.801740418185401760e-02 3.087620323694225191e-02 3.514098692060536877e-02
-1.632639689966855490e-02 5.532327838307287554e-02 -9.237368813045904181e-03 5.948120570864142559e-02 0.000000000000000000e+00 7.286465618217879969e-02 -2.583634092138856891e-03 8.037889766134793945e-02 -4.452920565594239988e-02 -1.205508856684693736e-01 8.978715530379159648e-02 -2.885186234280315981e-02 -9.158289249340800797e-02 -7.115684547258474546e-02 -8.804473931968045952e-02 -9.936525949952755565e-02 -3.546962048854944427e-02 3.773534872589425632e-02 -6.066676998099877066e-02 6.598682387965404406e-02
-3.517878715996188010e-02 3.823418666121365661e-02 -1.898648166650186014e-02 -2.297768034104126153e-03 -1.767735182901694971e-02 0.000000000000000000e+00 8.873125773974315997e-03 8.265180891675598385e-02 -1.099908458118415977e-01 -8.891794144898823582e-02 4.887002434627502750e-02 6.976313636569604626e-02 -5.773422771343975773e-02 7.963529166494416611e-02 2.419558237368932621e-02 -7.454680470342349430e-02 5.658787448237346390e-02 3.847423938519668046e-02 -3.257421081802492485e-02 1.962862551052582671e-02
3.137945841509715700e-02 -1.205247861799240393e-02 1.124173413379046527e-01 -5.941402693558910965e-03 -8.816727144344985168e-02 1.185464333420030089e-02 0.000000000000000000e+00 -6.407864490235122557e-02 1.535250494203230232e-02 1.091425389752501141e-01 -2.352826251194138282e-02 -7.080328791533901933e-02 -5.935426887611868624e-02 -1.190976210101448232e-02 5.701264013134029612e-02 3.019377546187038130e-02 4.626150203678135869e-02 1.039938449450464042e-01 1.937255298715810647e-02 -1.596885729549324395e-02
1.688430734556667367e-02 2.237630578700743403e-02 -4.156131374032538683e-02 -5.796048817027143335e-02 -2.224946968614050294e-02 4.248874686729704753e-02 6.348442102184735647e-02 0.000000000000000000e+00 2.289155451722730411e-02 4.986982147939119508e-02 1.091344562132094340e-02 -1.023900791791228053e-02 -7.819147785696278774e-02 3.741936909233610498e-02 1.043158420149783439e-01 -1.456540565790665799e-02 2.839033934308621970e-02 -2.028811891914158658e-02 6.678514750003057554e-02 4.675333099659634284e-02
2.086183070114242671e-02 -3.621351743497021845e-03 2.321381362258822731e-02 6.550968655521946515e-02 4.798993638343907603e-02 2.473083426447091754e-02 -2.282472623743716372e-02 -1.305614739803029611e-01 0.000000000000000000e+00 -1.988504939208289232e-02 6.163951040615002486e-02 -6.919388736249725003e-02 9.545041182186675410e-02 1.403067835995691799e-02 -3.880069557585897038e-03 1.080200800072126342e-02 -3.089457788124450738e-02 8.345792484608602346e-02 9.773344987685761431e-02 -2.469636793753160475e-02
-2.247852870834203196e-03 1.277482864001673601e-02 5.643404423258820135e-02 -6.181860661379788568e-02 -1.138999076547250917e-02 3.473419023864012661e-02 -4.451827035821300654e-02 -5.030074873302251004e-02 4.087940760849027855e-02 0.000000000000000000e+00 -5.525755015486767674e-02 -2.306327745114682484e-02 6.242569984914381198e-02 7.119097542744833897e-03 -6.940257922456352646e-03 -4.482133910190290449e-02 -9.412037531841582760e-02 -5.085386747699443405e-02 -1.541171200989477699e-02 -2.421697684502107165e-02
-7.532932717497178854e-02 6.450676777380863480e-02 -1.529923389505333416e-02 6.068257724035140688e-02 4.145691900894686588e-02 6.060071988368311013e-02 -1.266257465133056349e-02 1.013554747546704798e-01 5.982084668419103413e-02 -3.621398703883609710e-02 0.000000000000000000e+00 -9.685325342416320829e-03 1.470645112067683717e-02 9.436406762347904903e-03 -4.423862140748961030e-02 -1.214655693503407900e-02 -2.031183106984508352e-02 6.930705098367823114e-02 -1.526838779913047492e-02 5.700770156061480548e-02
1.276298421803699276e-02 -7.238930401326013064e-02 -1.848937508462927121e-02 -3.691331740276512785e-02 3.112771163756099940e-02 -7.034952118871584670e-02 3.748218698101508234e-02 -8.536903231724268445e-03 -2.647810335720262795e-02 3.802430579363122454e-02 -3.336932556339126249e-02 0.000000000000000000e+00 -2.332437878328610936e-02 -4.610927385215544266e-02 -4.865217136189055325e-02 5.258499965647109309e-02 1.140626657916279235e-02 3.136093175410471258e-03 -2.917381562848072110e-02 3.750662864577815336e-02
-4.917180972912765097e-02 -5.105945600207769525e-02 -3.538999171580617387e-02 -6.266424556398857149e-02 5.468532698930685804e-02 2.070402791738908815e-02 -1.167231422227958844e-02 -3.394872505148261929e-03 -7.516107792952935254e-03 7.214569486649917429e-02 6.391081906210384356e-02 5.167597920501088016e-02 0.000000000000000000e+00 -2.452832206170049364e-02 -4.602978448962183333e-02 -5.415431282468004953e-02 -6.494409699529245239e-02 -4.760256686514263702e-02 1.330374569970135118e-02 -3.516594302470513189e-02
1.551531364084262178e-03 -7.642662966230306942e-02 -9.534240824976489281e-02 4.005322234122109942e-02 5.326497719276564874e-02 -1.121475021389165133e-01 -1.915038398896775186e-03 3.777406918570708205e-02 -1.871334412665992541e-02 4.982467866555904956e-02 -4.799536481698222362e-02 1.300120395627247516e-01 -5.299361680370129335e-02 0.000000000000000000e+00 -4.884738692302016683e-02 -5.341174359037180464e-02 1.744242230995526541e-02 3.305097919826711222e-02 -8.612445007340836095e-03 -4.611429331603374149e-02
-1.112785592673886000e-02 -1.986687312910821821e-03 -3.442300179500858148e-02 -2.137729079274739569e-02 -1.071188200559591505e-02 -2.429800665814822042e-02 -3.061116752662216070e-02 2.307768970897828079e-02 -5.944051541842681335e-02 -3.655994939865841922e-03 -6.531277819349626257e-02 6.666897804280910722e-02 4.079216155269029670e-02 7.262071862226439356e-02 0.000000000000000000e+00 -1.383331534637644022e-02 -2.004874371377097370e-02 -2.865851157100473071e-02 3.494573249371660858e-03 -1.501671624362977200e-02
7.199837721317121908e-02 1.084743098645121889e-01 6.500005985627722860e-02 2.375921958208352877e-02 1.111249860191886457e-01 3.202241542592886014e-02 3.211655748840169800e-02 9.323641094862342160e-02 5.757015818351300662e-02 -7.863432436055914354e-02 -7.874947723694102064e-02 3.291287649878422983e-02 -7.679332001895489146e-02 5.443233429045522126e-02 7.659109197774086053e-02 0.000000000000000000e+00 7.825232075640256579e-02 5.190624790473124389e-02 3.693701886095824422e-02 1.547369397154064498e-02
5.275818469847803893e-02 2.557806958445523957e-02 6.250654815302757183e-02 -1.843742855404200548e-02 3.304832086629235638e-02 7.814628574292105390e-02 -5.658236627704530362e-03 3.984772088405284796e-02 -1.631631279574388693e-02 -3.375268907597236273e-02 -1.812785460107907420e-02 -5.904929335561041187e-02 -4.280053405122178495e-02 -1.896203521769836923e-03 -1.777051783595013854e-02 6.568371698802775126e-03 0.000000000000000000e+00 7.389045817205093861e-03 6.083052835796633889e-02 -6.315310885770303306e-02
5.529762349942719812e-02 -2.051409550396485204e-02 -3.342239211307225510e-03 4.705941315589400736e-02 6.825076749793594633e-02 2.338763136106776497e-02 -7.208247352963959020e-02 -3.854535971464877805e-03 1.265859211731333936e-02 -6.192042678545677664e-02 3.357057368882062492e-02 7.970451664644893908e-02 -1.851502164271521048e-02 -4.577675131555394850e-03 -8.241445143490611080e-02 -4.514220678464432590e-02 5.590213992497575918e-02 0.000000000000000000e+00 1.819910553670681455e-02 -3.224633448386163975e-02
-5.284255786479206962e-02 -5.429417873462342135e-03 1.833816116013734301e-02 -9.501461427624888212e-02 8.272118756084090307e-02 1.007246275408173464e-01 -8.210070875960748249e-02 -1.933154219913897978e-02 -1.332861272773534778e-01 6.537620146438584412e-02 2.996665862450291224e-03 -1.007639777890900583e-02 6.728340972263348319e-02 4.549365756953108186e-02 4.707924360639471201e-02 1.349572713761461838e-02 -9.656464836012967207e-03 -6.388655557012484776e-02 0.000000000000000000e+00 4.641834370275237792e-02
-4.443071690371926119e-02 -7.866988511606143319e-02 -9.122522694876213090e-02 -3.522732022417900816e-02 6.301113046929476477e-03 6.298343015978029313e-02 -9.300579320551249918e-02 4.628379901466467966e-02 -2.093730206954386511e-02 1.055319716805754732e-01 1.104558893954000511e-02 6.852705341672160610e-02 7.615054774396752026e-03 -2.493036199492008973e-03 -1.606962577391647662e-02 -7.022208896832167480e-02 1.313132567194374642e-02 6.437767649528969294e-02 -2.404699685994067179e-02 0.000000000000000000e+00
