0.000000000000000000e+00 9.625779792760348619e-02 -4.657425531623078652e-02 8.080805180383004993e-02 -2.578020985962277412e-02 -9.603402694276388929e-02 -1.471661319209040079e-02 -6.946653292299078720e-03 -1.234972583511279309e-01 4.615602183086452148e-02 -3.577280963435570948e-02 -4.383707891612426827e-02 -8.704348861571303830e-02 -2.193750180533312472e-02 -5.367450514156613811e-02 1.057144504575305115e-02 -3.745741675606742427e-02 7.460054416418364365e-02 -1.036802583909421233e-01 4.061603245006414897e-02
-4.715883874661168373e-02 0.000000000000000000e+00 6.755507917061173706e-02 7.716800484121123793e-02 1.685651135161451292e-02 -8.067822658519570311e-02 -5.639033074129672085e-02 -5.597964906955059383e-02 -1.430977818921799205e-01 6.072991761123805931e-04 -4.494732871101715654e-02 1.076158914555922497e-01 -3.869122488664421267e-02 -7.389985299245402373e-02 1.097005801009517945e-01 -1.840500842889823815e-03 -3.910811532186082157e-02 -1.161306976499462268e-01 1.746247489019570401e-02 -2.240508007987873640e-02
2.017924791668011808e-02 7.662704256501048916e-02 0.000000000000000000e+00 -2.153455981965558125e-02 5.317198202672264451e-02 5.634855658230728676e-02 -4.093686768353895639e-02 -1.073374116532250372e-02 -4.223027017879898287e-02 -2.725235723463714441e-02 1.262779600812825517e-02 -2.661342784473249082e-02 -3.444243495733738392e-02 1.718443658756796388e-02 5.485127182938084184e-02 7.270182706541265805e-02 -3.340109790308550680e-02 -9.363011795597674103e-02 2.099588710035773728e-02 3.720327810517934375e-02
-6.417517903513361537e-03 1.122365014192813620e-01 1.916849464762713021e-02 0.000000000000000000e+00 2.652777696924146084e-02 -1.103789249283427809e-01 -3.948346083001917639e-02 -4.364975907264059124e-02 -1.088535879718726812e-01 1.111416544130092686e-02 -1.316024676708416052e-02 9.022011794433495990e-02 -2.795723307799563573e-02 -1.587630943805002932e-03 1.549405649066667723e-01 2.958702995522860188e-02 4.506231695942337218e-02 -6.912848055606456155e-02 -1.642051417792649709e-02 -4.001828717929158813e-02
-5.217266391509086526e-02 4.343204875159904430e-03 4.712983269014556220e-02 -3.431286049178679243e-02 0.000000000000000000e+00 -3.755123209343159268e-02 6.128725257676640586e-02 1.197546901194255081e-01 -6.689710726849600053e-02 6.629946574187824300e-03 -4.066759047767135732e-02 7.996455297135159068e-02 -9.019294489736938425e-02 -4.172970695472514452e-02 2.800006057599648338e-02 -4.465885557385603638e-02 6.905421337080332178e-02 -2.725207931790919053e-02 -4.992064129545608665e-03 -8.476439701025838616e-03
-9.607841479755570291e-02 7.332747606363836101e-02 5.005699636697270166e-02 -3.005781211687070381e-02 4.402600078518650178e-02 0.000000000000000000e+00 2.586213678660680484e-02 -2.980455605974075689e-02 1.122703211617383373e-01 -8.840581133064882857e-02 -2.908956009060109996e-02 -4.657444401354302738e-02 2.408681328372889313e-02 9.613682198840702020e-02 -9.946814884203750151e-03 5.926306489611243844e-02 -1.353312245009146153e-01 3.526123541572839803e-02 3.898179996333654695e-02 7.613162682993705743e-02
2.572949209893971717e-02 -9.037006494298642501e-02 -5.005552897932992636e-03 -3.908569770487206607e-02 -6.885737110553262139e-03 -5.762822748939006728e-02 0.000000000000000000e+00 1.240982429922158348e-01 2.833769223443610361e-02 1.365987234005898270e-02 5.550624831882893656e-02 7.055292486865590018e-02 -9.031441576492899026e-02 -6.464019675305583690e-02 5.782006220346131570e-02 9.309929808602984257e-04 -7.891080737198798503e-03 -5.679819998798124950e-03 -5.513984749075469260e-02 -3.933037759397536165e-02
1.122239167580621477e-01 -1.650122620808869766e-03 -1.251460368915628327e-03 9.894065643284922357e-03 3.667566752561346281e-03 4.464950852030991069e-02 -6.108824542490436799e-02 0.000000000000000000e+00 5.849834430577514205e-02 -6.978376231651811645e-02 3.950736899432555349e-02 -9.264903498608832721e-02 -1.712016092150473942e-02 -4.882348484506504604e-02 -2.448723182043782264e-03 1.415397424817969874e-01 -9.629340545435984000e-02 2.568915545156731997e-02 -6.208063218814793317e-03 -1.112782200455965029e-02
1.044984497558623660e-02 -7.201914332375152807e-03 -1.101111065033906966e-03 1.104254213944129079e-02 -3.216707617983655815e-02 1.115366369687501163e-01 1.298193263943859047e-02 1.573875254587631806e-02 0.000000000000000000e+00 -5.648549095134430820e-02 -5.031575977099187087e-03 -1.314486821919788780e-02 6.988089258510020441e-02 7.499340229124605572e-02 -1.271674552148636256e-02 -3.569479276055915334e-02 -9.329631024444558912e-03 -4.422394039384331538e-02 -3.437203607869249861e-02 5.566616456413042008e-02
1.164375021254410308e-01 6.853988514193145622e-03 -2.224337616235557563e-02 3.892253548275596137e-02 2.640827177508073970e-02 7.587894137973547060e-03 7.770435553457732958e-02 -2.421273180378802001e-02 -4.317817534196573270e-02 0.000000000000000000e+00 6.326381945751884117e-02 -1.853391824404525962e-02 -9.606979915288839378e-02 -4.597357884718791116e-02 5.079339899893315496e-02 -1.784052692128646617e-02 6.776545029756483873e-03 2.310442246354749846e-02 -3.988469847442321914e-02 1.028084903703249536e-01
2.012457958070916139e-02 -1.268931901796641927e-02 -5.945157608741494931e-02 2.288488569637503467e-02 2.717148977636397664e-02 7.492347202692946351e-02 9.572672166882309486e-02 1.469135800625670334e-02 -1.581909967453874657e-03 -9.135091493652511274e-02 0.000000000000000000e+00 -8.943034701809420006e-02 -3.707553591386665570e-02 2.845981096376937886e-02 -5.213374932176256110e-02 -2.034977124858448113e-03 2.268769445864440501e-02 -5.001777131650319425e-02 -4.166625928452587224e-02 1.586110054944670500e-01
-1.526386061830227112e-02 2.683788592955504981e-02 1.175225399884273353e-01 2.912254809832044819e-04 -2.826912749809271791e-02 4.035189269147811814e-02 -6.753496461217818603e-02 1.323360719130541562e-02 2.882495245789740840e-02 -6.174724736576008705e-02 -5.697969896531713402e-02 0.000000000000000000e+00 -6.010885892966889854e-02 1.981358895911841667e-02 3.599003817405828365e-02 1.472362547547794581e-02 -5.432005637082912980e-02 1.281137944902953352e-02 5.541280655282397605e-02 -6.861781430893569567e-02
1.878312642109878847e-02 -4.229134881166186910e-02 -1.081338364650322875e-02 4.961066874464083870e-02 -8.465811576296164431e-02 3.600460019057108441e-02 -4.322287451338061026e-02 -9.086613658255687787e-02 1.313639930128897640e-02 -1.217186466087688546e-01 3.721110550709039178e-02 1.569527977927192425e-02 0.000000000000000000e+00 -2.929134529401630424e-02 -3.450118269584829395e-02 -1.087266292891450048e-01 8.467837607496390626e-03 4.298625889138977391e-02 1.030412461958372938e-02 -7.632267299273154393e-02
-7.181065052473517563e-02 -2.739566390257758277e-02 -1.237119560752368147e-01 5.336096945644495243e-03 1.322642197009819137e-02 -1.083730314488323548e-01 4.208061749213723446e-02 -1.595206012493059419e-02 1.830320736468713308e-02 3.720355269212378274e-02 -2.033446524072344067e-02 5.421243006380345453e-02 -4.648802940040137888e-02 0.000000000000000000e+00 2.194255595583379913e-03 -4.418428482206686325e-02 4.322455803847266576e-02 -4.227458806158211624e-02 -1.029245822648482828e-01 3.175944629729110513e-02
3.445534533711656910e-02 3.879277463660651265e-02 5.637152535771957490e-02 1.973266114464410428e-02 4.426302760490665594e-02 -3.160898676079393517e-03 -4.372405831825135897e-02 -7.703002722557323028e-04 -3.807850483364483979e-02 1.838777534757504110e-03 2.225492439241806043e-03 -3.759549710384316873e-02 9.292732590753333133e-03 -3.563953987919012134e-02 0.000000000000000000e+00 -5.915363750681704863e-02 -5.934118772702760142e-02 -2.145489243595227746e-02 5.457387111704935408e-03 -4.469836730108039252e-02
6.214396588223351087e-02 4.545766647799453358e-02 1.123505516293688000e-02 4.086337117468719776e-02 -8.294611349473604567e-02 7.083353821124295860e-03 -5.721544896116491363e-02 -2.256519538712501924e-02 -1.563768022285683817e-02 7.176232108130867204e-02 4.091602366294998933e-02 -1.006552395037109832e-01 3.469521014451296820e-02 2.011207725581492384e-02 1.079353004635641260e-02 0.000000000000000000e+00 -5.228840567927064975e-02 -4.655020328828254200e-02 -3.524573769996855455e-02 6.331953671755490010e-02
1.451263509939023852e-02 -5.243734507548065103e-03 -3.103411181801106825e-02 8.501436944387216754e-02 4.603289511302798703e-02 2.435411536374049515e-02 1.917849818687122204e-02 1.215160726684128834e-01 9.283451100154425928e-02 2.960099360233483384e-02 -4.895000773613139566e-02 6.159966600209697968e-02 -4.351925716967078306e-02 -2.454640539651938361e-02 1.359349222994958757e-02 -4.596867343239365022e-03 0.000000000000000000e+00 4.764373065975502364e-02 1.089062586890989295e-02 -1.515183866006706778e-02
8.339742658488553950e-02 1.250270535462913966e-02 -6.224712218298831395e-02 1.402474419071987055e-01 -4.600160444021359624e-02 -1.739781294376299414e-01 2.021047282365137990e-02 -5.081847274765902145e-02 -7.815814950332977684e-02 3.900635214899099423e-02 -5.965178097754413739e-02 1.896788186042070931e-02 3.773037662982579865e-02 6.224427083826881979e-02 -1.175253196330743044e-02 -2.195877817487957434e-02 -5.748337225851109233e-02 0.000000000000000000e+00 -7.326473500003524708e-02 -7.205878540693344547e-02
2.696442771821122922e-02 -1.720387326001201686e-02 -2.786595636693442110e-02 5.195485848454504257e-02 6.013319586211713329e-03 -6.812200486988832793e-02 -3.960652267227081878e-03 -7.707804003821736027e-02 1.949870218532446381e-02 1.508524913187831145e-03 -6.827724276419627758e-02 -3.012971846072065411e-03 -3.328441739236543632e-03 6.868538358840257929e-02 2.115497126310067477e-02 2.946173212705243544e-02 1.007447592984496432e-01 1.560926169662165131e-01 0.000000000000000000e+00 -6.289244530591119910e-03
-3.451389674855908501e-02 9.909669487552360753e-03 -6.148399778442527330e-02 2.737165896955939814e-02 4.970842165141210744e-02 -5.461387671071281716e-03 -6.852085366114075635e-03 3.090583856654821344e-03 -5.561395478399552145e-02 -2.202477222779592944e-02 -9.445692404455093005e-03 3.238491501712447568e-02 -6.063864802815487065e-02 3.027781733610227996e-02 1.005427529144651971e-01 3.172858585053835861e-02 2.449603326794406663e-02 -3.768468396939227225e-03 -2.612000629817672753e-02 0.000000000000000000e+00
