0.000000000000000000e+00 -3.261675734168047180e-02 -3.392983895231634073e-02 -3.071580899881971513e-02 -2.768969166613533678e-02 -9.276804386568675287e-02 3.204737927547815501e-02 5.537524564970238566e-02 5.473983567210453233e-02 8.932490122221798182e-03 5.060554702713136732e-02 -3.157624103760377915e-02 -2.443345815316494418e-02 -4.498317084191964799e-02 -3.527300230386131580e-02 1.198604978300772256e-01 -9.121618373700496329e-02 6.582238278890940875e-02 -9.051347924256092359e-02 -1.236801005175330696e-02
-1.694441043263594402e-03 0.000000000000000000e+00 -2.991102306226435179e-02 7.699301205596929820e-02 9.761929629425925362e-03 8.100226128736241760e-02 -6.660085438633085719e-02 -2.482324312516714232e-02 4.382181418758855640e-02 -6.628308871798339885e-02 -5.579292396588963338e-02 4.394862745851445957e-02 -2.386036247148008889e-03 8.086797659683098161e-02 -4.598674452975476390e-02 9.397194361132189463e-03 2.298871034646633726e-02 2.775328784611371530e-02 2.495724319315529779e-02 -3.775368271900741979e-02
5.083481575638757084e-03 -1.200982448156519104e-02 0.000000000000000000e+00 2.561539943903670333e-02 -6.169556086412280455e-02 -1.138534401375955289e-02 2.217614128044177388e-02 2.313589637562609921e-02 -6.297428671832783209e-02 5.840631654902550540e-02 6.154977985647214211e-02 -2.562216459381540939e-02 1.981900274765763779e-04 4.989480444695511448e-03 -6.121042566481415398e-02 3.696416132499423524e-02 2.415446274948279681e-02 2.623675090939915112e-03 2.431333547915016935e-02 -4.649018488409416977e-02
6.154674086784710924e-02 9.012075196465267612e-02 -8.958000530459460375e-02 0.000000000000000000e+00 6.039572620833727479e-02 -2.967318230732835307e-02 -5.639355085158311021e-02 2.746599050582995433e-03 1.125247958850107838e-01 -3.234378612827326638e-02 2.114653520787157862e-02 9.260278269570149101e-02 -9.056035375452306871e-03 3.278585504644741105e-02 -8.961542368698369870e-03 2.417717413250613373e-02 -4.544624272738891774e-02 1.196198288786431557e-01 2.129653996094014578e-03 1.081561491367923761e-01
-3.208074272336117194e-02 -1.868219628415581854e-02 1.866229857204581427e-02 -5.036684489562045369e-02 0.000000000000000000e+00 -3.371660508837122372e-02 -9.719160821460882949e-03 -6.708455799077579600e-03 2.549256044520179388e-03 1.014316319961910788e-02 5.006727907494824131e-02 2.169355626637933104e-02 4.318982582237417857e-03 5.433699842934157365e-02 3.418616518543190781e-03 -8.858882175952292881e-02 8.243910911650033368e-02 3.821112469284186630e-02 -2.113827979043822816e-02 6.464771316425417524e-02
5.326876642032777991e-03 -9.578624427255722981e-03 -8.451961955205036792e-02 5.057904974393710729e-02 -5.259591188003503309e-02 0.000000000000000000e+00 -6.653459007672318792e-02 6.578993581918084459e-04 -8.104785699211965178e-02 2.279443099216602389e-02 -3.453401470040223797e-03 -1.573582048828621807e-02 -5.345062493819859734e-02 6.605651975193770065e-02 2.406051548340519541e-02 -2.748162293108087628e-02 -1.099130449694799699e-01 1.175961332088317976e-02 -6.590552595904676514e-02 -1.134209613784335630e-01
-3.699253949957635040e-02 9.487556805439599852e-03 4.881575825334619895e-02 3.886631850058922671e-02 1.845575543353897979e-02 -4.597357736531207384e-02 0.000000000000000000e+00 1.036480107508028353e-01 1.018537544814957473e-02 -3.684362303748677653e-02 -3.564835709873553221e-02 7.663693294333420725e-02 5.485706357611723483e-02 -1.772460432824129670e-02 -3.314063127374062417e-02 -2.550323660121512834e-02 5.591193975456820037e-02 -1.401271984510329624e-02 8.633440136803055553e-02 8.243806183949410615e-02
2.324090136735517190e-02 -1.891225316612568652e-02 1.588010037832789656e-01 3.716719692409934522e-02 4.098979854786850147e-02 -7.805950196884912755e-03 3.088001482609207312e-03 0.000000000000000000e+00 1.107847697117630148e-01 3.825740923689033290e-02 3.415532878406940531e-02 6.110271143902117758e-02 8.850271413027915868e-02 -1.464287167656929123e-01 1.659740201929184658e-02 -1.972777970008934498e-02 1.322284498255371643e-01 3.030611715001882769e-02 -1.444703049463797184e-01 6.365809333099524403e-02
7.712552138188340234e-02 6.187565465599733153e-03 4.990563543725707457e-02 3.504464538631676257e-02 1.169519525317127238e-02 9.584587038806408055e-03 -6.678584817861163425e-02 -1.073359498952122099e-02 0.000000000000000000e+00 -4.599484194752454652e-02 4.634367284608967991e-02 6.924433781644111219e-02 -5.942899570301221623e-02 -6.944177094906425762e-02 -7.563405502457853924e-02 2.110918483198186840e-02 -6.393669045214507574e-02 -1.267343019383258308e-02 -3.102857551103670522e-02 2.279820324938217763e-02
-3.640566255657189804e-02 2.671852951802368772e-02 1.093678446856155423e-01 -6.931060540732385256e-02 -1.050207852092817223e-01 1.673713806179403726e-02 -3.905721503358728502e-02 8.459011328659872542e-02 3.529712212884279082e-02 0.000000000000000000e+00 6.851069053579049439e-02 4.572315313195304126e-02 -1.852425911464206792e-02 -3.152311335727610991e-02 2.317591369800196116e-02 -6.459146382045179158e-02 7.207867578678865683e-02 -5.273759816618511787e-02 -5.866838222882175824e-02 2.562291160055592959e-02
2.047898953442945161e-02 1.161602610616939979e-01 -3.124399432770924492e-03 3.005533593880084769e-03 4.074664176797298393e-02 -1.950226854444997784e-02 5.587110517908778357e-02 -1.174273558778701765e-02 1.016556882523292522e-02 -2.882530599004815702e-02 0.000000000000000000e+00 -1.071674083774478980e-01 2.432407221143383785e-02 6.076215547327135785e-02 -8.220309779502307790e-02 3.302002180561391248e-02 -1.760007069116460710e-02 1.406732148143640879e-02 1.680380868715046494e-02 -1.339231464219743095e-01
-7.563460829727240188e-03 -2.522223932649405101e-02 2.923158783965481081e-02 9.949278097911164187e-03 3.534751762755519722e-02 5.773229424369009932e-02 -9.440429644946322918e-02 6.763516214357452594e-02 6.397042085138661405e-02 3.605312592499174129e-02 9.484241220041682296e-02 0.000000000000000000e+00 -2.492576248145876930e-02 -1.356692441027546325e-01 7.620006698715540983e-02 -7.566803322693622935e-02 6.408797232265890653e-02 -4.818316999434715808e-02 -3.932831846082985444e-02 3.814021198975961480e-02
-6.882798830215539065e-02 2.917605676843029738e-02 -9.340387032764173314e-02 1.173780126665798923e-01 1.383738354851249686e-01 -4.959708630210987040e-02 3.703436188428884529e-02 -2.467330396745658766e-02 4.525355157661492544e-02 -7.268487322461039679e-02 1.908616307482622135e-02 -1.450673314890214491e-02 0.000000000000000000e+00 1.063882414755573519e-01 -2.086369829707178034e-02 8.576509935688883535e-03 5.356842535847288096e-03 2.563329679422999240e-03 4.645317803368109733e-02 -9.499533912956996395e-02
-1.375199544175741972e-01 4.373319669677231541e-02 5.017069935803442418e-03 1.841153677108213482e-02 8.667824416732838877e-02 -2.413899056827115835e-02 1.377952663938412405e-02 -4.537001361216230766e-02 -4.971026053805920053e-02 -6.499502583569423397e-02 6.504946624153759571e-02 6.598933882209113977e-02 1.972531385104351123e-02 0.000000000000000000e+00 7.540926431302361066e-02 -3.989679033270560754e-02 1.864315518854260841e-03 -2.579030106878618320e-02 5.825667441126009677e-02 3.270825071591151184e-03
5.523398931996053446e-02 -5.225406736622613402e-02 5.530446069580938206e-02 -1.499555427882563047e-02 -2.087906086858034096e-02 7.271904620528715042e-04 9.834866129538813104e-03 1.864903556443332083e-02 -3.827105211483406572e-02 4.165645635185945272e-02 -2.880557168920303349e-02 4.806483914825426806e-02 -2.985223491813105215e-02 -7.017607191507783948e-02 0.000000000000000000e+00 -8.848338266344156489e-02 -3.207274983089493901e-03 -2.910984482392199937e-02 4.999075211403260222e-02 1.029719393785932663e-01
3.292510633825601607e-02 -5.603729988994128608e-02 8.819830480987017607e-02 -5.805021960517104535e-02 -1.655997797782340561e-02 -7.833697155082830488e-02 4.052085584654417649e-02 3.382464144705678993e-02 7.031301690856220366e-02 -1.265530206345334349e-02 1.927046202547803150e-02 -5.770548416872097082e-03 1.874118677330558966e-03 -1.295620933795789687e-01 -5.542771557693704221e-02 0.000000000000000000e+00 8.952269763314568349e-03 3.615293620974744521e-02 7.575621121617295492e-03 -8.294685201924117957e-02
1.060586038470422154e-02 -2.524415115997069234e-02 5.334566531712592319e-02 -4.420829438846088366e-02 9.178288193192081848e-03 8.997897631519614914e-02 -4.558478348547055636e-02 3.348505893568293201e-02 -1.278693538301321070e-02 2.826656256087056382e-02 -2.525467973714473624e-02 8.747691997997614384e-04 3.969284319980075082e-02 -9.012697895474887366e-02 6.951451549717077572e-02 -1.460719292063688557e-01 0.000000000000000000e+00 -5.764299598207996839e-02 1.908827673829576257e-02 -2.093013661465239691e-02
-4.094000652433637394e-02 -4.370986628420360336e-03 4.899471776317703559e-02 -8.349174601184981143e-03 -8.912608742786579455e-03 -1.086330280495589606e-01 1.061070542068477500e-02 1.597817281251910290e-02 -4.009454676386604161e-02 -7.561709578778953722e-02 7.009271917728668311e-02 -9.802021013408818151e-02 1.076523520419914309e-01 8.425796903309262786e-02 -4.446483013251617544e-02 1.944467196569323736e-02 1.699881627428267289e-02 0.000000000000000000e+00 -5.080521176355119739e-02 -6.057003873719420811e-02
-6.069842443743983518e-02 -4.281886652069114008e-02 -1.036410009711302288e-01 -9.291868271404141177e-02 8.072578849937570022e-02 -4.523207522855968860e-02 5.121005535570564982e-02 -1.508721752855286119e-02 -1.028256047859296973e-01 3.454744434435539496e-02 -1.232185054454588841e-01 -1.936950574262853025e-02 1.237224059620742854e-02 6.358676849391239894e-02 4.984311104155715599e-02 -1.569950624854654989e-02 1.630486016392669450e-04 -4.995439980952166154e-02 0.000000000000000000e+00 5.131338055009857652e-02
-3.986955140581121410e-02 -3.733924601029909879e-03 1.564278436210684436e-02 -3.448103107373478443e-02 -1.353074532048567299e-02 2.359593648300619458e-03 -3.081616178404357476e-02 -6.842471027578987675e-02 3.465885472445644905e-02 -2.637545307750386106e-02 5.830279893277271613e-02 8.481816192651915609e-02 -2.975453917806230794e-02 -4.649983730491241002e-02 2.936904723177567733e-02 -3.145511427236170193e-02 -3.846258675815281830e-02 -1.560841959498053370e-03 -5.086206529809434579e-02 0.000000000000000000e+00
