0.000000000000000000e+00 -6.025724563832017544e-02 -2.034690199384057638e-02 -7.341917569322402304e-02 -5.485625558145156011e-02 -9.921030435122236979e-02 1.935041921584258057e-02 1.870319265614958995e-02 -9.464977026248752590e-02 -1.472574750093065370e-02 4.411587514953917155e-02 6.331197399895641120e-02 3.305830419174073109e-02 1.728145039978162432e-03 -2.268478604239424282e-02 2.045046439431437782e-02 4.856557035319609972e-02 3.541824592329548965e-02 1.465157302295316474e-02 2.452535591664360692e-02
-4.430414119203238826e-02 0.000000000000000000e+00 8.912635052985574957e-02 -9.148431664128996860e-03 -3.899851692331621471e-03 1.003773665471936888e-01 -2.378883681714590373e-02 1.168953962341972991e-01 9.017747459834376741e-03 5.066494841666620980e-02 1.279982063769563062e-02 4.441201566947448887e-02 1.085782503121018594e-01 -3.411687272457448322e-02 9.404879802899848706e-02 -1.171461803776110699e-01 -9.631201338066858186e-03 4.776303486436514478e-02 -3.933586368204487760e-02 3.875341050224886952e-02
5.724871684921517545e-02 -1.172565051763740061e-02 0.000000000000000000e+00 3.350272063506187781e-02 4.822919139183587389e-02 -1.076789876098340447e-02 -7.491664747018968694e-03 -6.424949597462115483e-03 -1.021850308048670442e-01 -1.326131983949974114e-02 8.878662464383414721e-02 6.317654054160723454e-02 3.192617554009385961e-02 -3.476343346621126734e-02 -1.733552339844803697e-02 2.898192789083798432e-02 -8.038009335649073245e-03 5.265708851020172755e-03 -3.325261135016700786e-02 4.551416648564561573e-02
-3.618618829779713525e-02 -3.280587709280481656e-02 6.048867365315752087e-02 0.000000000000000000e+00 5.222415082441090456e-02 -7.034733726063642500e-02 -1.612596398886700089e-01 -5.869852023225555909e-02 -7.286580951782670179e-02 8.013058880713803955e-02 4.342314372836309638e-02 1.208229330331968138e-01 -2.990642659545513643e-02 -3.295828500640697600e-02 -1.277367184437740687e-02 6.882478643647804706e-02 4.647902186029671465e-03 5.330475783700224825e-03 -4.153143786042624852e-02 1.264220646559095218e-01
-6.428353097249032977e-02 7.759194402608913729e-03 2.793763384371295705e-02 2.459078497281141570e-02 0.000000000000000000e+00 9.085319614770108465e-02 -1.332201889039820973e-02 -4.586137584479332840e-02 -5.015923797359121694e-02 4.816352234574900609e-03 -3.116582808644262695e-02 2.990144857540635512e-02 -5.240981014351028117e-02 2.091258383585817629e-02 8.603138558475399711e-02 2.552586336143372603e-02 6.537071842839420333e-02 5.780957480954786176e-02 -1.057350425009966760e-01 6.333279748119875763e-02
-2.294520582726380584e-02 3.980065855569359101e-02 7.387904025395446161e-02 4.550226112258980854e-02 1.770485771522304491e-02 0.000000000000000000e+00 2.387849590408096592e-02 -9.249953200861050009e-03 1.793817935166874128e-02 6.140064330955782163e-02 -6.291404373890273349e-02 6.041786892682172311e-02 7.997260344669315790e-02 -3.293233652289506014e-02 -7.819054301086098002e-02 1.105134947035009002e-01 3.124413562092431818e-02 7.979387694778300108e-03 -1.498309885129707648e-02 -2.823168365092773319e-03
-7.679158949773803172e-03 1.167907156572121560e-02 4.405240265520340461e-03 -4.802006341785584886e-02 -5.820759704286279645e-02 3.170112480216986505e-03 0.000000000000000000e+00 -8.077632479022227308e-02 -8.173218930668899040e-02 -8.779254686963007537e-02 3.391585037229553207e-02 -5.757650015903690438e-02 3.549628742412801879e-02 7.879226653965006738e-03 7.075595394436785812e-02 2.701683784129719698e-02 4.191562216783305261e-02 -2.376087073570002858e-02 -8.362171701008246083e-02 1.255881080910746343e-02
7.341717583105757117e-02 -3.811903708932763701e-02 -5.340729053085471745e-02 -2.767432885084163824e-02 -4.237858467260898626e-02 4.877277609609679404e-02 2.581408568639680795e-02 0.000000000000000000e+00 1.024419139445181121e-02 -4.631559463640646385e-02 9.690642023147526263e-02 -1.940915379200385156e-03 -3.830091210720696498e-02 6.771134514409608840e-02 1.189041649529523625e-02 1.640219042407876741e-03 -4.598848880622200680e-02 -7.426194828126868319e-02 -4.822257881949326003e-02 2.992295980103026800e-03
-3.731672246679514776e-02 5.058726504959720066e-02 2.372939196440068330e-03 2.260192644460936803e-02 -2.505701188383562331e-02 1.478730905737355925e-02 -1.935877924155089344e-02 1.203974779825981584e-02 0.000000000000000000e+00 -3.653257147317952314e-02 -7.233338229314135136e-03 8.716348370750015562e-02 -2.314590948640588876e-03 6.293240882048913021e-02 7.745090010216436338e-02 1.820099978574310842e-02 6.572066355482757138e-02 2.385161413650529680e-02 -1.247786807429936660e-02 -3.099951921979844562e-03
1.273444008251743568e-03 -4.551013593480540687e-02 1.073703280272200883e-01 7.589701043120780297e-03 2.260064209244629085e-02 5.335384623748067739e-02 -1.496504467637827518e-01 3.478346657221819543e-02 1.786889099081509849e-02 0.000000000000000000e+00 -2.342713074596936701e-02 -5.051349840164076448e-03 4.348911965992612733e-02 8.799078152698082411e-02 1.477048364290986168e-02 1.896211968786883084e-02 1.596678354649975692e-02 -1.155210152170451851e-02 -5.050822760413222617e-02 1.538163321251159732e-02
-2.746210991718625247e-02 -9.226964957266703404e-02 -4.783130227213160113e-02 4.987713438944775882e-03 -3.763534029511778241e-03 -2.637441289855702031e-02 -4.273270786707024371e-02 -4.185462998125744072e-02 -2.034937817017402895e-02 -7.442459395253561705e-02 0.000000000000000000e+00 2.810376496762225645e-02 -3.451365750452219106e-02 -3.370290426413448392e-02 -4.549437929549694781e-02 1.620407432996823563e-02 -7.396505243228315707e-02 -8.763153073416818720e-03 4.348369926919091327e-03 -5.473531935309326052e-02
9.970288899380324015e-04 -5.897823572740710368e-02 -2.556943881060435436e-02 3.531101550274640122e-02 7.549068749832192615e-02 -1.636421512037950637e-02 -6.164437120021116351e-02 4.881534010647613220e-02 -6.426408014014792225e-02 3.325401080083677241e-02 9.277492766818468128e-03 0.000000000000000000e+00 -1.456830436336020197e-02 -4.234430745035030336e-02 3.863597649933760148e-02 -1.598243329073602975e-02 -6.425167887425922708e-02 1.556343942421246039e-02 -3.555547463957692278e-02 1.353929237373654171e-01
5.215603962780024361e-02 -5.425291379916601098e-02 -1.349454821438947176e-02 -6.425770219061266442e-02 -4.287520790349922534e-02 -4.910538165888698320e-02 -7.562461509498783797e-03 3.264758488232812755e-02 -1.243637284536014062e-02 -3.723987952500230209e-02 2.402916188885854953e-02 3.937534565244063534e-02 0.000000000000000000e+00 8.647754050788056257e-02 8.153393281100010381e-02 -5.962908958175212881e-02 4.159844724287087118e-03 -8.270324786249680718e-03 3.053756496527187947e-02 7.124060216627618736e-02
4.364752822887519451e-02 -2.635346580514444717e-02 1.982774946017929960e-02 -3.092110632434199539e-03 9.540274343403663815e-02 5.328608549514776867e-03 1.035120080906752485e-03 1.781194792972646797e-03 -1.405680444499922063e-02 -5.465419467046510327e-02 -1.906290375820691996e-02 -3.478364347308594839e-02 -8.124748769050323116e-02 0.000000000000000000e+00 7.399700455145514534e-03 2.422322421934302444e-02 8.871259948660251138e-02 -3.977781814169487756e-02 -5.429742015988461151e-02 -3.599752096672700907e-02
1.195616376600986963e-01 -5.394170500759831385e-03 7.168538037738821089e-02 -1.529830950434216963e-01 -4.086223822564596236e-02 1.054492453983622291e-01 8.600815390140119365e-03 6.661766047789241529e-02 -5.113951943625015539e-02 -9.567110426587133176e-02 3.270803666386493114e-02 -7.031115632428330299e-03 6.852778129381906572e-03 1.020599687209980816e-01 0.000000000000000000e+00 -2.836738118717956579e-03 7.068472411946233325e-02 6.124962977426523514e-02 -2.050456790845510066e-02 -4.564347119054192568e-03
4.886369940458101802e-03 -4.732143577370219456e-02 2.664631487893099129e-02 -6.414569589056806544e-04 -1.307806247333688499e-02 -4.257258443223044253e-02 7.080463175155569944e-02 -1.125807484509470796e-01 8.049138961091439892e-03 -1.263324438333678947e-02 -7.884790771435944146e-02 -3.077664512345823847e-02 -3.619202706355841622e-03 -1.670600469981283268e-02 -5.612648106699080069e-02 0.000000000000000000e+00 -6.644830419134608104e-03 -7.481996909754434766e-02 1.446451088582181377e-03 1.071980962858154474e-02
-2.985381835007404686e-02 7.262909538468118043e-02 6.542653815310459087e-02 -1.168693552013755910e-01 -1.033088564024679627e-02 -1.534976220435007796e-02 -5.292527450541319872e-02 6.965719350226894091e-02 -2.530155847979806676e-03 -2.999561541048819877e-02 4.399620087840389743e-02 -4.076821621869892998e-02 -8.666040516300699270e-02 -3.658007144757114554e-02 4.119634581060315631e-02 -2.497685160959425832e-02 0.000000000000000000e+00 -4.801820276810831248e-03 -8.077198391847538461e-02 -1.005354265164180860e-01
2.031857840535442397e-02 3.951985321346109664e-02 1.013332168300467018e-01 6.723625682441872198e-02 2.380528948795083283e-02 3.245826223116349274e-02 -1.152471351858904841e-01 -3.507410788973026189e-02 -2.883130224540783951e-02 -1.033352455516683976e-01 -1.223956571374241326e-03 -2.994789121374732618e-02 -1.110523542697049691e-02 6.222904209404883646e-03 -7.933710582580091875e-02 -2.037465616231834420e-02 3.487882140618251553e-02 0.000000000000000000e+00 8.783949312305890100e-02 -1.631656312120042043e-02
-7.500311589032514215e-02 -5.157225082499512087e-03 4.827480052455224158e-02 -4.333252014187711360e-02 5.734895498816026949e-02 -1.314834307067277996e-02 -3.423449126086979682e-02 1.580319103557586632e-02 7.029351190004332062e-02 -5.239907926824887568e-02 -9.375737379330609245e-02 2.159611306172860151e-02 2.505092381970173629e-02 3.154099075032139321e-02 5.647916085694120597e-02 -2.057816508172961509e-02 -3.043901321096505880e-02 -1.523508054550334022e-02 0.000000000000000000e+00 -2.801849738696298494e-03
3.588107385212847833e-02 1.345730287016196590e-02 6.252322100582366482e-02 -6.899451113650503786e-02 -1.943083885425164054e-02 -2.174203613594289861e-02 7.018950027931718239e-02 1.181596110654077950e-02 -4.234082989166475935e-02 2.415275967983161048e-02 -2.328285716983649351e-03 8.496963120965718083e-03 9.273661346600582667e-02 9.018346813754743452e-02 1.080041360433638825e-01 -4.980759806555005303e-02 -1.108175225818312619e-02 1.306467339712770979e-02 1.058254877890066510e-02 0.000000000000000000e+00
