0.000000000000000000e+00 -7.612517270299524151e-03 -9.508961715626004785e-02 8.793504710860723661e-02 -1.305266871606732548e-01 -4.410144651667861210e-02 2.697172980889345293e-03 -8.072812428702949572e-02 -3.788537966015469854e-02 -2.892262883361281303e-02 9.778315327033340609e-03 1.428654923591355652e-01 2.378954890943172154e-02 -5.945557885942254206e-02 2.925165354042017635e-02 -4.577553482066167023e-02 -5.648025179719695643e-02 7.568369013865201833e-02 -8.942308206586499497e-02 3.010176457226445765e-02
-1.244336502512792021e-02 0.000000000000000000e+00 2.006133832102049291e-02 -4.960788984752664138e-02 -2.529836207957012265e-02 -3.653917379649754965e-02 -3.733882122605568926e-02 -6.772690263043920633e-02 -7.652684524751350581e-02 -2.323412194660728035e-03 -9.076296429578441585e-03 1.046511444325011198e-01 -1.309591411978459630e-01 6.974141658022205842e-03 3.643594092413825203e-02 6.625624058792405069e-02 1.334669366960856626e-02 -3.229710031545042492e-02 -2.420654863930056522e-02 -2.901982915648794741e-04
-2.120621822347792257e-02 2.984318690508048003e-02 0.000000000000000000e+00 1.004455603106960832e-01 8.011251736442991100e-02 -2.992859295838805334e-02 1.010306695278963274e-02 4.173089514398005580e-03 -2.965370480149098070e-02 -2.088216421459947181e-03 3.337912021175039323e-02 -1.548083656727952673e-02 -4.326365332801836855e-02 -1.371770304108239566e-02 -5.860955929790930170e-03 8.638094968224761805e-02 -5.271343298975467856e-02 1.615199415435428221e-02 2.136972735292511083e-02 -1.295678440828774980e-01
-5.874712205703494852e-03 -1.160304739959704817e-02 -1.867259671018648001e-03 0.000000000000000000e+00 -1.246106987603261412e-01 -2.009227493982275806e-03 -8.317018739964938956e-02 -7.014993942482525280e-02 5.345603826996352809e-02 2.134134574107769688e-02 -5.131220879170870358e-02 3.716869939731875377e-02 -4.468423673669504742e-02 -1.924978703193076617e-03 -7.141390139256967307e-02 6.615842426597695614e-02 -1.424013554696288153e-01 -7.180377789364060168e-03 8.905365239253056758e-03 -9.301394278613628330e-02
-3.419956064613997176e-02 1.491728261232700553e-02 3.901534490215263079e-02 3.711099478524797213e-02 0.000000000000000000e+00 -6.388465395745833442e-02 5.330774402448410637e-02 6.576234378067752351e-02 7.530313969847183750e-03 -2.059643041768776696e-03 4.107860334558163578e-04 1.082649794829417499e-02 -2.123887617614039075e-02 5.287896404781744497e-02 -9.724064971478839359e-02 6.089586313915863053e-02 1.874492357567887971e-02 -2.745492453864376405e-04 6.361715959374776574e-02 -1.154267258036746624e-01
6.955536679508414477e-02 -8.968551406773835923e-04 -7.763692722851042727e-02 2.406352331410829479e-02 -2.883665343837706410e-02 0.000000000000000000e+00 1.011865914491296564e-01 1.244068044950360011e-02 -2.970166569004380197e-02 -6.480622251965685587e-02 -2.938162428884088379e-02 -1.514312504298977527e-02 -5.036831527087716476e-02 -4.871617864621598237e-02 -1.398546588399555285e-03 -2.761103941275021637e-02 -4.686042112287907430e-02 -5.437634514218668558e-02 1.396851806733125922e-01 -5.999319826950146040e-02
-4.326865719782391206e-02 1.538614954172344215e-02 -1.018990718872377771e-02 2.021441890693449761e-02 2.426380263333188791e-02 5.398407338091479324e-02 0.000000000000000000e+00 -3.736806866703599322e-02 5.094894300159837075e-02 -9.851276404789224839e-02 -1.951394201626704614e-02 -4.289283513582741597e-02 -5.654769076206608847e-02 5.300931315479917583e-02 -4.078278616506106000e-03 3.733868097730452112e-02 -7.600815462710602821e-02 2.399467055100752699e-02 2.639640026812431137e-02 -4.530917578412438362e-04
-6.804502313279413295e-02 -1.372258151269950890e-02 -7.225968401444621270e-02 -1.102718902065946416e-01 2.151686772712747553e-01 5.919389369196883383e-02 1.291521660227271384e-01 0.000000000000000000e+00 3.831857974948755380e-02 2.978188680679261929e-02 6.036869170868389145e-02 -3.238907589581046381e-02 -3.657345497939107262e-03 -9.351642939378103370e-02 1.394502862508431931e-02 3.369732750686189882e-02 6.986094355789213006e-02 -3.841151751756578803e-02 1.276211941381125980e-01 -2.306589678733855439e-02
-6.983634531960056235e-02 4.454999629532116479e-02 -1.662018392973032416e-02 -7.274816383320047153e-02 2.968245791183784718e-02 5.079317115661933363e-02 2.738504291552597975e-02 3.187549601108041059e-02 0.000000000000000000e+00 3.532333124209952741e-02 8.189965388024703086e-02 -1.097016582695310577e-01 4.311742313075647356e-03 4.732845609550098698e-02 -1.194567637940261232e-02 -3.427199601237389953e-02 5.924307246321973419e-02 -3.032286791502870546e-02 9.348612266417323166e-03 5.998858817882563726e-02
8.251965888293376350e-02 3.639221885642036219e-02 -3.331636681360702207e-02 3.483029601051203933e-02 3.695862411479394066e-02 1.221997866101538072e-02 -7.154923178162356234e-02 4.628252400444183255e-03 1.472270555092842700e-02 0.000000000000000000e+00 6.404686282868785052e-02 5.589371047367473755e-02 -7.761296348269224044e-02 -5.096884891036189413e-02 -6.771982513956012473e-02 9.529930518403116613e-02 -1.685940102411003210e-03 2.661343999299851590e-02 5.229959890075953910e-02 -3.432401934518850700e-02
-6.989750265615558844e-02 -2.908070425229139153e-02 1.219591583433219002e-02 7.517301284665965644e-02 6.500015798440168802e-02 -5.026580672341101480e-02 2.546002193488680621e-02 5.352213279382134203e-02 -2.401130201260662927e-02 3.245060810279118239e-04 0.000000000000000000e+00 1.611167972490841829e-02 -1.872921088928235916e-02 -6.629773693059999584e-02 -5.081544304448474408e-02 3.303252377161652181e-02 -4.677322197373534607e-02 7.871877420275084913e-03 3.182095530175994835e-02 -5.897984189211823852e-02
-4.557121886853868209e-02 9.449855022866406051e-02 2.668578991078132331e-02 -3.070729121894318417e-02 2.758949702423678721e-02 -5.515754150269387701e-02 3.226196222165290950e-02 2.315712171492730065e-02 5.713298114474312656e-02 4.367380650486415300e-02 1.696556976392696314e-02 0.000000000000000000e+00 -1.583600694211344945e-02 -1.643308571175004090e-02 -5.144716592314472342e-02 -8.471253672035855553e-03 -1.095759784087445704e-01 8.588928654453553690e-02 -9.839283359599382273e-02 1.125302088935259057e-02
-7.378539739631097272e-02 -8.628114297485538209e-02 1.863146786499113999e-02 -3.631250721632534734e-02 6.896541385998941967e-03 4.043542733635101250e-02 3.967037243547672344e-04 5.317768917816290131e-02 3.915592833884760232e-02 -1.755898010259802910e-02 -5.046754086854349751e-03 1.553555880590173346e-03 0.000000000000000000e+00 3.474375966307567676e-02 -1.132475163045301852e-01 -7.999770815820206327e-03 3.558639201525252288e-02 -4.316919780300073478e-03 3.215768632087049467e-02 1.065263882023754771e-01
7.146449128397048232e-03 4.873792158934094065e-02 -2.735180734908129394e-02 -6.601987982173057601e-02 -3.386874361933658178e-02 -4.829404804093039710e-02 6.260646762388091596e-04 -4.799055119994453944e-02 -1.880125996393795101e-02 -7.728095010200768111e-02 -1.013492345691932722e-01 -4.076136601173584173e-02 -3.428016679366320540e-02 0.000000000000000000e+00 1.435745538218272457e-02 -4.460865419461330222e-02 7.298194477742905861e-02 7.212793279373452826e-02 6.102779595777476848e-03 2.939733199641338460e-02
8.823630747888437653e-02 -1.197936299487873668e-01 -1.070647543259461570e-01 5.005427018245525717e-02 -4.678682766024602757e-02 -9.835875766408683912e-03 -3.342954870814248552e-02 -8.473076325316898638e-02 -4.312456732823147926e-02 4.808999759109978261e-02 4.143742405962490272e-02 -6.643478436816541675e-03 1.082116466756822687e-01 -5.985806901489052617e-02 0.000000000000000000e+00 4.909388433112071154e-03 -7.070477415021877987e-02 -1.820048829292661777e-02 -2.006132700376793768e-02 -5.464112617050560089e-03
4.261803379680070836e-02 3.643598222934787273e-02 -6.852605628203517485e-02 -4.646831792140031225e-02 9.384147605253670768e-03 -1.216609880264642000e-02 -4.318170437817397955e-02 2.347200633777415946e-02 3.105641601495945023e-02 -4.314402174614894586e-02 3.221186747147785495e-02 -8.982854458196931624e-02 -9.800065744631525355e-02 1.047810639988661606e-02 -2.759836314015818443e-02 0.000000000000000000e+00 2.616391167430875617e-02 -4.861756730218962791e-02 2.257949671901052918e-02 -7.963949325230265663e-02
-1.068700078356748726e-02 1.240066633052433337e-01 4.664955665701528252e-05 -7.977511120625840890e-02 4.901503760247728075e-02 3.036848920430314930e-02 6.391107744711230221e-02 3.736209765098943720e-03 -5.384283683435873297e-02 4.710743934687758316e-02 3.860527743381125115e-02 -6.431048331275637797e-02 1.394260605311938885e-02 -1.261310530880705577e-02 5.456893922970492555e-02 6.744585532348882848e-03 0.000000000000000000e+00 -6.953820110307689512e-03 4.950322253085042562e-02 9.670787782531017548e-03
-2.934410601623303055e-02 -2.458581105986574339e-02 2.409387185633758005e-02 2.737814153020767804e-02 9.424845376989951506e-02 3.078742612136609741e-02 5.592262405440390216e-02 9.533735828878779628e-02 4.054013311233593993e-03 3.622535154370629812e-02 -1.380231567181446420e-02 1.941382685701890584e-02 8.963152312714924019e-02 2.973937279465366582e-02 5.257894129020336538e-02 -2.547085268177921857e-02 -7.765359966873679187e-02 0.000000000000000000e+00 -4.138516898318721909e-02 1.150799163289027843e-01
5.192800225935950698e-02 -8.223682942292573350e-02 -2.688922079183225095e-02 -2.003653772257628016e-02 2.023948473179664961e-02 2.673880569183088255e-03 7.685637657158335412e-02 6.609093133308735490e-02 -1.300875740114428546e-02 -6.308756345735663795e-02 4.649437049502516683e-02 -4.769131456458060823e-03 7.747625092795017154e-02 -1.463277764653413528e-03 4.344199525962473551e-02 1.278859154076608662e-02 -1.216440227997937946e-02 -1.384442527622935064e-02 0.000000000000000000e+00 1.219128737040706678e-01
4.676570914401223522e-02 -1.604816065149541199e-02 7.799496677509956503e-03 2.446790345354186644e-02 -7.371461248195768090e-02 2.331922457206472062e-03 7.206321279499725008e-02 -3.910834656428992251e-02 -5.904755168300927087e-02 -2.994105252489004257e-04 7.924259254448809409e-02 5.247431021222801611e-02 4.158979362670445906e-02 9.964652574295038145e-02 6.710651689461900882e-02 3.925780589283366095e-02 -4.081772006908187395e-02 3.283122666755707020e-02 -7.482283406104928494e-03 0.000000000000000000e+00
