0.000000000000000000e+00 4.506317296803195871e-02 -7.637871142610921406e-03 1.073528774132596897e-02 1.451207659358591875e-02 1.256341971389076662e-01 -1.308408860685809916e-01 -1.447457987759742659e-01 1.141512227729823102e-02 2.340332785040370733e-02 2.549509704627801049e-02 4.071277436960801105e-02 -1.047756706341762267e-01 3.166362660462010425e-02 8.523423833134333161e-02 -9.008400925238987597e-03 -5.936910623775500107e-02 4.804729522103874662e-02 6.269306622964712639e-02 2.095220317987745145e-03
-9.561755324249707200e-02 0.000000000000000000e+00 -7.533543978028874044e-02 -2.526206672017222276e-03 1.435506955409170289e-02 9.818621815079670023e-02 1.208828632758602861e-01 3.845945121705528214e-02 2.097202468424713695e-02 2.713948830564116496e-02 -9.700879052776671674e-02 -1.442740940492159563e-01 7.131391795098974973e-02 -6.186560750214952897e-04 -8.138409782365460489e-04 -4.112941371828159054e-02 -4.616338403350671304e-02 -3.689204658442295920e-02 4.877403395748758363e-02 -2.608124419149205481e-02
4.375690470883389360e-02 -4.046999216783886411e-02 0.000000000000000000e+00 4.891581863013101661e-02 -3.431823973981140696e-02 -5.701792561350062238e-02 5.964019531192688017e-02 -8.577087369721757282e-03 -3.314865860965023839e-03 5.205973873001398106e-02 -4.833822247115659998e-02 -5.152928837864895195e-02 -9.349965974837513849e-02 -6.228979585059595675e-02 -1.665984614135980826e-02 3.279013105008489470e-02 5.600158306835444771e-02 -2.397628300495150896e-02 2.978773162258798943e-02 3.779850579005124972e-02
1.082601897364832144e-02 1.284253542729626302e-02 1.185798798349902566e-01 0.000000000000000000e+00 3.678100763844609905e-02 -3.310915314144328297e-02 3.526986096367331486e-02 2.913031553512408431e-02 5.271202365598043164e-03 2.020380178203198124e-02 8.692536487347091168e-02 -1.497515660109656997e-02 -8.399506129044647523e-03 -2.597604621971675437e-02 1.253269695022850572e-01 -1.968093510530076820e-02 1.425333220230838756e-02 4.341467939683821969e-02 -4.762608452771208839e-02 -6.854407157262776273e-02
-6.290593619329909458e-02 4.885421643709592782e-02 -6.834422310088739128e-02 2.702210972689456352e-03 0.000000000000000000e+00 4.240843213065346312e-02 -1.594912857728317951e-02 -2.986638700669836180e-02 -1.965755626554422167e-02 -3.301670227632146071e-02 8.171114118792999204e-02 -1.999615095337935883e-02 -4.076184266552141527e-02 -3.183032898799609961e-02 3.816973750907785845e-02 8.495797971410581559e-03 -5.270548617125609542e-02 -3.450902791461875341e-02 2.014418278041705049e-02 -2.290430798637890786e-02
-1.393707272089844962e-01 5.508334916802110764e-02 1.348136055216797927e-02 5.554808624785584348e-02 -2.186823517254623400e-02 0.000000000000000000e+00 -1.023573674948391812e-02 1.650816710208039689e-02 -7.131507639959366873e-02 2.107820052984379217e-02 -1.399438610380445737e-02 -9.648446057252763053e-03 -3.293943991686018591e-02 -6.922228472285062162e-02 6.172502196061086660e-02 1.409796833464063183e-02 -3.949542813686453963e-02 4.558292476616335881e-02 -2.045124082168583643e-02 1.086256745316460312e-02
1.572572431067465956e-02 -5.584916011308128925e-02 -3.663082044231565776e-02 -5.428840822429222696e-02 -1.646091391733309900e-02 7.593203623333558139e-02 0.000000000000000000e+00 -5.023478591993359860e-02 -4.302717243165771199e-02 3.858381351274049048e-02 -1.190189429528384218e-01 -8.006670612930934239e-02 5.025302424331562663e-03 -9.013798003507011991e-02 -1.111970546945909993e-01 -1.375491462523357501e-02 2.755630790466491540e-03 8.180914834712901818e-02 1.365264254099586849e-01 -1.870285174927819108e-02
-2.162846238397850979e-02 6.510536100568711793e-02 -2.124707545109944321e-02 6.664949733797215226e-02 5.760391925156831128e-02 -1.767770664025464927e-02 4.184807015864123320e-02 0.000000000000000000e+00 5.984488921977019343e-02 -7.399171360340021930e-02 -7.349493153291941638e-02 2.781055274894555368e-02 7.263424046576612281e-02 3.569532724681037661e-02 7.775927010555206201e-03 4.773766038847480214e-02 -4.118256410070637169e-02 -5.250160283456015153e-02 -8.573507488979191515e-02 5.230697614736986439e-03
4.691179047435489052e-02 6.306694722147850041e-02 -7.045858464318453807e-02 -1.271400930462925905e-01 4.463003721389433021e-02 -5.368766526359310814e-02 -7.079643866276615072e-02 -2.341470196193302239e-02 0.000000000000000000e+00 2.552933460915794012e-02 -9.884510472458328534e-02 8.640643284942854663e-02 -3.791373780660770021e-02 6.109211336028747691e-02 -7.514199888108570591e-02 2.348724665198353382e-03 4.938150425318923314e-02 -3.288441978958511758e-02 4.028160590360164994e-02 3.021398323453437784e-02
-5.191861010580485145e-03 3.761222566373030596e-02 -7.847758325083184147e-03 1.361826492705596192e-01 4.814301079848416764e-02 -3.292771177014507805e-02 4.142701371114366343e-02 -3.757814493313225979e-02 -3.817729992053005023e-03 0.000000000000000000e+00 6.256251421626753476e-03 -3.792210403436505756e-02 -1.052892078185772330e-02 -1.409770661871382995e-02 5.771694601521919904e-02 -1.007338135468257012e-01 -6.741760721363913855e-02 8.366453870074117005e-02 5.531400103472652874e-04 2.431394865847879075e-02
1.107898594534771491e-01 4.507774351259693363e-02 1.124637021636747634e-02 1.057171821204276052e-01 -3.210939245407971182e-02 4.339893323954475274e-02 -3.688698451204270798e-03 4.612047835422612013e-02 -4.899673907748131052e-02 -1.800960417183108909e-03 0.000000000000000000e+00 3.145193094026509789e-02 -1.681063702375487287e-02 4.280567289900753455e-03 1.394225291424708822e-02 -6.776087057648913503e-02 6.140841029877487645e-02 -4.767383935758508912e-02 8.072636830441409783e-02 -1.172262104971403263e-01
5.204482194826377806e-02 7.346479264299535239e-02 1.711643121978028695e-03 -1.294248141453668843e-02 3.772647444178838655e-02 5.533942040412594306e-03 -7.062282385139208307e-02 8.435431549121082118e-03 4.724177872996070809e-02 -2.013741761539193653e-02 4.118052787471867399e-02 0.000000000000000000e+00 -1.013188445348846278e-01 3.800203937477054927e-02 -3.474445404982717117e-02 -1.994785799954589770e-03 -3.206479950161446844e-03 -6.445042595541591868e-02 -3.254846565158887872e-02 -7.879261896276622615e-03
-7.594356309603406130e-02 -5.516061280762361851e-02 1.199848502729617718e-02 3.757521709960925937e-02 3.639092135439675468e-02 7.100647474527944925e-02 -1.275746101659329043e-02 4.458972633063749968e-02 -4.132774827214836383e-02 -5.930262755169191796e-02 -3.267968594688223927e-02 -3.361950819260365545e-03 0.000000000000000000e+00 2.885705990880544497e-02 2.949483927845762687e-02 4.633151579303911027e-02 -3.492420495792999523e-03 5.631304537541299143e-02 -5.616719033305638681e-02 3.512467701698322037e-02
-1.170733081591553565e-01 5.253513563795209756e-02 2.290261569270759731e-02 -1.068973343997446368e-01 -4.833858427935009555e-02 5.054480695211381602e-02 2.034215854984061655e-02 -5.800843026806852543e-02 -2.227460049239335729e-02 6.456075151208885698e-02 -5.724714592490174475e-02 -9.905103957061953124e-02 1.030389987548836622e-01 0.000000000000000000e+00 1.301502615995123527e-02 -2.634466134377847282e-02 5.858714303886122798e-02 -4.423796010753763136e-02 7.641609752481540174e-02 1.309342227943074144e-01
9.217502187046952566e-02 1.564372568258149548e-02 -1.571293377940093799e-02 8.138372122492446015e-02 -1.058631660277601222e-01 3.324409598679464468e-03 1.309946230118410292e-02 -5.245846981767453288e-02 4.880455861239991339e-02 -2.524453904004631336e-02 9.633414794545126780e-02 -2.438578796044148581e-02 -5.225986438825662439e-02 -2.250457501861781104e-02 0.000000000000000000e+00 -6.824632259977120308e-02 3.734129481811027801e-02 4.434263687809989612e-02 5.634003966341272207e-02 -1.611274304092817980e-02
-5.846507373465895802e-02 1.056340709680279877e-02 -6.197013617132440810e-02 -6.911899097904050659e-02 6.423150023755978821e-02 8.633318599307664154e-02 -9.450671115566365577e-02 -5.642006349798590024e-03 1.385423823645770026e-02 -5.051245852199071767e-02 8.560252939726066546e-02 3.806639150751935791e-02 9.830697311171859853e-02 1.100305588140728817e-03 -7.099983353549604338e-03 0.000000000000000000e+00 -1.076902384405381968e-01 5.658391309797777130e-02 -9.858430396793227413e-02 1.185093623106516815e-02
2.731124548889934944e-02 -1.533567365491994051e-02 -3.817103817061857224e-02 -1.243944433712355496e-01 2.216981564267084953e-02 -4.537237562113706490e-02 4.493855097639359170e-02 -5.499750899250611946e-02 8.574763934389968700e-02 6.146577343102743035e-02 6.144572550415653214e-03 -6.400995053927087397e-02 -1.827948285744867467e-03 -1.482905136374628894e-03 -1.306652761194788612e-02 7.194659381228230358e-03 0.000000000000000000e+00 1.131508751093192738e-01 4.133323953054154204e-02 4.237243668657257600e-02
-2.810029978181682181e-02 -2.557471494211822904e-03 -4.342299356882583367e-02 1.111933248295221416e-01 5.189822180093491694e-02 4.384982048326191428e-02 -3.299304129220758525e-02 -6.992412233904654606e-02 -2.548627810850092809e-02 2.866694662406949097e-03 6.559284917109300950e-02 -7.706619635717371075e-02 1.518739238828458425e-02 3.309945545680462176e-02 1.545089469223726864e-01 -8.651726860896917504e-02 -9.027262762325932721e-02 0.000000000000000000e+00 -7.991645837599617441e-02 -2.037238374946787056e-02
-5.889236684370736941e-02 4.091967736312410869e-02 9.304402061268179577e-03 -3.544506697783168792e-02 -4.292377486139001275e-02 -5.231450323463203433e-02 1.010794284280575051e-02 1.801745517850279060e-02 -8.737345314527737716e-02 -5.205070585876581633e-03 -8.020372291793978481e-02 -3.323165890059824601e-02 -4.044966781838998937e-02 -1.552388392779088105e-02 -9.095229701912292686e-02 -2.483715352942833868e-02 3.689920158538357448e-02 -2.302870289999179795e-02 0.000000000000000000e+00 4.494113077662142443e-03
-3.769982400566439240e-02 1.040883653010642694e-02 2.364584586462020743e-02 3.763119395625405539e-02 -1.909715055425128052e-02 2.467196921786409675e-02 5.823371593720599176e-02 -4.226596105470893650e-02 3.234228863655962127e-02 6.185197396298191402e-02 5.010935404534069826e-02 -2.184593379264925667e-02 -7.404478998984205529e-02 2.275744748239145673e-02 -2.979062222525684020e-02 -1.843160723473009216e-02 5.604100745063873151e-02 1.065013108077059352e-02 -2.223845778414927643e-02 0.000000000000000000e+00
