0.000000000000000000e+00 -2.188947628043244956e-02 5.302396630654717530e-02 9.338738447718498981e-02 -1.745050263453876496e-02 3.952618353962555897e-02 6.268437915751878808e-02 3.510383534932293159e-02 -3.029468227887697693e-02 2.035192199647517172e-02 -3.368602101429786499e-02 -4.445000873043971484e-03 2.613282041731188575e-03 -1.125132159306895391e-01 -1.333755812128490648e-01 -9.151357111662728264e-03 -5.779750826895738852e-02 4.942628596132082192e-03 -5.093783263154760821e-02 -9.950639471773395361e-02
1.069407906577212186e-01 0.000000000000000000e+00 1.475957615507954637e-02 -7.178040241882333028e-02 -3.140421023907331854e-02 -2.215213597856592956e-03 -6.466725513156393323e-02 3.792045636083501980e-02 -3.595985896134037269e-02 -9.121020694171734500e-03 -4.228326416205722277e-02 6.938167322267747850e-02 -2.811265427547576801e-02 -8.948213955593208035e-02 5.521041257496869109e-02 -7.221133391809551882e-02 -1.256907688708387358e-02 -9.262654788507876380e-02 -8.888604420375530168e-02 3.373336450317649532e-02
2.756399511360402288e-02 2.198912395889414742e-02 0.000000000000000000e+00 -1.790896435616134985e-02 -5.886123637831382205e-02 -4.642552752833349616e-02 -2.732138148796412619e-02 5.959705102212316252e-02 2.441177403833634865e-02 -8.454959304337150705e-02 2.576111280758469971e-02 -2.711751135328862097e-02 -3.054868870217223448e-02 3.736897635366888404e-02 5.753600234285281834e-02 3.738390276494412551e-02 -3.014361702186056993e-02 -3.457599561129255043e-03 3.302635774071952749e-03 5.808084484714994694e-02
-2.994584929848138552e-02 -2.465913625237112217e-02 -6.976993464455792660e-02 0.000000000000000000e+00 3.132544838178006469e-02 9.623980560472231160e-02 2.868763806436325225e-02 1.682474803265153820e-02 1.230341498096116336e-02 -7.043100078050270295e-03 1.620928830186891406e-02 8.253864876400106299e-02 2.349546980283409928e-02 8.681354545164242376e-02 -1.478794353368644565e-01 6.365088716066506780e-02 1.207951600994818138e-02 -3.831959547953561751e-02 3.479319923671924351e-03 -1.043824790596862701e-01
2.138953530227825917e-02 1.304375499034494436e-02 8.342196159201581418e-02 -3.632281254286657407e-02 0.000000000000000000e+00 -1.861039190042444030e-02 2.944351109329969990e-02 1.554336157184864863e-02 -4.141187753919880338e-02 2.510992308546050600e-02 7.044509386596642733e-03 4.618853780633249556e-02 -4.722212688327993846e-02 -3.933321842495126480e-02 -4.835416994961204071e-03 -7.054065611071039243e-02 -6.765604785464971425e-03 1.315314449054239866e-02 -6.649078974003688573e-03 -1.513648545988759489e-02
-8.876845453234032124e-02 -2.335222437963590733e-02 -5.096853948372536552e-02 -7.291056366447981607e-02 1.065970273205565401e-02 0.000000000000000000e+00 1.206620637514158323e-01 -8.612060472983070619e-03 1.896474081894069033e-02 -3.641275356107109840e-02 -1.043092734623999041e-01 -3.285075565405570774e-02 1.219196110681749384e-04 1.543718566029557426e-01 6.961777812565524137e-03 2.513681189015940995e-02 1.187218982955071285e-02 -6.040824718079541161e-02 7.888394855405006512e-02 4.469306879644522473e-02
2.392575888189418104e-02 -4.468977756497458792e-02 7.769964412201035842e-02 -7.406740569736455782e-02 3.234288383527649663e-02 9.699435125710337280e-02 0.000000000000000000e+00 -3.849821677256678315e-02 -2.579016549434656139e-03 -5.063256405676950372e-02 -7.715553478301266643e-02 -1.925434618850528634e-02 -4.194737744984768785e-02 3.299260941878448539e-02 -2.464910333493768035e-02 7.738107987472692129e-02 -3.262883159514364667e-02 -2.222746631068932277e-02 5.481655137070121780e-02 -4.842037585543243483e-02
9.273596945436746522e-03 6.064208953140800412e-02 -9.528819237118238417e-02 7.834752339946234739e-03 9.311987335459456089e-03 3.206683882564843879e-02 -5.319621830231285875e-02 0.000000000000000000e+00 1.598724183355278855e-02 3.266080981769015068e-02 7.462801325154337292e-03 1.967216357587410133e-02 -3.704851739779132375e-02 -4.489871119232322245e-03 1.370880121961291255e-02 -4.865113713452316746e-02 8.142163571269223077e-02 2.060301757934939609e-02 -6.840440744893129532e-02 3.380374641561518373e-02
-7.191427263981853280e-02 5.285906387271420426e-02 2.923075110788031158e-02 -8.015990181433338413e-02 4.621875240759328735e-02 1.712936097095434790e-02 2.733373482718449640e-02 1.110158618057931479e-01 0.000000000000000000e+00 -6.856393180027207934e-02 -5.316679930735603021e-02 -3.469927196852146817e-02 -3.062920039081622539e-02 5.067323194576383444e-02 5.062081889185076483e-02 1.658397627310916750e-02 8.757688086164986188e-03 8.813792816626629667e-02 -1.330853111766577487e-02 1.652848908198046585e-01
4.097506726737759619e-02 -6.669587774676626057e-02 -2.827680544161767853e-02 3.033710099070898239e-02 1.105777471748498183e-03 6.339145232916033879e-02 3.051908808984940547e-02 -2.704311427394887404e-02 -5.343076665482239529e-02 0.000000000000000000e+00 -3.998319590411290869e-02 5.539560283018041265e-02 1.653893374637564403e-02 -6.955238607759448022e-02 -5.387114216569244447e-03 2.789419973096023131e-02 -5.043890683995449348e-02 2.802145325442013425e-03 1.383504243161640980e-02 -8.158048109986215657e-02
3.765811007978092650e-02 -5.567945945148559603e-03 3.601317746909184214e-02 5.581235493253799973e-02 -8.307385823897266153e-02 -1.365352676960367509e-02 2.956767321455894271e-02 1.782325242456344119e-02 2.180520044142002928e-02 1.977161243117279976e-01 0.000000000000000000e+00 7.998747154112183233e-02 5.644984337890273512e-02 2.023227269379408721e-02 -2.393806682518557702e-02 7.035806926188534205e-02 -6.527933616304304465e-02 -1.375821136971489868e-02 -3.289028340068496370e-02 -8.481839513932871652e-03
1.085338517165692490e-01 -1.165490492895360497e-01 6.474124002415372614e-02 -9.205164790665018582e-02 -1.211045342405420687e-02 4.551738679301274570e-02 2.005305879880461481e-02 -5.956830918573763345e-02 -4.078191673037571269e-02 1.539569617137577680e-02 -5.421246763124085155e-02 0.000000000000000000e+00 -9.161043223098836938e-03 -2.845966222851725042e-02 1.091737449514918190e-01 3.222583290417400936e-02 -1.283054289120896252e-01 3.000643991733080787e-02 -1.564808902152203113e-02 4.633343411466935707e-02
-5.024373283477564373e-02 -1.185848075641552507e-02 -1.452142843460352446e-02 4.140557005033827093e-02 -6.495136003076265596e-02 -4.879234989161445116e-03 -1.363111332849562159e-02 -2.201130979268916404e-02 9.805577018105388065e-02 -2.271969551494899646e-03 -6.689104093781700344e-02 2.879391217650982548e-02 0.000000000000000000e+00 6.467665432348625176e-02 -6.556400522618710536e-02 -5.291768059933435464e-03 5.598302986221470601e-02 -2.667418551646489125e-02 2.328365610242833991e-02 5.467146121769916184e-02
-5.220669311422233144e-02 -8.319035243299820193e-03 -1.446363572220970561e-01 -2.564047351505199801e-02 -1.552783692638957588e-02 -5.379004317152123738e-02 8.650226747166051000e-02 -9.501306715090461485e-02 -1.340031460868940615e-02 4.260386755989513385e-02 6.695422947109323786e-02 -6.191425792447634996e-02 7.434331232361790498e-02 0.000000000000000000e+00 -7.068206946290699066e-02 3.231053842799130882e-02 2.001355609211192751e-02 -3.945722671623397293e-02 1.177758115630634338e-02 -4.115380583311102625e-02
2.231906009344679018e-02 5.697116422881863540e-02 7.561313552595320953e-02 -5.855973733906349316e-02 9.015531681882704707e-02 -1.173404411711517076e-01 -2.356170256816290595e-02 4.316151348337616406e-02 4.804892020964502547e-03 -3.250290299488301643e-02 1.395442948780767876e-02 -2.749712813169276349e-02 -3.789680193244802930e-02 9.263385706844743175e-03 0.000000000000000000e+00 -5.924340986327392145e-02 4.359396461855775951e-02 2.656776900923948567e-02 2.049783516249253576e-02 3.386845076003381499e-02
-4.272066474384986212e-02 -3.434918907799087984e-02 4.650928870581102353e-02 1.160383128274722342e-02 7.977992070909947775e-03 1.681977616810387353e-03 7.978677429889326211e-02 -3.474389648271455217e-02 3.881398955606420176e-02 -2.601234261910813708e-02 -2.011024674993598313e-02 4.378548739715733967e-02 4.031309008746845890e-02 6.631707941008838092e-02 7.399667213591885895e-02 0.000000000000000000e+00 3.496737154533328257e-02 -1.638219185542099873e-02 3.547552514769206772e-02 2.818521521947476606e-03
1.078265222225537751e-02 3.903753399514865718e-02 -3.554477613003220737e-02 1.061518795322975300e-01 -2.547659739577656790e-02 -3.894157962653473082e-02 4.154555345056768628e-02 5.014972185102376662e-02 3.321714208400902008e-02 2.358558689478169879e-02 -4.632191171126503722e-04 -2.792296581163721675e-02 2.431947137297678710e-03 -3.379001920710657247e-02 2.057375791837954410e-02 -7.178568876085425531e-04 0.000000000000000000e+00 -1.730363465007444396e-02 1.363146807392611078e-02 -4.535967146750405354e-02
-2.612290061671132188e-02 4.691150132388106388e-03 2.125345282866241553e-02 -2.641441222079143197e-02 -4.115668583198819203e-02 -5.901614929481904109e-03 -9.030910392373654727e-02 -9.097361231997032338e-02 -4.032266519833112989e-02 -4.327314759637886027e-06 2.003293961742803192e-02 7.645521388379712679e-02 5.944279522323130810e-02 -1.556711510127054693e-02 1.498334509917591956e-02 -5.560195742579237405e-02 -1.026582588414553035e-02 0.000000000000000000e+00 1.829449308729172441e-02 -3.029112530658653601e-02
4.073257327383204840e-02 8.722672497556152593e-02 1.009773257807090006e-02 1.158739122670153672e-02 3.763146816308662185e-02 -4.227402528838312273e-02 4.468199581618420048e-03 1.537282426184881715e-03 6.834387866698068276e-03 -3.511937470233222891e-02 3.107912119831647319e-04 2.598091167919612532e-02 7.104421826616108548e-02 3.378108955009391512e-02 9.404773453279714757e-02 -5.499729700504295271e-02 5.727448818761553262e-02 -5.205439793468446402e-03 0.000000000000000000e+00 -3.696346462817790002e-02
-6.092059511422355522e-02 -2.488026110988182660e-02 -1.339870622691023694e-01 -7.126652603298756772e-02 -6.324570516876620342e-03 1.135543711951707453e-02 7.644280158002620361e-03 7.272994546656985637e-02 3.421770548938264656e-02 -3.533447101733316192e-02 -3.631958368262179493e-02 8.826220601534789933e-03 -6.648645616616662146e-02 1.025599242035966363e-01 6.872032964848268088e-02 -3.484561286698896476e-02 -7.571250038154335449e-02 8.950759855625170514e-02 -7.701965552853798185e-03 0.000000000000000000e+00
