0.000000000000000000e+00 -7.097670855079410424e-02 6.611209291959907475e-02 -7.358226376693062856e-03 -3.708430534471346407e-02 -4.709938110270778244e-02 2.218803560556183510e-02 -6.140444728187510748e-02 1.461892434631682954e-02 -5.733942378384301874e-03 -2.266992588824793056e-02 8.752242566332892396e-03 1.271983733301247296e-02 2.523136101247575036e-02 -5.545457392758577908e-02 5.469239934320386382e-02 2.342592490952759982e-02 4.588915044924643527e-02 9.118837459939929668e-02 -7.443380653665156166e-02
8.121994181148058101e-02 0.000000000000000000e+00 -4.679564302810922116e-02 2.304524867530075710e-02 4.884878505803515875e-02 3.296163154116275168e-02 -4.472770150441694736e-03 -6.545679240062276041e-03 -2.867020212122305470e-02 1.127376668979684915e-02 1.239926982372221431e-01 -1.471902457971391021e-01 -3.949124367951078324e-02 -2.229539861451007576e-02 -4.545039792949276403e-02 -2.101757795020710307e-02 -1.937588384467291147e-02 -1.607547194491876219e-02 1.870469256112073514e-02 -5.282581176241794851e-02
1.932186714626629026e-02 -4.835752359109985604e-02 0.000000000000000000e+00 1.068149091200073370e-01 -5.320124179984226515e-02 -1.333062367038448034e-02 -9.743234975294247369e-02 1.352097422860600549e-02 -6.956627853022004371e-02 -3.374172165941730778e-02 5.570911466190379274e-02 3.354188722012804713e-02 -3.980048195944797806e-02 6.545592290061987700e-03 4.158553460087581477e-02 -1.168549263491732923e-02 -3.938556151206892147e-02 1.282950872575816526e-02 -8.007927541523479631e-02 2.041924470858621013e-02
-7.282398760798215916e-03 -9.126986317174408392e-02 -8.060706310530904584e-02 0.000000000000000000e+00 -1.239113834782405305e-01 1.106132603171705933e-02 -2.474872831620986407e-03 1.941532855439302360e-02 3.318388357528549715e-02 6.792605314312676057e-02 2.109441661394122550e-02 2.739438970597432577e-02 -5.463430088088779696e-02 -3.014020114801415143e-02 3.775309396287023639e-02 1.694419949025501373e-02 7.524792180694120369e-02 -2.162242558284312513e-02 -5.986334192955185957e-02 -3.057941362008237060e-02
7.845411973594142857e-03 4.954876698046293410e-02 4.539455965707946128e-02 5.645272453976314664e-02 0.000000000000000000e+00 -2.116526621725479257e-02 -7.638475336312565075e-03 1.427059434208600118e-02 2.393499086759682398e-02 -4.410670395744712563e-02 2.759007889581701137e-02 -1.419438067225906042e-01 -5.159166598677232540e-02 -6.727195039833908791e-03 -6.274680874970729044e-04 2.010681033619106731e-02 -3.533171057357242795e-02 -3.131750948642497440e-03 2.401774934504344663e-02 -4.328131537861629879e-02
9.922723043649825381e-02 -5.255644347887136053e-02 4.440255219472344361e-02 1.658327411452363218e-02 -2.820394069267890408e-02 0.000000000000000000e+00 2.028177937088168625e-02 -3.490637370994838923e-02 9.957016838369942002e-02 -7.569613856252654926e-02 -3.759113429330898214e-03 6.959948939302219861e-02 1.498255179770591541e-02 8.587128299686115629e-02 -8.857478912926242121e-02 -6.449920797172952261e-03 -4.421445619161205355e-03 8.045556983841010978e-02 -9.841738789092323650e-03 7.403749489903604930e-04
9.676272082057039980e-02 1.765631467383213526e-02 6.075528271803153080e-02 2.827065942864231962e-02 1.078423530553949683e-01 -1.247157007355308433e-01 0.000000000000000000e+00 -8.923946856448181780e-03 -4.590095700735716266e-02 -2.150261957046009989e-02 -9.336917396370401911e-02 -4.433509852618174735e-02 -6.285875887420017127e-02 1.355617267040315765e-01 -1.171889524270127401e-02 5.911438453493050166e-02 -4.987389955519872659e-02 -2.133456927191654598e-02 -1.473332404740689515e-02 1.949895222293823380e-02
6.751992920937376075e-02 -6.370419839070295964e-02 4.144290148863760681e-02 5.707227784302474488e-02 9.209436430010956021e-02 -2.834836947155160852e-02 7.694553852011416784e-02 0.000000000000000000e+00 3.047745704705758733e-03 -4.604936510232054969e-02 1.788315636236452802e-03 4.313864027013938895e-02 1.628520346049551829e-02 1.926647480470164431e-01 -1.414534338322860456e-02 -6.462846254735097988e-03 6.572117640737284994e-02 1.154824922486587593e-02 7.336947698090738774e-03 8.233256754323302340e-02
8.778860840987944003e-02 -8.989196123465739707e-02 2.736149830096238061e-03 7.305923094435176623e-02 -4.576920757967312819e-02 9.549530619723495262e-02 6.260527955508846630e-03 7.221125014709879261e-03 0.000000000000000000e+00 -5.125746075071925534e-02 -1.427356073138741008e-02 -7.477957483588650381e-03 -7.692461635416469705e-03 8.468363982544237223e-02 2.692021762189565279e-02 -1.198475018424283644e-03 2.420431499709524079e-02 8.984063601998205917e-02 1.034712078377920952e-02 -1.957562637134126551e-02
6.298430274100667858e-02 -5.148030506795608918e-02 -7.566637327769983046e-02 1.065991764943756692e-01 -1.267965916298654516e-01 4.398533232206591759e-02 3.019569022374817349e-02 -2.673489914928642991e-02 1.359721486692940517e-01 0.000000000000000000e+00 1.460268442294857449e-03 -4.511624429517088058e-02 4.314123404792073041e-02 -8.974356871532138125e-02 4.814363578814305489e-02 6.829998490598675198e-02 4.988222114928780176e-02 1.104184975331602148e-01 2.266458116510831639e-03 -6.673630369854298416e-02
-1.311440303353891834e-02 5.733897202554409656e-02 -1.275537714123941013e-01 4.054197107556201628e-03 -8.236788782769287331e-02 1.534489426717082494e-01 -6.941929614779751567e-02 -1.010694388207700189e-01 9.307580371654171347e-02 5.967485480962396449e-02 0.000000000000000000e+00 -2.858967259383832574e-02 -6.013106930346097390e-02 -5.925537183168261279e-02 3.673337898626063969e-02 1.732565229466107373e-02 2.735479539656835140e-03 -2.677935227332228427e-02 5.300727027531447477e-02 5.269030584252813731e-02
6.064482341853373593e-02 -6.897576132917475344e-02 3.348745038425993137e-02 -3.659514069749874449e-02 1.027947197578749777e-02 8.222470166914561118e-03 1.284857843961618173e-01 1.688391632876431320e-02 6.667017576643849766e-03 -1.574488239605569689e-02 8.873022864064132251e-03 0.000000000000000000e+00 2.583566871968054693e-02 8.900349829348193353e-02 -8.137045950498998648e-02 9.439541011686977678e-02 1.210465204821371127e-01 -4.774062614397122511e-02 6.921440408310640391e-02 2.063478815715160449e-03
-1.414621201215328188e-02 6.619772326298568876e-02 9.720358625642914335e-03 -7.128860933653322074e-02 -7.213838567781455380e-02 8.003624846307016982e-02 -6.600844112979731282e-02 -6.104395822799597859e-02 -2.788557644490136794e-02 -3.238296653334336861e-02 5.838895709476140533e-02 1.116774347270627771e-01 0.000000000000000000e+00 7.494663038629166552e-02 -8.674573828580915691e-02 1.246369143414425597e-02 4.739043167600890533e-02 1.233123835589704231e-01 -4.324444279368781091e-02 1.015233001093989451e-01
-2.751657725460345677e-02 3.988532534462830431e-02 2.514079786313437245e-02 1.022592633667731843e-01 1.310755573692092280e-01 1.606376531357559326e-02 -5.488060066040834073e-02 -2.522981965428962650e-02 -8.740707440450230792e-02 -6.390711866053774837e-02 7.269609045289029958e-02 -1.224220144623919676e-01 -1.026755201677938684e-01 0.000000000000000000e+00 -1.414662282564482787e-02 -4.230831766923747600e-02 -7.376690152751678997e-02 -5.480690674663263318e-02 7.275621535529247508e-02 3.158603306304422209e-02
-1.842072281281746660e-02 -2.354519416197386333e-02 -2.409435694047427304e-03 9.664690784355984762e-03 -6.103793481126421755e-02 -6.656364198385721076e-02 -1.314245731768707431e-02 -5.961027655353565158e-02 -8.031054712026294840e-02 -3.248179488632951502e-04 -5.726464609231996785e-04 -2.557270706076685343e-02 9.290589098740541230e-02 -3.586089845388440445e-03 0.000000000000000000e+00 1.116037865771906182e-02 6.124617793581717956e-02 -4.063251482500126045e-04 -1.546128795402322564e-01 -4.852321638005728521e-02
6.957198942572409388e-03 -1.539133302645912839e-02 6.890560407561127643e-02 3.741442947169482808e-02 -4.528531345114070183e-02 4.087744150013361555e-02 -1.993334814863556917e-02 5.881134890364929368e-02 -5.614219550710373985e-02 1.043186953981583981e-01 -3.011682808248777703e-03 7.477408930796941577e-02 3.892444588971010529e-03 -7.966698774504897551e-02 -1.336539863958367130e-02 0.000000000000000000e+00 3.735234736168583508e-02 1.397827926432401030e-02 1.070914821146419504e-02 -3.569862548799387220e-02
-8.462581146780517871e-02 -1.295105908912657505e-02 -7.352495598931596543e-02 -1.700080276530593903e-02 5.792376142633288982e-03 1.746822504880198718e-02 -1.621872952508820673e-02 3.745290033715648753e-02 5.358686230680980572e-02 2.557216481910102798e-02 2.370036723864712633e-02 5.218432773822467841e-02 3.094254972285025856e-02 1.332635329649634916e-02 -1.003178570792398333e-01 -4.014892187664181183e-02 0.000000000000000000e+00 -9.357013793350396624e-02 2.158684226181564400e-02 8.775613708951265565e-03
9.872088072783934132e-02 1.287588999048356816e-02 9.630520777606144459e-03 4.069379204559420539e-04 -1.145831599047245353e-01 1.050138340688496208e-01 3.850964363002428587e-02 -6.958437600283805258e-02 -2.142716572125362082e-02 5.200393451686700919e-02 -4.937675038383415593e-02 -1.708331558191469174e-02 6.070686591766976531e-02 -7.147961449393397913e-03 5.285897812447569628e-03 6.664219119452993723e-02 -3.578723527138547716e-02 0.000000000000000000e+00 4.792414652053281904e-02 -7.082297202730411523e-02
-4.851572069054595204e-02 -4.931414895438288037e-03 1.680032266568696683e-02 1.307491106887831087e-03 -1.055769025144712332e-02 7.089414835843944017e-03 -9.655789426885587334e-03 4.433706326965727168e-02 9.006489762935017407e-02 1.090726372786262333e-01 -3.024526024294727639e-02 4.839746599221918417e-03 -1.857896879476466853e-02 -8.470909741063514797e-03 -9.526519427108396179e-03 6.801677380376650039e-02 6.123766135390532050e-02 -1.454589511336020109e-02 0.000000000000000000e+00 -3.508681591431820485e-02
3.894838946414185682e-02 3.632458742720458267e-02 3.912631420342350085e-03 -1.356053482596770825e-02 3.353261930665781682e-02 7.535391448481668086e-02 9.475891911582501282e-04 9.460645644763950035e-02 3.634280125144880719e-02 -2.783820972322799403e-02 5.749726297989830870e-02 -7.790503690022893696e-03 3.558975758553293428e-02 7.371338451983303064e-02 1.829410274571307421e-02 9.191920309222936791e-02 2.716357901697755151e-02 4.866425070628369737e-02 1.047016931202063164e-03 0.000000000000000000e+00
