0.000000000000000000e+00 4.558693448549363397e-02 -1.080827754954974233e-02 3.259826570945170698e-02 4.099764586309922326e-02 2.668339477951578442e-02 6.474882401329516701e-02 5.866571515620844224e-02 8.795286867159696209e-02 -6.581931608823531066e-02 -6.167495698279545219e-02 -6.673940897497188107e-02 2.669170367960896004e-02 8.189084312262857185e-04 6.605671742621171960e-02 3.682885973101000798e-02 -4.762516200240790587e-03 9.572573310405431413e-02 4.330944998503272192e-02 -1.762712985083928624e-02
-5.138216194467725567e-02 0.000000000000000000e+00 5.790348547463892298e-02 -6.930287541615899605e-02 1.864631737846090750e-02 2.155525404807622988e-02 -9.761839384201023706e-02 -2.278536987053847093e-02 6.097008217718750261e-02 -8.271744449946941136e-02 3.069935638003451137e-02 1.219130781989263973e-01 -4.397018972972256690e-02 -3.878376200571154175e-02 4.901257266286630082e-02 -4.267370858122465811e-04 5.260623339177109697e-02 -8.461364959727261936e-02 -5.927516263327202439e-02 3.042278969778832581e-02
-2.065558617867187946e-02 6.249035479329808490e-02 0.000000000000000000e+00 -1.035098408680869102e-02 7.796295448489641566e-02 5.140554188595092971e-03 -5.866465053107029759e-02 6.199207412457241086e-03 -1.276787088848013035e-02 5.254540131754518312e-02 1.773461311417178637e-02 -1.423484371729902319e-03 -5.824179519680901251e-03 -9.574184435160826984e-03 8.389031739596961024e-02 1.227120982793944853e-01 -3.097073655525512011e-03 1.369572459678238333e-02 -7.077155839425048472e-04 -2.820747506587123477e-02
-2.241672551393832438e-02 -3.655512812182341170e-02 -1.231427174375175626e-01 0.000000000000000000e+00 2.259310137578783226e-02 4.285256000464569143e-02 -2.754183904133760200e-02 -1.028993665942476952e-02 2.308575661275417967e-02 1.259832983063460254e-01 -5.512004624040611755e-02 -5.381735136489552984e-02 -7.674289346817874703e-03 5.869607364074436867e-02 -7.778600691131480616e-02 1.566730509470557267e-02 -3.206621074173831437e-02 2.686063237439191564e-02 -1.897500037935571926e-02 -2.161109236299959060e-02
4.102554614383781967e-02 -7.545106880567899188e-02 -6.276164661423501434e-02 4.021795995311568811e-02 0.000000000000000000e+00 -2.187950901210009361e-02 -8.094501955760385892e-02 5.137872345552933068e-02 2.828055808087297576e-02 -5.949550339415432890e-03 -1.040889117411508830e-01 5.716310591015121706e-02 1.087862006540204901e-01 1.141675531847606735e-02 6.172263172350792026e-02 -3.410543663435922079e-02 1.598242641514855192e-02 -1.152089243390280043e-02 -4.137947886758872734e-02 7.219483676940543181e-03
-5.575520375398912432e-02 -2.279120618268584350e-02 -4.632803149127068948e-02 -5.316302625614736412e-03 -3.782846978153760892e-02 0.000000000000000000e+00 -7.339237961825294254e-02 3.459057241532104143e-02 -1.188291500796092165e-01 2.337454078863012222e-02 2.008485696184653807e-02 -1.336069884493979454e-01 -1.115024351165236870e-02 7.375308979996098024e-02 -4.578448380459749362e-03 1.444027261496667186e-02 -4.753084334122356647e-02 7.387307438234291812e-03 3.000512329634112338e-02 3.319579444687907610e-02
-8.746785727759219184e-03 4.107299416043059398e-02 3.275610400037921865e-02 -3.324690751927258242e-02 -3.565771750787859878e-02 -3.279861366664130889e-02 0.000000000000000000e+00 -5.058182271079191689e-02 5.572820324964753574e-02 -1.002334916509103474e-01 -6.625796884387027789e-03 -2.748217487760621844e-02 -3.609898278122276784e-03 -3.205075305141781572e-03 -2.441507432101736649e-03 -6.264020974709498535e-02 -5.053696825481396315e-02 -5.108694367182783913e-02 4.967685438016289368e-02 -3.586680400611402808e-02
1.427340899259077131e-02 6.804566490723702732e-02 -2.844962102792492412e-02 -3.518168436489359230e-02 -1.282518251431184197e-01 -1.039717704394242485e-02 4.781453387366448732e-02 0.000000000000000000e+00 2.508627904538364081e-02 2.728162133501162503e-02 4.112399134625521063e-02 -1.534740797647152558e-02 2.703276574619302235e-04 -1.773830224655724083e-02 -2.224524327016638367e-02 1.219975291625738506e-01 -3.219778176733598812e-02 -3.534866105152618260e-02 7.134057406326133402e-03 1.496634122758851333e-02
4.555938578900844277e-02 -4.135730242892474845e-02 -5.043058581308149796e-02 -5.077317372591289013e-02 4.130578926270589424e-02 5.158270421994462507e-02 -3.172710087130359985e-02 -1.114499246824735348e-02 0.000000000000000000e+00 -6.366518804127396791e-02 -3.893624524234956530e-02 4.419943144849219213e-02 -5.257434242119981421e-02 1.666297760310737073e-03 8.031030593799229345e-02 -8.239932528920251853e-02 7.034843424781306309e-02 4.804218040963687160e-03 -8.389558556048943086e-03 5.717918483131306101e-02
1.615602906475524167e-02 -1.578480082067905063e-02 -2.495686983518461896e-02 -4.956490375738555054e-02 -2.994733355617910237e-02 -6.671343774014236103e-03 3.334397752038053414e-02 -1.595850886053874415e-02 1.490865552525154391e-03 0.000000000000000000e+00 3.177840370691634858e-02 -1.111830559271139406e-02 5.222798439549325433e-02 1.405784601176457774e-02 -9.218631259731684124e-02 -9.952571943483633568e-03 -1.884591059974867477e-02 7.064065598748676955e-02 4.111657006186690382e-03 3.913139250189202195e-02
4.276012083640848976e-02 -1.207806850983674310e-02 -2.606729501068253893e-02 3.581870745053508925e-03 -5.119408573869773521e-02 1.941456701426642339e-01 1.899539103773481563e-03 -3.728394840942747535e-02 -1.106489546535554813e-01 2.289623398834587931e-02 0.000000000000000000e+00 -1.501101804474236079e-01 -9.221864135943298735e-02 3.851070636900268129e-02 -2.199479720136549368e-02 3.292459041348148180e-02 3.070340061956773874e-03 5.923305476781047518e-02 -7.245102985950288565e-02 2.370229085935971619e-02
-9.252973751003958081e-03 -5.905173292477337854e-02 5.329651691910394090e-02 -9.502038939962587083e-02 9.387165839713192475e-03 -2.498140229321504924e-02 6.123233282821129164e-02 -6.624587228168525577e-02 1.545450889328460996e-02 -1.280918071722590874e-02 -5.168265837669940369e-03 0.000000000000000000e+00 -1.499988595341044187e-02 -9.877601491982201942e-02 7.771519155442771672e-03 -1.291571441447542656e-01 6.638600879656787745e-02 5.030735347795273898e-02 -5.547437049287751165e-02 6.351917695790108842e-02
-2.080850500205855876e-03 -7.886621155385842297e-02 -3.678717300485255526e-02 3.322156975550537295e-02 -2.645283599059012475e-02 -4.688845128800046141e-02 4.973687830756315376e-02 -1.348000424474349659e-02 -2.762327298804768266e-02 -4.913548171722945807e-02 1.550662203373561615e-02 3.191439869678518865e-02 0.000000000000000000e+00 -1.261751979410794151e-02 -2.344250679074109597e-02 9.288891219560616724e-03 -5.492663901489166361e-02 1.055644720738576486e-01 1.181712042425554603e-02 2.906619874654441452e-02
-1.150778571753124577e-02 1.201277090051753038e-01 5.548556685348959155e-02 -8.346925150576954555e-02 6.065949619786965147e-02 1.182321041916021241e-02 -1.036734474997276639e-01 2.997287506451755922e-03 -7.844898502225275405e-02 2.602804882436784636e-02 4.840624793398849018e-02 -7.074145859570740713e-02 3.481808864413964838e-02 0.000000000000000000e+00 -1.291507339924518605e-01 9.991891506494682273e-02 3.204292233758151975e-02 4.820249357105354376e-02 5.385416093573491825e-02 -2.969100803993960161e-02
-6.572669579412611374e-02 2.119898784070721118e-02 1.401769530485587074e-03 -1.444378816954064578e-03 -1.270837176934633550e-01 -2.517669201811228996e-02 1.295141833034884338e-01 -1.544565802977811847e-02 6.189422758064173219e-02 -7.186624661738079227e-03 3.044224695626080498e-03 5.836661112698472015e-02 1.402808518082477272e-02 -1.990718659546209315e-02 0.000000000000000000e+00 9.185946576371405853e-03 -5.966272990741673665e-02 -4.256382699955956611e-02 6.452513077722321633e-02 5.578849113808058424e-02
-2.300395055709742939e-02 9.681270985091218473e-02 4.997767906678048100e-02 -3.715230691767107494e-03 -1.900042689135299917e-02 3.546992204258068992e-02 -3.838783693662517482e-02 -4.416635044595450081e-03 -4.561130112637259981e-02 7.391935938967883479e-02 2.600717828688269700e-02 -1.303847314855774431e-02 3.922320602165862979e-02 1.260671210596569780e-01 1.704420970378031641e-02 0.000000000000000000e+00 6.303659972949579061e-03 1.104082370762552064e-02 -2.271183671514815511e-02 -3.845208289135499530e-02
7.973466528675463016e-02 3.285821648231864595e-02 4.320953887717606662e-02 4.204512268724525104e-02 3.378906406204808255e-02 2.404861300673369687e-02 2.062241287748661431e-02 5.788204329475435568e-03 -3.381739426431835255e-02 -4.015899063788983675e-02 -1.713517527468624846e-02 -5.411765294614982041e-02 1.516253661016173093e-02 -4.845543946960146481e-02 5.091574422438695929e-02 -4.500984132347651823e-02 0.000000000000000000e+00 6.124890360606155548e-02 4.620987883005325120e-02 -3.846707369944225158e-02
7.035609296943433344e-02 4.811238373495090037e-02 3.696354877857664645e-02 1.093513764166004730e-03 -9.059989622618473681e-02 2.830982144482862423e-02 3.274045503151720715e-02 4.885590810761195751e-02 -5.476049465634945379e-02 5.749532630314981019e-02 -1.999573717394113534e-02 -1.002783883567903433e-01 -4.637529499504391972e-02 3.013509043657329120e-02 -3.138220083004672478e-02 1.141416369199247383e-01 3.500764204307264815e-02 0.000000000000000000e+00 5.853769705882566794e-03 -7.821891654789089876e-02
-1.099550903440397326e-01 -1.879376798737564941e-02 6.169191069534603333e-02 5.368220063872483627e-02 -8.196430101516075095e-02 1.119128352337865444e-02 2.542749410110108424e-02 -6.612865933551258235e-02 -1.012212352976473752e-02 2.345295355405036843e-03 1.973928295938418703e-02 2.479544836640554121e-04 -4.363365638344905706e-02 1.506021671430168851e-02 -6.408670210809756795e-02 2.329774274580043852e-02 -1.657788237707944201e-01 -4.225550488976915174e-03 0.000000000000000000e+00 -7.417045222161672280e-02
-2.745075340454940574e-02 1.703875041265950213e-02 -2.253848740421284316e-02 -3.679288400540220438e-02 -3.872541167731597539e-02 4.448046095774463998e-02 -5.500856082513130851e-02 7.149516993668552679e-03 2.185549704678309627e-02 -7.558012404995065325e-02 8.606706993694679050e-03 8.606618765724419196e-02 -2.163857102727343232e-02 -2.207316951414791881e-02 7.911745139880554945e-02 -3.088643423789630416e-02 -1.711339651072639467e-02 6.643839174387485003e-02 8.804659023129056405e-02 0.000000000000000000e+00
