0.000000000000000000e+00 4.815279768950082862e-03 -5.425705580664996058e-02 7.706009928924399677e-02 4.119220213281942627e-02 -6.678933138944011250e-02 1.501686740758296709e-02 -4.336217141740997955e-02 -6.846923096353668692e-02 1.145571062303443466e-01 -1.219095919351215543e-02 5.311577928615305449e-02 1.086465161987113827e-02 1.366568838730759620e-02 -5.256073964629116857e-02 -5.015906732760043452e-02 1.585152135173500260e-02 5.384167627233599901e-02 -1.105930111606484717e-01 -3.723303353570459745e-02
-3.198979938580722576e-02 0.000000000000000000e+00 5.401859096108347497e-02 4.800930689297263493e-02 2.422417778326131990e-02 -3.534388872102221801e-02 -9.274820764605550341e-03 8.445897863332746391e-02 1.764305150621677323e-02 -7.932442287606503162e-02 5.245839275945547026e-02 3.922077491399527521e-02 4.192748196113336989e-02 1.209340422711676771e-01 -2.516966201360358590e-02 -3.248839775592568535e-02 -1.422666578001437199e-01 -2.410126788420719618e-02 3.463150898256828203e-02 1.787132649904417739e-02
-7.699130037617967111e-03 6.300205549916675085e-02 0.000000000000000000e+00 3.405364594874531886e-02 1.148505500104914697e-03 -5.974837354641045900e-03 4.602858061309104271e-02 2.039518611546077206e-02 -1.678812509061562708e-02 -2.612856137868379419e-02 2.012137161748741784e-03 1.502475109006190220e-03 3.642637590206498910e-02 2.403748540935638639e-02 -1.896034066387612335e-02 -8.309171062031964206e-02 1.534000677463417603e-02 -5.919014710865423690e-02 -8.867173424387905789e-03 5.889799125319369194e-02
-2.246384488676688232e-02 -7.218575059913505225e-03 3.571652238055791906e-02 0.000000000000000000e+00 -4.296309372186001702e-02 8.167263468268250171e-02 3.444465908699484435e-02 1.682389748577278465e-01 -7.070036777251102744e-02 1.829738238872890416e-02 3.046479106860046707e-02 7.367128908408344945e-02 -7.521396583004612106e-03 8.004355430068174626e-02 1.033380972631141662e-02 -1.249914857689894687e-02 4.011208117710106033e-03 -1.896108309062921604e-02 -9.494559746206932688e-03 -3.970311595984341024e-02
-8.207295426880185582e-03 6.905932807609470314e-02 7.214648617539780318e-02 1.033250837452022036e-01 0.000000000000000000e+00 -3.382046374337430855e-02 1.074340182781901992e-01 4.232622216590282288e-02 2.221705911413003956e-02 -5.014254430735575613e-02 2.319461215675965027e-02 7.978023418923566729e-03 1.730619610637709402e-02 8.145180482916145048e-02 -5.266309763797071691e-02 -1.207181740169810738e-02 -8.810599822699916039e-02 -2.468283420557516698e-03 -5.994852548744730031e-02 9.904549188501658719e-02
-7.925824263882956522e-02 7.190982163917854220e-02 -4.294101127037492499e-02 -6.974664538126991442e-02 2.182736215647776076e-02 0.000000000000000000e+00 -3.321196026085285191e-02 -9.112034814811395544e-02 -1.237376864418302247e-01 -2.903547715566539775e-02 3.077178473081932861e-02 -1.032790143017438822e-01 -7.380544052754023539e-03 7.319834289158354268e-02 -8.446061225610286549e-02 6.841414765994822955e-02 -3.139936945146023801e-03 -2.625353261342224659e-02 2.751993934000260961e-02 -5.198856054246355635e-02
3.587598060718468623e-02 8.743373481916612289e-02 -2.985723090273647087e-02 -4.828284454813788068e-02 -1.077931468204562371e-01 1.006139853582342786e-01 0.000000000000000000e+00 -4.966321901117058679e-02 -8.561306132474393732e-03 -1.041203738421926130e-02 8.776446634817278158e-02 -8.739741473726266030e-02 3.145050914385078694e-02 -1.173484046703390515e-01 2.693995472104998914e-02 -5.118033101138070445e-02 5.309842554224766809e-02 2.989592467028192105e-02 -1.106986749266165165e-02 -6.074890828971696299e-02
-6.418664819523499376e-02 7.820415708126629561e-02 5.161432263662261294e-02 -4.407401569658477014e-02 -7.028716354884599615e-02 1.672425952442067876e-02 -1.198774907510461764e-02 0.000000000000000000e+00 6.231010076168621258e-03 1.869546951997911460e-02 6.057678395355052883e-03 2.557441732031035322e-02 1.255577789040982634e-03 1.259703487884490831e-02 -1.844701852112555149e-02 3.897313740384733549e-02 9.261040212584673720e-03 -2.077644735233651063e-02 2.660808628665014414e-02 -1.064087663699178621e-02
-5.018229291821409838e-02 5.726401398279952482e-02 3.732956174757639384e-02 -7.547816394945963681e-02 7.918148165513701556e-03 1.879309724246962243e-02 -4.106180415263681327e-02 3.597699686508802619e-02 0.000000000000000000e+00 -1.301992702010937308e-02 -1.213051881213968314e-01 -1.188003483327298299e-01 1.330652732946092801e-03 1.137813297922636857e-01 -3.465859188957437498e-02 -1.007767919697095116e-01 6.309844548414754450e-02 1.780550329983281166e-02 8.261063388323600098e-02 -5.425950236022482331e-02
5.647446500076648557e-02 1.571345922135633510e-02 -6.287369697679263958e-02 4.608687543858543280e-05 -4.628619827220683929e-04 -4.161592718038951977e-02 5.793215084779065188e-02 -1.392757050787098508e-02 4.986912142131709469e-02 0.000000000000000000e+00 3.048047630967640545e-02 3.229671598508811886e-02 -9.705703968898532485e-02 -2.758283042321973272e-02 4.296725975971325828e-02 -2.521026155763203894e-02 8.830549872317909610e-02 9.517767015938304043e-02 -4.889416426525057535e-02 -1.439966774982847850e-02
4.047792753256276854e-02 -5.253932629144125732e-02 1.011511103439803466e-01 5.999886765375396502e-02 2.049237420275853636e-02 -5.623582950743786363e-02 -5.394811830536294650e-02 -1.035828788807370907e-02 4.260070463597647600e-02 -5.600214808267012234e-02 0.000000000000000000e+00 1.536579411184266497e-01 -4.939181763531397262e-02 -2.432883747841362715e-02 6.968730305863794772e-02 -1.699702817069280057e-03 -4.200089860166704436e-02 -1.608242000197281779e-02 -1.945824555750263335e-02 6.103523358494685608e-02
-3.549035687831374186e-02 -3.149896045443313641e-02 5.785992666070725703e-03 1.201946711500171718e-02 -1.182100193505981889e-02 -7.926812469640154291e-02 -6.842988953273532182e-02 6.107759848342323578e-02 6.245668697091759543e-03 1.022880522644864856e-02 2.508264152762504102e-03 0.000000000000000000e+00 6.320432883815652048e-02 2.982585356835225267e-03 3.997326503488669164e-02 2.676868429458883342e-02 -1.976013711681311527e-03 -6.677407440254805315e-02 -1.484961962889680756e-02 6.675658476595623669e-02
-1.656643181668613490e-02 -1.563313589761649441e-02 -9.200755530525711601e-03 -5.929805318920219892e-02 -5.960153046868392132e-03 -1.227210379545411179e-02 -5.266539147141184596e-02 -6.074957824411622576e-02 4.450325231176571056e-02 2.295359640852636871e-02 -2.108728167393614933e-02 -6.110738325033594764e-02 0.000000000000000000e+00 3.655504535498062257e-02 -6.704739214737159836e-02 -4.464668416243493948e-02 -6.091892106193286943e-02 -9.846216857464733241e-02 6.239909030187933137e-02 7.457988085582752114e-02
-1.097480318033859786e-01 3.367745171447411590e-02 -1.800936121456923542e-02 -1.053129752481613869e-02 2.581112182769015884e-02 4.832432611650031018e-02 1.751919242370421695e-02 -3.049202222834410808e-02 2.979702207712548942e-02 6.863638908042062059e-02 -5.703243429600331205e-02 -6.456374484444479811e-02 -2.330866546599829475e-02 0.000000000000000000e+00 -2.078944033680255737e-02 4.622304112944903426e-02 2.159946531875050688e-02 -2.185401993929672083e-03 1.094307262946366162e-02 -4.501188895843563631e-02
3.759985756268929835e-02 -2.371403100124857416e-02 -6.202625516863406047e-02 -4.900523927931349499e-02 1.257628360095836874e-02 6.064483535449140261e-02 -3.124077281218846924e-02 -4.565354584619003148e-02 9.917547481915565954e-02 -2.122086208705330906e-02 4.464303446362005712e-02 5.855722563842050143e-03 2.942188602284042179e-02 -4.098989275209408145e-02 0.000000000000000000e+00 -4.193149219018387636e-02 -6.315575392709933678e-02 3.193113999435814084e-03 -8.631302073270770078e-03 -5.230783977935084825e-04
7.472636926975111116e-02 -1.586396783063254989e-01 -1.364279711262416858e-02 -8.329067677406112868e-02 -7.906653612637820627e-02 -3.209048047828937794e-02 -5.723683634451842001e-02 -1.575208056207791640e-01 -2.377156146607788817e-02 1.342811304388754484e-02 3.289693111831943489e-02 4.706307802359544629e-02 -2.441591271658165307e-02 -1.310916475263528003e-01 -5.556065775835337603e-03 0.000000000000000000e+00 5.617598180695857618e-02 4.696779784042478395e-02 -9.275217196001056194e-03 1.046193071766619333e-02
-1.774585349143229310e-02 -3.057722636573610014e-02 5.313313695351894184e-03 2.068399948034923067e-02 -6.913383264805182671e-02 -8.532802905892689777e-03 -4.374258470680380748e-03 2.672929593947143828e-02 -4.343013649027916215e-03 1.057150685748934199e-01 2.516589049844916454e-03 -2.237639364539351777e-02 -3.612509579367576690e-02 -4.374598921735444595e-02 7.760551154824100670e-03 9.037845681867977959e-03 0.000000000000000000e+00 7.496645224630883730e-02 2.877011120451594683e-02 -6.201281602882873639e-02
6.137788758883621666e-03 -2.318260189076095865e-02 -2.632908126698694021e-02 1.478115244179494144e-02 -8.268413097310838705e-03 9.680167603848958968e-02 1.579779267634614376e-02 -1.175799210966882793e-02 -5.445609694052006011e-02 5.035971103594255593e-02 -7.617085081652760770e-02 -4.797959274738832630e-02 -6.583767667464177076e-02 -1.526373015855824952e-02 -8.433160494503096072e-02 -2.745585132643626591e-03 6.494990976060430188e-02 0.000000000000000000e+00 3.822361735632103658e-02 -6.881891813226194421e-02
-1.933963807547772404e-02 -7.495386290199676504e-02 1.395583671663402046e-02 3.618589870069046938e-03 -2.006537925014426418e-02 7.465857966157951608e-02 -2.992425127125601658e-02 8.697045554358395769e-02 -1.650781237280510988e-02 -4.263853769024305435e-02 -2.863730781959444860e-02 -1.330051918610367090e-02 -7.612395600202541412e-02 -8.108109520182241181e-02 7.047401587267525247e-02 3.065316651196902872e-02 6.348406592072020072e-02 1.337441566991906250e-01 0.000000000000000000e+00 -6.808089381914039784e-02
2.694468943354785817e-02 -2.840694256573332230e-02 6.599311848932733204e-02 5.065953983533359739e-02 6.305962355622658777e-02 -5.625492614569085198e-02 -6.052717751257204876e-02 3.341694269520462807e-02 2.607645581010860358e-02 1.770501947288215250e-02 -4.129461275669781689e-02 -8.658712996240259391e-03 -2.413054940224515846e-02 5.356560467712487283e-02 -7.653097896958814539e-02 -1.994400696002658971e-02 3.226275426535459706e-02 -2.933145417635730536e-03 -3.258104890099937367e-02 0.000000000000000000e+00
