0.000000000000000000e+00 1.130100114596603034e-01 5.307880714923439089e-03 -1.180097953867235809e-02 2.936934572723473233e-02 3.436294426675668562e-02 2.388440103526235508e-02 1.321129664663940259e-02 -4.406672279030421531e-03 -1.641474976047497397e-02 5.954292859317199260e-02 4.007741437609454310e-02 2.413008747095477316e-02 -5.007913299597751416e-02 -3.508489148002247315e-02 7.346067723073342048e-02 4.206066572288331279e-02 2.358706611220268839e-02 1.018501036333841481e-01 -2.164415772271871281e-03
7.648557282533516299e-02 0.000000000000000000e+00 -6.782073726968072813e-02 -4.859406285315666374e-02 4.050605440477881430e-02 1.893453032432510300e-02 -2.540892889694146631e-02 4.058988961230741190e-03 5.613302096602806879e-02 6.768391292869338494e-02 1.454921218353233126e-01 7.550348066277023928e-02 -4.379477157281358446e-02 -2.978714581435549721e-02 6.197661028334233019e-02 -2.677319900326156563e-02 5.677534709645682548e-02 7.361759777820947592e-02 -1.156515496465465587e-01 2.648391982058287061e-03
4.923844002718764240e-02 4.709768197937131556e-02 0.000000000000000000e+00 1.714944047330763111e-02 1.007457471199758176e-01 -5.103614351894719334e-03 -8.546029751669369234e-02 -1.885980472638825942e-02 3.678812349925970893e-02 3.468615197021682889e-02 -1.059342151483047556e-02 -3.810078735307842555e-03 -4.843846659921627502e-03 2.659037317272811354e-02 -4.154834517166507146e-02 -2.877965959555157591e-02 -5.356419658861856503e-02 -2.813757288928385794e-02 -3.974872909080448893e-03 -3.349865846441575645e-02
2.334574195545086051e-02 -1.044733211943417277e-02 1.719827029697136925e-02 0.000000000000000000e+00 -8.008096039878291605e-02 -1.519713536549534005e-01 -6.355464067587886234e-02 -7.495739639272276655e-02 -6.212458940401278940e-02 -5.398680492338351483e-02 1.085665518038942887e-02 2.481698044121201027e-02 -3.733126002981056873e-02 6.767995281718028333e-02 2.898404273579175544e-02 1.180645113059472090e-01 9.165283333623247541e-02 -3.314888266655187377e-02 1.794162465399173068e-01 -9.181258888184781752e-02
5.356128620402174356e-02 2.235838406081932725e-02 7.531343847244953427e-02 8.778129620727086191e-02 0.000000000000000000e+00 -2.604335789165160633e-02 -1.181817749880313129e-01 -1.734963636024736827e-02 1.140671973179650384e-01 -1.910171260532844348e-02 2.346978162210120247e-02 -2.972459610978648095e-02 3.765472416736496269e-02 -1.165739603271022384e-01 4.639199054237528458e-02 -1.327303309958956451e-03 7.894724617495853247e-02 1.156539228788875939e-01 -2.688480516808458218e-02 -1.850018902105737134e-02
-7.187960000352033862e-02 3.785975998012407889e-02 6.117958937752677323e-02 4.424963002242150029e-02 6.004665429889323447e-02 0.000000000000000000e+00 -5.371694603006915703e-02 -4.807319366157948581e-02 1.837041566819690164e-02 2.493097544977072172e-02 -5.259074184327585397e-04 7.797191533924163753e-02 -1.055099441493351636e-01 -3.349720040320592479e-02 5.276561288289013246e-02 -8.412041186468117299e-03 7.357858603754419136e-02 -3.017061318477448975e-02 -1.580727725831220084e-03 -7.080686458146968898e-02
-2.736654005854630145e-02 5.727860638237354529e-02 3.209678957422383572e-02 -8.692089439576414223e-02 2.130738165592539063e-02 3.611399172704773172e-03 0.000000000000000000e+00 3.134888949652222395e-02 2.562836959798528783e-02 -9.620357742757019992e-02 5.029932858921307842e-02 -1.162345309048638808e-02 2.607485095177795864e-02 -1.006512928234804547e-03 2.418724453606452621e-02 7.032210977115394002e-02 -4.639387588114467914e-02 -2.913898043119711196e-03 -2.936585117239826764e-02 9.180210446732318952e-02
3.601769257239663402e-02 -7.725126916040939151e-02 -6.379377406522640515e-02 -5.726951018783670889e-03 2.418728220003162066e-02 -2.781449445538480142e-02 -8.478059041940735202e-03 0.000000000000000000e+00 -3.689472816700661850e-02 -6.281950323591938001e-02 1.901605392701459854e-02 -7.726576796949837476e-03 1.583622999061585351e-02 -2.425183152827461650e-02 2.271666759882065567e-02 1.718823774810393848e-02 1.585935191559761231e-02 -4.432520026491435644e-02 1.316447231440539753e-02 8.421660579135778479e-02
1.578847519600528118e-02 2.847096408254666880e-02 2.445388317897466066e-02 -5.556171962867229031e-02 -8.116120506255163763e-03 1.130500582939319293e-01 -7.834985657554168923e-04 -2.694263324115828487e-02 0.000000000000000000e+00 -9.555367378838948759e-05 -1.334739042961446791e-02 2.644611888547899331e-02 -4.303880393605889060e-02 -4.942199326503440848e-02 8.516268885681913241e-04 -1.041622075446317214e-01 -9.145431062038838349e-03 -1.647430332925327312e-02 -9.826660904552912690e-02 7.002820465536539751e-02
3.208507838537140444e-02 1.058489114055677360e-01 -3.302990804755057130e-02 -4.939683160250301144e-03 8.892707691525539651e-03 9.939152530323222545e-02 1.198464559011650776e-01 6.137302734376109264e-03 -2.305788468293388030e-02 0.000000000000000000e+00 1.074800687662805648e-01 6.740759135878765518e-02 -7.673146440219803799e-02 2.032851205316500709e-02 5.322653946798117791e-02 4.072811793712971529e-02 4.095572001388553957e-02 8.494106045325572341e-02 -7.459906755758639874e-02 -6.616061554043083104e-02
3.921068197700881136e-02 4.243381377143256444e-02 -2.207888292263883792e-02 -5.122145080925688543e-02 -4.340556476130156410e-02 9.346458003911350954e-02 5.186013932956017730e-02 -2.854960700496736101e-02 8.272501412198522697e-02 6.460534514766415673e-03 0.000000000000000000e+00 5.292397856476380863e-02 -3.751004977835282334e-02 -4.687858757870573545e-02 3.818154558864252784e-02 -1.431562759894651655e-02 3.775090930410930634e-02 -7.822060764188428286e-03 -7.851738357642638888e-02 2.680112288436884219e-02
6.492803735820619482e-02 -2.759529233926589706e-02 8.860141106415673345e-03 -4.070993193251952469e-02 3.356881731607593705e-02 -3.547744595011342959e-03 4.254474180293664476e-02 -4.586229446598143189e-02 -5.758252416053881440e-02 4.444449430524995831e-02 9.671426173477470564e-03 0.000000000000000000e+00 9.059946344639531468e-02 6.617994707906728336e-02 5.745473770322958446e-02 2.459180763674778322e-02 -1.060454695616666956e-02 -3.149050395932105617e-02 -7.592497283354335789e-03 -6.000452146594161679e-02
8.428178167807484633e-02 -2.810222722781982249e-02 6.451628726210111020e-02 2.659841334226500931e-02 5.506051253611304180e-02 -3.833836682357249365e-02 -1.057382900942820947e-01 -8.565081131069037998e-03 -7.693204546583424716e-03 3.263476353188958512e-02 5.836274857552969410e-03 -6.655623692402194702e-02 0.000000000000000000e+00 1.313550395701497918e-02 -4.199424383383140030e-02 2.422309655575395279e-03 -3.820038722100589645e-02 6.128575991849015414e-02 8.765548225790370518e-02 -3.074197467857646480e-04
5.762074929484912317e-02 -1.319473368399607174e-02 -4.452062782916318268e-02 -3.919376455022618305e-02 -6.785495898639615220e-02 -2.250107289804819874e-02 1.313307437672335265e-01 7.966779380611942185e-02 5.078243297435342495e-03 -4.707770937961575780e-02 2.654592546049566390e-02 -1.351331763649266625e-02 -9.897137737822604697e-02 0.000000000000000000e+00 4.840423052287714384e-02 -4.051032677344860848e-04 -7.762110367195136640e-02 3.228709295252962796e-02 -1.027795052971691020e-01 -6.143951596483054195e-02
7.810564998756595878e-02 -2.372576834794527453e-02 -1.195937040371607279e-01 -2.142118265629929224e-03 -5.926991941662537039e-02 -6.422882875123528401e-02 -1.775948019152424201e-02 1.301529410329634734e-02 -1.000710172263123282e-01 -1.681721577658922689e-02 2.045598019645897964e-02 -6.516828438220528819e-02 1.785805745543083203e-02 -3.142469285722703041e-03 0.000000000000000000e+00 4.762886916241413499e-02 -5.381714041978068186e-02 6.139095776800456566e-02 2.036697589992111576e-02 -5.533099146011620506e-02
-7.815421963965017704e-02 -6.169131118562532629e-02 1.797642688246109399e-02 -5.997607397859663902e-02 -1.643083832098895386e-02 -9.455531462453913016e-02 5.944402194424011632e-02 -4.333111171344038171e-02 -4.491811483727758958e-02 -4.916075079250613322e-02 1.481483054406930976e-02 3.154284124070030112e-03 -4.593298818873319672e-02 3.185018670026299598e-02 -1.087006074951228293e-02 0.000000000000000000e+00 -5.017945669222280414e-02 4.148296036391306194e-04 -5.238104812389306197e-02 -1.044470081746870851e-02
-4.908220910841581269e-02 -1.090319058578549140e-02 6.372955522349472990e-02 -8.709118092207410178e-03 -1.572485112976334046e-02 -2.340210260786271951e-02 5.668389205299360911e-02 -4.522554101761983025e-02 -7.656319685301694877e-02 -6.361248408410673238e-02 1.889917241624398600e-02 4.667914695854624707e-02 -8.339856822484224830e-02 2.711633798344206467e-03 4.507999674562664788e-02 5.903376061394551705e-02 0.000000000000000000e+00 -2.592322460240204657e-02 3.101488512134292080e-02 -1.073554033543892700e-01
1.852398316948963564e-01 3.487500069579506476e-04 9.284047906057396604e-02 2.622699569012391929e-03 6.049298929738321923e-02 1.523136847055359400e-01 -1.784140692137480000e-02 7.944402334197511392e-03 3.662600032935909439e-02 3.537141596186952480e-02 4.239276537792770888e-02 1.132934852373457396e-01 -1.163693520955030175e-02 -2.440568298002858058e-02 -9.764401760685931242e-02 1.134094565337866872e-01 5.213983212657375549e-02 0.000000000000000000e+00 1.239487809771063764e-01 7.025055134713498184e-02
-8.858186512950681768e-02 2.273905549906006865e-02 -6.902657346269303051e-02 -5.031542655536838660e-02 -9.402921220237003830e-02 3.522856194433991728e-02 -5.409085187969966263e-02 6.855209236464961109e-02 -3.048739049748624280e-02 1.026417403094766895e-01 -5.061234111526338036e-02 -1.918450508084632456e-03 2.035054033049887596e-03 9.065070963631000067e-02 4.360520615593049820e-02 -2.839392333611048119e-02 -5.990062146325886988e-02 -4.845923623920690704e-02 0.000000000000000000e+00 -1.062262014810611346e-02
2.113016445974745527e-02 3.946751122291550229e-02 -8.909403697868242822e-02 -5.767246737398435547e-02 1.111711467546494352e-02 -3.378430934553781212e-02 -3.463147073735618059e-02 7.675896748031064976e-02 -1.351596818700066642e-02 -1.160279339387028548e-02 1.088483021842343024e-02 8.664262893636706653e-02 7.319950493876939412e-02 -1.189752671761398761e-02 3.209736594959523414e-03 4.553908616001164228e-02 -3.622845234972370265e-02 -8.273941616799526666e-02 -5.315733216772736136e-02 0.000000000000000000e+00
