0.000000000000000000e+00 7.854254852849140711e-02 -7.921799097143994439e-02 2.718903261797461085e-02 -6.265605845976646160e-02 1.384473092960087151e-02 -9.318290004066710763e-02 7.915652228425885950e-02 4.518902767833651163e-02 -5.317341753290114048e-02 5.735900822002596572e-02 1.319299437792691501e-02 -5.834824440335684148e-02 -2.767710666530313196e-03 6.179050931240672589e-02 5.793400245539837012e-02 -1.418352913755921256e-02 1.238588228629745706e-02 -1.156515204064818558e-01 5.750365501723260497e-02
6.500632769854772924e-03 0.000000000000000000e+00 2.049935471181568367e-02 6.595610758883801994e-02 -1.674584105051482308e-01 1.011386510296688607e-01 9.208876228397110120e-02 -3.469387839268672086e-02 4.602091662209310124e-02 -7.902638111322342340e-02 -1.516273687870126931e-02 -7.731925537192631259e-02 3.682141173408025325e-02 -5.905496662320827012e-02 -3.485344551392235285e-02 -3.290843656102310222e-02 4.586440088643041479e-02 -1.156034659911890222e-01 -2.694302890554879301e-02 5.476349730555318124e-02
3.658988105815320219e-02 -5.432437788882204383e-02 0.000000000000000000e+00 6.410055819712348613e-02 -2.619001066060921284e-02 4.104841847573942326e-02 6.434473360073969528e-02 1.367006301197708565e-02 -3.197054556677605269e-02 -1.037541378439611889e-01 2.686962567076445901e-02 8.106530351517943211e-02 3.290925104660494954e-02 -7.171318812097708661e-02 6.631984875253078837e-02 9.084256724976338959e-02 2.717571381034585704e-02 -5.120248380615560757e-02 -3.178465211852316702e-02 -2.367134563657026861e-02
-1.003020487862473775e-01 -6.443659161536244295e-02 -1.848811052760716486e-02 0.000000000000000000e+00 -2.713059682430920064e-02 -8.432773481745774180e-02 7.030027975016955866e-02 -7.248700479021337462e-02 -7.572065175558812498e-03 -1.737762681319824851e-02 7.739437628470706952e-03 -1.520066671626180838e-02 2.509002416278917347e-03 9.405499852216223262e-04 -3.593093651843684826e-03 1.643388060600870643e-02 5.747080586430177579e-02 -3.000716385405806721e-02 3.059865610768475880e-02 -1.647851220940742267e-01
1.396758903979031415e-02 -1.045442932382393891e-03 1.155274361110162663e-02 -4.324374785334154231e-02 0.000000000000000000e+00 -1.824298570539331643e-02 -7.151953462519013149e-02 4.094551166613133453e-02 7.703715659383185421e-02 -4.653124967382233496e-02 8.715551109278038208e-03 -9.076166187775139282e-02 9.128605094935861308e-02 5.325196773998838035e-02 5.669840551551111330e-02 -6.066126053745943270e-02 3.735203900932843740e-02 1.812087495123355235e-02 -2.700106400442625100e-03 4.519833694216560116e-02
2.140882787575839469e-02 -6.780282983564037450e-05 5.254236047567763940e-02 -7.661365146688958565e-03 6.519603473816022732e-02 0.000000000000000000e+00 -4.923231476171761184e-02 3.308439073382063444e-02 -6.901592410685808421e-02 3.956545221962080167e-02 3.504233893037431852e-02 5.982055974971973999e-02 -8.733715879828140433e-03 2.300767076738805851e-03 2.726023560972714102e-02 1.292098344518662761e-02 -9.717029203368574009e-02 -3.349067792410482559e-03 1.793232314865743915e-01 -2.714274844789210661e-02
-1.580807705685949652e-02 -6.765643521179806608e-02 6.341160758159808397e-02 -1.665868210230791666e-02 6.107423565950483718e-02 1.280860525652535893e-02 0.000000000000000000e+00 3.872190988751260388e-02 -1.025919560031524208e-01 1.383623199986073159e-02 4.451175560665724534e-02 3.328280779601165695e-02 3.253464624212985129e-02 -5.544302578598905851e-02 6.511144880777120468e-03 -6.874080496140942687e-02 9.590851544062155287e-02 5.105297989804289532e-02 3.167355811282274169e-02 -9.662091821132428801e-03
-2.950418684526322916e-02 -3.352807236205589125e-02 -1.060323167921607343e-02 2.090847373029822501e-02 -3.961612044730321303e-02 -5.918261280393719709e-02 9.793036148067823382e-03 0.000000000000000000e+00 6.323239666201797837e-02 8.553185372993594993e-02 -2.494310947679619778e-02 -8.541365140990471450e-03 -7.734917957834435039e-03 1.025779618384484310e-01 -5.880974629447988794e-02 3.055488607398790593e-02 2.679945243681440201e-02 9.877376253367085857e-02 -2.947369657093865808e-02 8.736870574486766197e-04
-2.715342025448469476e-02 2.588720955988740857e-02 -3.403804282202833181e-02 -1.599544016970487481e-02 -3.705242338206693464e-02 2.352470226634751152e-02 1.484318845259319508e-01 -8.616726655656960221e-02 0.000000000000000000e+00 7.847156373588554112e-02 -3.850346832582154932e-02 -4.121714820964111903e-02 -7.222462195109775364e-03 9.850598863319137699e-02 1.835018791133561158e-02 -5.345461672707657076e-03 -1.112116605387089389e-02 -2.820162520243735954e-02 -1.017404262603502779e-01 9.963312683295580396e-02
-1.066281591238809820e-02 -2.106417551440169580e-02 -8.483697331570231454e-03 1.150050164802479506e-02 1.193394246799695663e-01 -2.720304489183802618e-02 9.010696763451440938e-02 -2.002000100025666182e-02 -8.028389590905857243e-02 0.000000000000000000e+00 -2.075783921958382003e-02 7.496484138917967888e-02 -3.473368222361313679e-02 -3.883949455647280752e-02 -6.865308142746946729e-02 -8.688223350306865933e-02 1.217905835855978836e-01 2.648206200474270341e-02 -2.855484934764291466e-02 5.459609597530556968e-03
3.775245233270231593e-02 3.331621130043433548e-02 -5.996412693894386664e-02 1.851787977636232610e-02 9.930269409252370089e-03 -9.493830409956278971e-02 -1.415421572315479662e-04 -4.773767486018123951e-02 3.002072435318098309e-02 -4.620927822068050111e-02 0.000000000000000000e+00 -3.579651516089818464e-02 1.682064438160698824e-02 -1.722179110017512185e-02 4.583126016905911260e-02 -4.497434740466437625e-02 -4.734379347404794880e-02 7.142255608524827881e-02 -1.622431959137988784e-03 -1.258177461540717357e-02
-5.120341378222507261e-02 1.151357359340269421e-02 3.428229753070258234e-02 3.042928633357343260e-02 -5.226321353243054690e-02 6.987936405053261045e-03 1.010544304988814091e-02 -8.501179441602150014e-03 -4.797112695836512619e-02 -3.706426671191978550e-02 -7.896156137188409252e-02 0.000000000000000000e+00 -5.821731060546724880e-03 -2.223705305967723159e-02 -6.492229563312942875e-02 1.868692021607254797e-02 4.467105970810194421e-02 -6.800797490960319713e-02 3.510385977637955901e-02 -6.098842417500776464e-02
2.376030955619223145e-02 -6.632815541027903272e-02 -1.207966267631809150e-02 9.744596058267666200e-03 1.057391352415963659e-01 -3.611706159878880912e-02 -8.292074456634705715e-02 -2.328457508867993672e-03 4.403176707694149775e-03 -3.338402690167550143e-03 8.443018000313459726e-02 -1.414873536990148839e-01 0.000000000000000000e+00 -1.081361856303850698e-02 -2.643509647110842825e-02 -5.575980826802200835e-02 -4.904363319178857428e-02 9.798864255546710367e-02 4.645278924740202375e-02 -3.601905991417641423e-02
9.298637502907056498e-03 1.547323843289090950e-01 -3.061160518904864139e-02 2.713700339616740079e-02 -1.920170966653360779e-03 6.714343307465116262e-02 1.114828176039387164e-01 -7.589618486238448869e-02 3.131159053630570843e-02 8.437625440473335570e-02 2.909951811987751893e-02 1.887512354502219811e-02 2.312146921991735729e-02 0.000000000000000000e+00 4.352997936602846091e-02 -1.093038462936631872e-01 -2.574100994001586248e-02 -5.117085367165101484e-02 -3.981484619277816245e-02 -5.883149880600063199e-03
-5.376053356910481806e-02 -1.418650854850699028e-02 6.718075286855665351e-02 -2.809234077750259739e-02 4.738832012139691796e-02 5.105976019284805267e-02 -1.164728527626345163e-02 -2.199853424770796193e-02 -1.978557265163420620e-02 1.023287259952946476e-01 -6.498534786146911713e-02 1.082949769764669085e-01 -2.203591936227411799e-02 -2.367304744995289353e-02 0.000000000000000000e+00 -8.344729516618028253e-02 5.139828647903082331e-02 7.330742053283088866e-02 1.082979452230672934e-02 3.885063971254072712e-02
-3.870376480571068034e-02 1.653261463320855260e-02 -8.107886925987826954e-02 -6.324342591280239338e-03 -5.949659477544219643e-02 -8.765346031996740575e-03 -4.570576817379799067e-03 9.675969421355172517e-02 -4.375736110197808726e-02 -9.737416533807701641e-03 -1.468234140715990454e-01 2.002909986636815520e-01 -3.429774334279757364e-02 1.186854630653310927e-01 -4.114871072565056548e-02 0.000000000000000000e+00 8.255955689656160890e-03 -8.314675652633465863e-02 1.951425360788152860e-02 -1.002388304549034076e-01
3.660737496522107476e-02 -3.882471525678594937e-02 7.950620945603639744e-02 1.840468198747535755e-02 5.578144115890643073e-02 -2.221950119848532107e-02 -2.270031189192194335e-02 9.014648892585309936e-02 3.285307822747805112e-02 1.324979515214360325e-02 6.170039282726246660e-02 1.084501819322371274e-02 -1.171867032671762218e-02 2.561501062216192670e-02 1.011610950663090376e-02 9.535985016664519018e-03 0.000000000000000000e+00 3.108898380309600001e-02 -4.059691600438082582e-02 -4.261277971790732727e-02
-1.530227523876400916e-02 -2.001946037180840632e-02 -1.553194378856363189e-01 -4.765682620943913900e-02 2.642496415838309701e-02 -1.926043259741678018e-02 -1.124575566564772061e-01 6.084970704494031997e-03 -6.491282461363143130e-02 2.443434640730127866e-02 -3.382846708684900117e-02 -7.005575070310758601e-02 -7.359826854185924638e-02 -3.198937303213716249e-02 -3.839807272329692767e-02 1.088834557158306349e-01 -4.032431960281253336e-02 0.000000000000000000e+00 5.259923719854624202e-02 -1.128910916260261049e-01
-1.075412626750342319e-02 -8.978344802705354524e-03 7.865793634669437928e-02 1.874390880114402665e-03 5.697920650602789072e-02 -4.802941897240631253e-02 -8.061199680358265007e-02 -1.643482777927719046e-02 -8.023159956912079283e-02 -2.275087500925650208e-02 -2.498994092245213419e-02 -5.763314735985428094e-02 3.462206120383067715e-02 -1.453442913303574224e-01 -1.229787027313265953e-02 -9.127408588872221867e-03 -7.928778651108139841e-02 1.220922651460010500e-01 0.000000000000000000e+00 -5.118812315563850412e-02
5.898586383747224382e-02 -7.834634510028744281e-02 4.936812683148702335e-02 8.489907171542295655e-03 -5.273591054231648728e-02 1.165482522018863702e-02 -5.513282133321649459e-02 -1.399904804155373619e-02 -3.945160426336487280e-02 -1.158582125999622209e-02 9.126650021005553240e-03 2.912772833878176509e-02 -6.003539475715511525e-02 -7.796832092693921357e-02 -6.043742735515962583e-02 4.344433626235669893e-02 -6.934562905666408206e-03 -3.869968674200624688e-03 -4.757741206903944031e-02 0.000000000000000000e+00
