0.000000000000000000e+00 -3.722397185821142013e-02 3.599206857577738616e-02 2.937889247670685128e-02 -2.099280187893098198e-02 9.283157786808691331e-03 -3.241016316957484340e-03 -9.946791089290031584e-02 6.278975245623283352e-02 4.331699486966778673e-02 -2.796556457142480856e-02 -4.423694886332707465e-04 3.076709597202995777e-02 -1.495925155181711784e-02 -7.702530601815329309e-03 -9.433763649746081115e-02 1.490227332749961657e-02 1.094424830848509224e-03 -3.218896967311626368e-03 -9.164572424270572837e-02
1.080497971477228647e-01 0.000000000000000000e+00 -1.240893569454097276e-02 1.252096409737863403e-01 -1.703841004132655365e-02 -6.343493057794410972e-02 -3.781404182185358481e-02 -1.405729684124968903e-01 6.716339781440107404e-02 -1.386946110545011004e-02 -1.145816147699085796e-02 8.073888047522762013e-02 -8.755449624231599615e-02 3.734575576759296273e-02 -8.447463069153897386e-02 -7.106172377943707763e-02 -7.388657173900051167e-02 9.839818727862199854e-02 5.760125769399081913e-02 -6.369453455970722211e-02
3.164272133267230502e-02 -9.186678989472812917e-03 0.000000000000000000e+00 -3.699818769737108631e-02 -1.163315522079531594e-01 -7.913675322765410802e-02 2.685126819968906495e-02 9.245106229591791569e-02 -8.896802036642994724e-03 -3.333232573945188459e-02 8.908121689789195996e-02 -1.998571282316405698e-03 -2.291941406234850043e-03 1.080724059280992189e-02 8.201574194046361982e-03 -4.893185679326894633e-03 -1.011313015743170174e-01 2.919910813163999891e-02 1.066006934566221184e-02 6.061376832010894472e-02
-3.800909193886698595e-02 -1.178352547755575908e-01 -4.011960926016207296e-02 0.000000000000000000e+00 2.492475195719590086e-02 -1.650753875166677265e-02 -5.472761446420785353e-02 -4.459759344665600866e-02 -4.649432619867693850e-02 -4.368675553439099052e-02 9.641304961472692281e-02 -8.138945235049118918e-03 3.469954460009377906e-02 5.371438830044249907e-02 1.335024844616842787e-01 -5.180154507322967672e-03 4.345488480804671205e-02 1.653803760523122821e-02 -3.038885647887502178e-02 -1.029551863110331755e-01
4.170146585455747346e-02 6.881457415884706386e-02 2.195404972740448019e-02 -5.903417405994564743e-02 0.000000000000000000e+00 -3.327654661307306166e-02 -3.170437736056970490e-02 7.534709829976830864e-02 9.393456061983432304e-02 2.510716940413494982e-02 2.254491849624837632e-02 3.815243549893803515e-02 -1.145302971259046232e-02 -1.815558696047733442e-02 -4.414097397642651605e-02 -4.786002841901620605e-03 9.407450987354330774e-02 5.067176054529861501e-02 -1.095999188402435251e-02 -1.914107109286655034e-02
-3.504137682425193662e-02 4.414515777633166299e-02 5.346137399647701849e-02 -9.966274688745734023e-02 5.880205311179548602e-03 0.000000000000000000e+00 8.429811795530568752e-02 2.859091774864916391e-02 1.170139227615371452e-01 -2.724758362025174810e-02 -4.343518482956575805e-02 3.382806707227815901e-02 3.362250066620556949e-02 3.997974329152017420e-02 -1.085045451142578471e-01 1.607226134240021670e-02 4.655152301706954633e-03 -3.485632190918232232e-02 -5.954198645538969631e-02 1.353874237448966789e-01
-3.692472067907313221e-02 -3.146274320766793975e-02 7.023534170426824763e-02 -9.499411759727143315e-03 -1.094852452593712312e-02 4.651549159470380612e-02 0.000000000000000000e+00 2.931257787740958881e-02 6.362457315940260594e-02 3.736411053896084716e-02 -4.140284160423977899e-02 -7.559393980358979949e-03 -3.696643222362378661e-02 1.372648411681831951e-02 -6.251857319700694637e-02 -7.903734982794868857e-02 -4.929336818863921423e-03 -7.239987099605424414e-02 -1.112147860865079080e-01 3.842882735390184407e-02
-1.879809730627052602e-02 9.906730990031267781e-03 -6.192622526991943543e-02 -4.677888136224706006e-02 -5.895472701161411089e-02 -1.701510104936518331e-02 1.816500696183117203e-03 0.000000000000000000e+00 -3.703973067797621671e-02 -9.413517397607688852e-02 -1.999847072772600789e-03 -9.059445399334796478e-02 -1.486060886808711519e-02 3.694949176124168871e-02 5.376308280809021650e-02 7.848247104663917673e-02 -7.385442050935454861e-02 3.952964971165211228e-02 6.771691514884657648e-02 5.224305197042579396e-02
-2.157069431482046967e-02 4.716468458309847761e-02 9.387317694842663152e-02 -9.640970348767506637e-02 4.726613290228008461e-03 4.608729875440785440e-02 -2.569381075592430674e-02 5.235003363669660931e-02 0.000000000000000000e+00 -3.476284380859874512e-02 -4.206952651761691059e-02 3.804314774824565926e-02 -1.841459473079607237e-02 3.484910524847382313e-02 -6.402939599158308237e-02 8.822189819886796722e-03 3.619186390821027555e-02 2.377480727846184236e-02 -7.020350817593608295e-02 6.523709799954761912e-02
-1.061091801959610295e-02 8.276817541269429132e-03 4.903132577903683391e-03 9.040263608197558753e-02 -1.064164130969677026e-02 -1.299146084376573140e-01 -8.289723800355483507e-02 5.011836079787233139e-02 -4.571946228769109555e-02 0.000000000000000000e+00 4.060092021305383714e-02 -6.700652444205394687e-02 5.403203365669357466e-02 -2.122459303749248127e-02 -9.160515646460944128e-02 1.221458290373449440e-01 -1.251354959075152984e-01 6.397872496713920276e-02 6.618348118827367677e-02 -1.090587109161789137e-02
-8.724501794828484758e-02 5.583923825782768913e-02 -7.032452874916665653e-02 -6.584934025822843096e-02 -1.718009425999441134e-02 4.202643221528777617e-02 3.148765455651211104e-02 3.035775878125867439e-02 -1.944321172784430410e-02 -1.161644243288886304e-02 0.000000000000000000e+00 -1.350331002393948335e-02 1.625680233159386770e-02 -1.504335345172688049e-02 4.394755955502420430e-03 -1.217320687625672929e-02 -4.364555015340149807e-02 8.015923442807293105e-04 6.601379055185958335e-03 5.087935610341760839e-02
1.951372943552889122e-02 7.863481415400053187e-02 -1.356206337216839079e-02 1.135656632448981719e-02 -4.117126722030840791e-02 -1.088646412571241465e-02 2.805569135165810260e-02 -5.539608342937301505e-02 -3.696524885833598392e-03 3.506074226933530297e-02 -2.654484364617339109e-02 0.000000000000000000e+00 4.789668488455561118e-02 2.156015360246678683e-03 -3.939400905988616614e-03 5.577432383899697671e-02 6.949518283618794090e-02 -3.169341283196992765e-02 -2.399252327287043976e-02 1.115593845172197993e-02
-9.421545647655932276e-03 -1.100063395116091386e-01 6.911854008758720747e-02 -1.344542193958023560e-02 3.635131799199547292e-02 -5.194851956194376785e-02 7.212440854501804555e-02 -3.290996022516368136e-03 -2.089891085498741391e-02 -6.515579438619341357e-02 -1.089203551312863637e-02 -2.034439147236014045e-02 0.000000000000000000e+00 2.901648347782342929e-02 1.821834448297880368e-02 4.066951533844020278e-02 1.406368059819415768e-02 -7.326227317205716294e-02 -2.693633729013088923e-02 3.946807242588244724e-02
7.036503204838573389e-02 4.160631377096514483e-02 -1.030627889810421111e-01 3.453776385762515749e-02 9.178317644939965048e-02 -6.518324514129389922e-03 -3.695696097840026756e-02 -1.605880361269228923e-02 -2.166317426739316002e-02 6.098924885068800206e-02 -2.357665478494937530e-02 8.726896175985580928e-02 4.354421111563118452e-02 0.000000000000000000e+00 1.521086107227039540e-02 8.315235787746817764e-02 2.836381498729243292e-02 -2.907279775014322623e-02 -1.140753349238751019e-01 2.325896903810480143e-02
-4.368635294515580553e-02 -1.101192539760888767e-01 -9.023235381068654692e-02 -1.774448007936996544e-02 6.502343626369856688e-02 8.864866767262922142e-04 2.373510761778563349e-02 -2.728649259359333668e-02 -7.757384726365355865e-02 2.969685750659500911e-02 2.030499024742550909e-02 -3.223603489595171234e-02 7.859933516280451227e-02 -5.409675075256721588e-02 0.000000000000000000e+00 4.060065330694818259e-02 1.125934930197160094e-01 -2.623204613597803977e-02 7.583995299648584043e-02 -3.053664706298408332e-02
2.346587972065975955e-02 -1.893033151714364898e-02 -8.499451007027587768e-02 1.251645146024755670e-03 6.879800499255567248e-02 -4.355232411230969096e-04 -1.700118582452474561e-02 6.796569445983625946e-02 -5.431352558749212578e-02 -8.088323371882817636e-02 -5.547082705965836885e-02 -6.620196858199989265e-02 5.048634478575740603e-02 1.170859856139652364e-02 -2.261329793926866727e-02 0.000000000000000000e+00 1.763777005643555329e-01 -5.499225304550034443e-02 -3.781882377445845017e-02 5.766435763902942081e-03
1.711361793557467093e-02 2.713970220204611761e-02 -2.146249695355524276e-02 -4.863495716029767046e-02 1.939103951684785151e-02 2.654832094055636308e-03 -6.707143912103348538e-02 3.252982705103685257e-02 3.232693064976890213e-02 -2.127995118953022059e-03 -2.401953125924080612e-02 1.418531221738989151e-03 -3.384148150919953635e-02 -4.921650031653305307e-02 1.155800465203996562e-02 -5.316138926481306370e-02 0.000000000000000000e+00 -4.083945454031724653e-02 2.285088900993515956e-02 -6.633164594928426389e-03
4.419419145839075663e-02 -4.800571058270061003e-02 -5.444214872995818688e-02 -5.295370155594172207e-02 -7.512742167626371148e-02 1.367931502497807261e-02 5.212753309837125926e-02 2.157212129577997309e-02 8.168792823491699551e-02 -3.809759619835224181e-02 1.193213071569151351e-01 7.908900131015864088e-02 4.783927767901477099e-03 -1.172449611601962677e-01 3.781216049757490667e-03 -7.153764177190830541e-03 -1.076734984330648265e-01 0.000000000000000000e+00 -1.389391043291906234e-02 -4.051022173161803602e-02
5.076488518420342599e-02 3.650142285914083351e-02 -4.757538528642967640e-02 2.164740224010902256e-02 -4.227869465814947797e-02 -2.891067925243195197e-02 1.565537680738721474e-02 -7.313624144642036536e-03 -2.585462203568513959e-02 -1.117463077054787063e-01 4.233984376045644982e-02 -5.754326931131632794e-02 -1.337727617845344344e-02 9.592631291188247200e-02 2.314294454661150122e-02 -8.084190870073711122e-02 -1.073238543368218167e-01 7.186716083703507951e-02 0.000000000000000000e+00 1.319170047683733589e-02
6.060669136914823008e-02 1.308306225638686780e-02 -2.681796778418118685e-02 -2.615672043927637705e-02 -1.888378586479832477e-01 -6.975901652827534716e-02 -7.091282986160534277e-03 -2.483314664690178600e-02 1.118535488815522059e-03 -2.347275141137159654e-02 -3.243852539275612207e-03 2.674611172705873216e-02 -5.672234209985749231e-02 -9.552602789317415563e-03 -8.111167185278395086e-02 2.998596300406975931e-02 -3.188787404601103881e-02 2.677000707280521863e-02 8.365976166731978192e-02 0.000000000000000000e+00
