0.000000000000000000e+00 -4.416286687692499296e-02 -4.499849789414227252e-02 -1.865614270621987134e-02 4.762628380944038814e-02 -2.579880383145038633e-02 4.788083859573805112e-02 1.177272959772724531e-01 7.339166685312359384e-02 -8.831213377574450088e-03 5.381913753335215711e-04 2.036045888352651378e-02 -8.161592271146356214e-02 -3.104262712841875799e-02 2.867927018343686615e-02 -3.304681737820024546e-03 1.392311323591373107e-01 -6.346646297202332421e-02 -6.821354852648178757e-02 -5.402696967675958001e-02
8.534523514927267027e-05 0.000000000000000000e+00 1.282108553912046922e-01 1.110104474866693315e-02 1.684736239901465579e-02 2.030983330920655555e-02 -2.783732251091168911e-02 3.968014079563898788e-02 4.605775223038992977e-03 4.576052929613388942e-02 -6.293181437660340383e-02 1.809294585212242387e-02 -3.694780150801740132e-02 5.001165088806460574e-04 -4.477542809851734612e-02 8.800923506989942469e-02 -6.446952574204835307e-02 6.175750331719434549e-02 -2.193091110168664953e-02 7.175890034963461339e-02
4.852198022545812367e-02 5.298268031858093668e-02 0.000000000000000000e+00 8.843548835344351711e-02 -2.345857427595146594e-02 -2.162076372755764725e-02 -1.410300508021371073e-02 5.928197442781579091e-02 -4.826062109351954982e-02 3.678840961430069473e-02 -1.434894872941097979e-02 -3.022234468375489466e-02 -4.470218057137708562e-02 -4.030493495176145496e-02 -7.367269934233829087e-02 1.847816882522221663e-02 5.206702925134461951e-02 3.564011103919342144e-02 -3.205863827229257085e-02 1.824768245585853266e-02
1.546825254313844876e-03 2.482333990135523680e-02 3.115354724992695085e-02 0.000000000000000000e+00 -1.222015599268543029e-01 -4.860237324985002341e-03 -1.119445793042183994e-02 -2.630080706781928387e-02 -5.162555939211001602e-03 -6.256166461972054171e-02 -1.646482901319855710e-02 3.372943232879206665e-02 1.085062135947007511e-01 -5.525300698056503229e-02 9.426137527763996798e-03 -5.730316152312445177e-02 -2.709970470872963971e-02 1.356504772668239850e-02 2.263716346659530934e-02 5.403981134914240952e-02
-3.801464324313298063e-03 2.446750253270243026e-03 4.717010588453144498e-02 6.408774689642951147e-03 0.000000000000000000e+00 -7.592207041520976363e-02 1.000764624128530483e-01 -3.012357223840047421e-02 -2.911467949027971708e-02 1.106233542299868075e-02 -8.192723657631216516e-02 4.495435621418464311e-02 -3.445936977637636262e-02 -5.631060079952158841e-03 -3.871026504395019135e-02 -7.236871955494754254e-03 1.579238357867259607e-02 -1.616384412375083263e-02 7.197098953690539425e-02 4.075237923911716881e-02
4.919769144820465567e-03 -1.000492643471148912e-01 1.452610592568270333e-02 5.091313957553638553e-02 -5.099910709063029679e-02 0.000000000000000000e+00 -1.501431929841548496e-01 -7.225918583163859488e-02 -1.375967223621818725e-01 -3.823611791569975216e-02 -1.854238360356482915e-02 -6.478948020378538265e-03 -2.485131207903392911e-02 6.381631595861643469e-02 -6.979303817389197195e-02 -1.225897209072670732e-02 4.145865942437627211e-02 1.449696713221860188e-02 1.618443929309770768e-02 -6.219108303755943590e-02
-1.410640066067864531e-02 5.159083023218027225e-02 -1.101768548548675841e-01 -8.929213899056511611e-03 -2.834676729187186189e-02 -9.397336800012418348e-03 0.000000000000000000e+00 -4.753880039673630264e-02 9.164851387411972194e-02 5.980473924921200779e-02 -1.547453426713893887e-03 9.457915754319114882e-03 3.695986427405188041e-02 -4.532974473101140933e-02 5.947477993359147341e-02 -1.677674103412804194e-02 -1.472635151266798136e-02 -1.250450055956009443e-01 -6.189535042040631568e-02 3.199261002764947764e-02
-5.116520409041113576e-02 3.051580130668314628e-02 -2.926905072542723349e-02 2.257531512831930168e-02 5.275798440571101422e-02 1.853123150550882448e-02 1.451244682705647888e-02 0.000000000000000000e+00 -9.564154435573136645e-03 5.671784121346229446e-02 1.011848989732050258e-01 -4.319984533657677400e-02 5.272084589384902660e-03 7.622772968595589727e-02 -6.519090709566287278e-02 -7.181215454978219503e-02 8.334463623326736348e-02 -2.309911937066697410e-02 -1.678783455583067463e-02 -1.445437443918187737e-02
4.525465513098119591e-02 -1.857309893559789399e-02 6.186610067900943227e-02 4.042217545353198049e-02 1.122169581667301075e-02 -4.527996743273340202e-02 3.651513203018189394e-03 5.868942056498462068e-02 0.000000000000000000e+00 8.261095164648600553e-02 6.041405377538106719e-02 -1.954043682711958246e-02 8.516310214245545462e-02 -2.267207405374778093e-02 1.098062844557712824e-02 4.469742011351204164e-02 4.799320182128435225e-02 -5.797438555147425843e-02 -8.765223191286534987e-02 1.965619238680296407e-02
2.181654734696196821e-02 3.403993519856901573e-02 3.592325056262356958e-02 -2.240937339791985311e-02 4.254236587366663769e-02 6.190169054387567593e-02 -1.373154910301217779e-01 -8.543899816281899651e-02 -2.128645549164841222e-02 0.000000000000000000e+00 -3.476663677777469541e-02 5.638322763043233932e-02 1.020063762246957439e-01 -4.559617468502829424e-02 -8.607453314567347150e-03 5.499333993905427057e-03 -2.847614450765818383e-03 -2.817249388749325581e-02 3.481219968898470463e-02 -4.110221716713103636e-03
9.666389538107818258e-02 -6.746448301530640242e-03 -1.167884620994873342e-02 -9.196629039710067788e-02 2.944690115838518099e-02 -3.165499229220352512e-02 -1.056938945875933802e-02 3.679147740168330766e-02 2.382698705475710596e-02 1.966204901546197981e-02 0.000000000000000000e+00 2.856763090467777030e-02 1.163549466928155973e-01 1.554380701663543758e-02 -1.709710976054211115e-02 -9.263286248666123546e-02 -6.918027746539291700e-02 6.433860556283674259e-02 2.376715577659685441e-02 -1.356385415287090362e-02
-1.767143054440073816e-02 -7.891579344759189207e-02 -1.162053084589541449e-03 3.817563617428236522e-03 -1.130660173271808566e-01 7.139834049928925341e-02 -1.212562969196583074e-01 2.424920417305772430e-02 -2.506582065972452755e-02 9.245171186311296196e-03 -2.434393617718334096e-02 0.000000000000000000e+00 4.476528002184294169e-02 4.601310015261734360e-02 -2.235228513211618556e-02 -8.723129808155229842e-03 5.427147396079000374e-02 8.588102322165433455e-02 7.327030715309727771e-02 -2.207301047568132821e-02
-2.953995940412024353e-03 1.834572956473176295e-02 -6.399137491954994157e-03 -3.602760195562999118e-02 3.237208131075691719e-02 2.057159830508004106e-02 2.418561326154497829e-02 -2.227171441859431347e-02 -3.417553783213326396e-02 1.562927572494393624e-02 2.499850785852855348e-02 -4.392790000878609574e-02 0.000000000000000000e+00 3.778946314851738125e-02 -2.791965125857583021e-03 -6.469383739843857783e-02 -7.531231108170856337e-02 2.012834941195238217e-02 -2.225577860216952988e-02 -1.057945336756594204e-02
-7.333035399025586432e-02 5.819262905578373446e-02 -1.105938243641411134e-01 -1.507074446475524694e-02 1.713706359769408966e-02 3.515466143898540036e-02 4.694632833465997579e-02 -9.064871839456527247e-02 -2.266782524492586340e-02 -4.696709016566952971e-02 -8.291309842770108740e-02 -9.946829910079564574e-02 1.239465120514535168e-02 0.000000000000000000e+00 -1.577393015618454991e-02 5.782937347176332621e-02 3.867841846919136718e-03 -6.774042993206964847e-02 -1.692943250316924358e-02 8.310233598402470140e-03
4.114236584427027887e-02 2.652323642320860830e-03 -6.165018328486937538e-02 8.120584520317343513e-02 1.773975892570786930e-02 -6.383173102088125772e-02 -5.626113024006429431e-02 -3.605730296813799973e-02 -3.861245460662083694e-03 -5.522851015212505710e-02 -2.031984090498543949e-02 -3.919625114404708122e-02 1.479898067040293606e-02 -7.117252446049346370e-02 0.000000000000000000e+00 2.181354962663340641e-02 -9.009390607662619288e-02 -4.206093671868009302e-03 6.263842990713837378e-02 1.439825378520593474e-02
3.724456869468866643e-02 6.115877659870248839e-02 -6.497580497800033161e-02 -3.568681406964407943e-02 2.929056091821006028e-02 -3.092609361822187299e-03 4.111455052987868231e-02 7.700532736732099148e-02 6.563627434435716397e-03 2.607376442192015087e-02 -3.665041839626305940e-03 -9.473454503271720728e-02 -5.437149105430723328e-02 -8.391052163932303035e-03 -1.921712816444615807e-02 0.000000000000000000e+00 6.640280774993707891e-02 -5.368155094027548396e-02 3.248672118324243824e-02 -2.938338021976669157e-02
-1.281093900741583566e-02 -2.040529626460283515e-03 -1.030279186124082452e-01 -4.078115529579087739e-02 -6.566229161215259014e-02 6.121774602611936011e-02 4.410163932837818379e-02 1.978793299578382459e-02 -1.300060387554679599e-02 3.169508114649488562e-02 -7.863936058574684529e-02 1.695303879839247033e-02 7.453862987996724698e-02 5.071262782781811584e-02 -1.091654018327034049e-02 3.920269433347557675e-02 0.000000000000000000e+00 -7.735866827502878296e-02 -7.908126367570496307e-02 -2.700530520547388819e-02
1.328427302549144888e-03 -1.347033769143213822e-01 1.374056298246669749e-01 -1.122414308133677652e-02 5.521853753042757496e-02 -7.628051750122531206e-03 6.879791734829475425e-02 1.207503866790810287e-01 -3.335924091985288664e-02 8.105575017526600243e-03 5.507169183136003537e-02 4.647155620703348478e-02 -5.781977268017699824e-03 -3.256982586556776953e-03 -9.631507808727139686e-02 -3.832835283868790688e-02 -5.357925532955893320e-03 0.000000000000000000e+00 7.050539393673886657e-02 8.391848933303403674e-03
2.046124898940663780e-02 -1.231108667038857546e-01 3.602910981270100732e-02 -1.497723091872918758e-02 -1.093685215503894803e-01 9.064763207415775514e-02 -6.474970316945369286e-02 1.067349499816767737e-02 1.096101417914952317e-02 6.802394188071701764e-02 -1.774065853061309456e-02 8.688452239734865967e-02 5.449433172132349228e-03 -4.116369513808453007e-02 -6.210013763016051505e-04 -4.105520469604417161e-02 1.739361113358976058e-02 8.651041358941620463e-02 0.000000000000000000e+00 -1.848707865420579077e-02
-1.232253902594208743e-02 1.203274823738690116e-02 -2.096464999242298594e-02 3.362446927121361812e-02 -2.772482093142112844e-02 -1.493656835681677619e-01 -5.402488807740637305e-02 -3.161849743563490724e-03 6.514633637970587698e-02 2.412301174342006832e-02 -1.087672575315942330e-01 2.046806814445952319e-02 7.130084794684745167e-03 -3.546974026238652183e-02 -4.110968488220568574e-03 5.007221009466484435e-02 2.640781892375766021e-02 -6.024515203375870043e-02 -6.528516090838945574e-02 0.000000000000000000e+00
