0.000000000000000000e+00 -1.251147096352383803e-01 6.294150825384733916e-02 3.498981767003467996e-02 -2.174450589847031975e-02 2.906887661375755216e-02 -2.934350069186253407e-02 -8.685562444525499193e-02 -8.856493979391012739e-03 2.495519482300617362e-02 -1.727442513414864309e-02 -6.777037949032965747e-02 7.556624490859426002e-02 -1.859356583754545947e-02 -2.877141764120552322e-02 -7.018434391479043410e-02 -5.887371687883868540e-03 1.417413598862835022e-01 3.389104016750857373e-02 8.611449079135047313e-02
-2.834880704398946415e-03 0.000000000000000000e+00 -7.280584448543446496e-02 7.792572968399005817e-02 6.903133203999899103e-02 3.446577483283314730e-02 3.613997482322883065e-02 1.353171417783318245e-02 1.372455090525600413e-02 6.148321212528053137e-02 6.961547331906527136e-02 -6.144922624626793922e-02 -2.354801652425405137e-02 -2.361558868893449611e-02 -7.775772078837495105e-02 6.173138263126613096e-02 6.362672129299673518e-02 3.361745838824287125e-02 -3.647618564628313936e-02 -5.900457473766062416e-02
2.046933261799760082e-02 2.484655643949473108e-02 0.000000000000000000e+00 -2.127412259240060721e-02 4.536698530015088882e-02 -3.015643832042989858e-02 4.055088071874248835e-03 -6.766963128278957740e-02 8.597061953999059897e-03 -4.143841043252181888e-02 -2.439061639530515357e-02 -2.521852919712368885e-02 7.449953598062984163e-03 -5.724488732965474225e-02 1.223758494161044470e-03 4.541656104218576295e-02 1.360736722900751997e-02 -1.074080887930053824e-01 6.919872517511971299e-03 1.672130005674025630e-02
-5.166800734408136253e-02 -2.859696736735575090e-02 1.151319803191185390e-02 0.000000000000000000e+00 -7.171017499458387512e-02 -6.002296201267055820e-02 -1.332738933714848646e-02 1.004378633741048882e-01 -2.795994439143689725e-02 1.014532509567864088e-01 -8.907355972208748016e-03 -5.032047679129103210e-03 -1.810772137479509320e-03 -7.084085203500093894e-03 9.061249773361784721e-02 -4.375438934145704784e-02 -1.144974026423551186e-02 6.416207232107582446e-03 -5.315808601945226294e-03 -2.253798865977425445e-02
6.339901014133693391e-02 -3.478425926212918434e-02 -2.635491427789028382e-02 -3.383244385207660743e-02 0.000000000000000000e+00 -6.492583899059496677e-02 -9.436601991009032839e-03 -6.479134452173400394e-02 2.404940466000057148e-02 1.579932500826304945e-02 -3.132960073635774473e-02 4.891826900408542678e-02 8.654863163792800296e-02 3.482371824310907804e-02 8.222932701620021267e-02 5.307596465009638276e-02 7.129225108482294126e-02 4.967400128911361734e-02 6.128006100482302244e-03 -1.872710334771982357e-02
6.627093893352561330e-04 -3.952293195441288626e-02 -3.546143376348446369e-02 -8.077475522422002119e-03 -1.226876600959561636e-01 0.000000000000000000e+00 -1.392990859516517708e-02 -7.988675829670562056e-02 -7.173437674247977458e-02 -2.843257597686525348e-02 -2.777567455695433007e-02 1.496190265910201864e-02 -4.492783134821013574e-02 4.268734870249355634e-02 -2.226810565752777860e-02 -5.210172675295778738e-02 -3.952462520341142732e-02 -2.878787147677819291e-02 1.536757389212412657e-03 2.198756511073395731e-02
-1.317931114580730145e-01 -4.910375700875848487e-03 -1.026498175558372694e-01 1.041574253756931967e-01 -8.164492624231741574e-03 1.058684070043148032e-02 0.000000000000000000e+00 -7.091046608489035008e-02 2.889957599923343584e-02 4.471205003904383385e-02 -6.115995982108099471e-02 3.070492703188578950e-04 3.476495989855159230e-02 1.120200172488010001e-02 -5.221740152177695160e-02 -3.511676748583563573e-02 -2.981405198926684666e-02 -5.647441042722081521e-03 -2.080460120574516986e-02 -7.960425507650495391e-02
1.860050462738393334e-02 1.866007792372616908e-02 1.903067426367997805e-02 -3.115001467960369641e-02 3.391788182278189512e-02 -5.549632340311422274e-02 7.473591133564788658e-02 0.000000000000000000e+00 2.001923839259487151e-02 -8.170947561251612479e-03 9.092375040576700096e-02 1.336121309638538604e-02 2.246351409682724974e-03 -4.182442871424168346e-02 5.666982935743553051e-02 -8.731795985704397106e-03 -4.359910451139001331e-02 -4.201603706744929528e-02 8.036863476348543589e-02 -4.037196094296387205e-02
-5.255880622451783446e-02 2.667779884365440932e-02 -6.649367085114937792e-02 9.957207252564538591e-02 -2.704231408963216413e-02 1.607782038467589492e-02 4.104558175936993958e-02 -2.111735119433433630e-02 0.000000000000000000e+00 3.417258303259020080e-02 -5.430203514190239111e-02 -6.565659986710354213e-04 5.454898574450454951e-02 -1.858998151450036440e-02 6.351459620385831173e-02 5.107653519307712303e-02 -8.072242541555173234e-02 5.765599264965029502e-02 2.534222899864125439e-02 -3.324400427105084210e-02
2.094658647797647058e-02 1.233856038852934739e-01 -2.313075737005173410e-02 3.919384286635869269e-02 1.285386570234245407e-01 -3.663806867194711187e-02 -7.867026567151266109e-03 6.414927881424472428e-03 -4.384020789375357025e-02 0.000000000000000000e+00 2.068749086118214925e-02 4.709415178591909446e-02 4.848567020477553141e-02 -1.225003376914804085e-02 -1.312156165482081249e-02 8.676885228824725294e-02 1.040368218127673550e-01 9.611105688479296139e-02 -6.726988694892147014e-02 -8.497114813123737842e-02
6.434956266654016932e-02 -6.456280137308996470e-02 9.167301031617926255e-03 5.719163009179586976e-03 1.042428573295479596e-02 1.592669598668709427e-02 -3.639610617473602178e-02 4.111715589508940089e-02 4.607220620920261106e-02 1.454351670785078710e-01 0.000000000000000000e+00 -1.111577638704411702e-01 3.643741320373068693e-02 -7.889968779802929155e-02 1.089956183766219305e-01 2.278372852491137440e-02 -2.699796959123183793e-02 -3.487515943556206144e-02 4.342620979113529650e-02 -3.080663591889678740e-02
-1.876866186904477393e-03 -3.066208592499241464e-02 7.398500785947062335e-03 5.564733927011511483e-02 1.480069597627681893e-02 8.622491090377394293e-03 4.039324032778035534e-02 -1.519196362926353017e-01 -7.655167700629010585e-02 -8.347874504751625832e-03 8.363210044046711852e-03 0.000000000000000000e+00 -9.279388103777848687e-03 8.598070893095148548e-02 -6.985388257691491076e-02 -2.303481350494260282e-02 1.957820650196013656e-03 1.065527268439418924e-02 1.610648745624396888e-02 1.033748007227314886e-01
-5.184267434162547622e-02 -8.111249537679917146e-03 -5.681801234743389523e-02 2.138914861326772152e-02 3.979251861176980737e-02 7.560292240364756278e-02 2.805061462752221624e-02 -2.848346960098663630e-03 6.139612022444199124e-02 1.516578177690136933e-02 -7.010715888166932364e-02 9.847556635737279157e-03 0.000000000000000000e+00 6.102167670759019169e-02 -9.903737923715955419e-04 8.373180579757752429e-02 -5.837270411221303626e-04 3.108772984278176249e-02 5.773220703987073238e-02 -1.260697589199775460e-02
6.033140677825865605e-02 -3.159304380294399722e-02 4.515475958432505627e-02 1.012187381892399804e-02 -1.480766499469789166e-01 9.709595588932358468e-02 -3.041253410298612805e-02 -7.406676973877921941e-03 -6.653728879241474492e-02 -4.259839999288471402e-02 -3.457602296628391192e-02 7.739910119129125854e-03 -7.469064160952444686e-02 0.000000000000000000e+00 -6.532793790693877667e-02 -1.053705387683529088e-01 -8.067135615454847086e-02 1.169249092033860203e-02 -2.505053417482412388e-04 3.549527670166259530e-02
9.072498234456068122e-02 2.339144181928577010e-02 8.572377367537217796e-02 -7.975159626098383969e-02 6.718424980042769779e-02 -1.562386273254768032e-01 -6.330570748529468217e-02 1.023469563861592740e-01 -9.592233021346636621e-03 1.673911772769721626e-02 -5.684925127206436751e-02 -2.038130516176691470e-02 4.572934880026000709e-02 -3.934834313925119481e-02 0.000000000000000000e+00 9.506126364351658031e-02 4.725074485358227681e-03 -4.479219743192536934e-02 1.036595210289285515e-02 -5.149907566186567691e-03
6.914325388706185627e-02 -1.231186175723867487e-02 -1.143516822255408747e-03 5.384058364846689565e-02 5.844968626809197293e-03 -2.935717000324132922e-02 -1.918601980271944507e-02 7.151337731782590051e-03 -4.361718182130871688e-03 -3.537306607148760218e-02 4.111014986219205247e-02 -8.031547301780991854e-02 -5.330583522792874812e-02 -2.946447832509613979e-02 -3.278833891541898127e-03 0.000000000000000000e+00 3.335244467032341415e-03 -1.066817587056886896e-02 -7.746198379831883973e-02 5.267263635935552635e-02
-5.251310415842398716e-02 2.752054295959972113e-02 3.141294876476839748e-02 1.006874501913432828e-02 5.257126265416670746e-02 2.955578651572534493e-02 -1.586782079980990703e-02 1.044150568040435184e-01 -5.781104044146813392e-02 -6.299528631411673019e-02 -5.740401442773690986e-03 3.565743778934916258e-02 6.426750298733721611e-02 2.193010356349994749e-02 2.625332934837203060e-03 -8.632441017270633954e-02 0.000000000000000000e+00 2.778040190795229986e-02 -3.105154388493257603e-02 -2.290821539215832231e-02
-4.675003846312834888e-02 -7.529806330240909618e-02 1.216157023924019503e-01 7.796066199718174050e-02 -2.843120071955237971e-02 -5.331580727307484030e-02 -3.845785112811472839e-02 -1.978656151652503914e-02 3.400824379405795184e-02 5.761174119636385633e-04 6.728079404474803134e-03 8.809221949666220771e-04 8.901048016489515602e-02 1.104820223599688872e-01 -2.979710005736492875e-03 -8.907364767087488228e-03 5.135091102416087377e-03 0.000000000000000000e+00 -3.097064221299894449e-02 -1.010680624724306781e-01
1.985347600475700566e-02 -9.624694023873169024e-02 -1.622614849227514700e-02 -1.295954194590074292e-02 4.939944028315917252e-02 4.309497091422280490e-02 2.451848242569122302e-03 -6.270302707240205109e-02 3.068085553282593261e-02 3.354156364228009363e-02 -3.331506722070719240e-02 3.550110129886386440e-02 1.253360346118520584e-03 6.450627495371101527e-02 6.398471947118911096e-02 -2.264092675025534268e-02 -1.180965299925568895e-02 -4.187366876005419597e-02 0.000000000000000000e+00 -3.441223036415787251e-02
-8.037017593404922888e-02 4.844943725363939913e-03 2.668373142385987995e-02 -1.618030305235563376e-02 1.459148595323895084e-02 8.735096915420172137e-02 -4.019362009474493347e-02 7.382157523740835725e-02 7.944294309673498311e-02 -1.001751550079784392e-01 -3.483431038878895963e-02 -3.869450872866144614e-02 8.710106859000227297e-03 -2.659389036792120242e-02 4.024437562560618381e-02 -8.435607775049351609e-02 8.494539184996326153e-02 -2.814981199695296143e-02 7.882298573290764943e-02 0.000000000000000000e+00
