0.000000000000000000e+00 5.024766258122364410e-02 -6.300285316638423727e-02 -2.841270831035537167e-03 3.867416450000511069e-02 -3.765926501388439096e-02 1.907694296215183341e-02 1.671123949685971583e-02 -1.160463351058121234e-02 -5.837441678767313694e-03 3.774462298571679142e-02 5.785580584231202889e-02 -5.166435622520300364e-02 3.740700784484236874e-02 8.907346772426364204e-03 1.914818670577151521e-02 -6.476663748856505143e-02 -1.107486843157439761e-02 8.026633457395868088e-02 -3.524229374757902739e-02
-1.056884599372090311e-01 0.000000000000000000e+00 2.784177752201380876e-02 1.280969477246988730e-01 5.738325666981256012e-02 8.552368135005644634e-02 1.827565975586312869e-02 5.721654919321626093e-02 -1.473609076967658665e-03 2.217307354587995036e-02 2.391437208641909035e-03 -4.661153991488137943e-02 3.995179476014431436e-02 -3.924118388411754199e-02 7.431889538588751232e-02 3.756126488785174050e-02 1.529687273383122451e-02 -4.923433440039792861e-04 5.598434041249142346e-02 -7.306328176148764453e-02
5.410282439763266366e-02 -1.353115908781785982e-02 0.000000000000000000e+00 -1.745620172807250264e-02 -5.503864666505080272e-02 -4.426588141339829127e-03 -2.282485415529686423e-02 8.598998913222145532e-03 4.448968639801969410e-02 -1.655468680030567144e-02 -2.968064394161579189e-02 1.330022862509105952e-02 -1.661886093988237598e-02 2.933471834015986823e-02 4.462528187798729673e-02 1.391476539195871803e-02 1.326091606995916383e-01 5.678881520895188301e-02 1.822593307865812487e-02 -3.273592284464278690e-02
6.673532176468542285e-03 -1.028066754416191025e-02 7.264617704463748049e-02 0.000000000000000000e+00 -1.031515804997841165e-03 -3.864106746829850531e-02 8.421163333720976807e-02 -6.667379129093059520e-02 -9.091465988422987518e-03 -4.477764368365697717e-02 3.779258202317010290e-02 2.261237066782324778e-02 -2.031442439020196555e-02 6.496548675097149617e-02 7.271189956071236020e-03 1.270035366815468192e-01 -5.555170294987737262e-02 3.311011091702793091e-02 -6.973544765175730686e-02 1.120339668744426082e-03
8.539929112795907606e-02 1.144437723744834712e-01 -9.051440413687136810e-02 1.506155937327584163e-03 0.000000000000000000e+00 -1.035073112192125000e-01 1.804952063073912705e-02 2.330263173410875022e-02 -2.348567042927895098e-04 -9.532640640033626656e-02 6.023252818806076186e-02 1.836437794738937992e-02 -9.125654151100920375e-03 -4.174424562809458256e-02 4.270355425960194878e-02 3.769145500200855869e-02 -4.588305658904696938e-02 1.214181438281629159e-02 4.717187677925043648e-02 -7.971927257002037193e-02
2.988517071258315651e-03 -1.166754183073364093e-01 -6.466720861056995950e-02 -3.065720633182868193e-03 -4.401646272615337974e-02 0.000000000000000000e+00 -6.966115450936971945e-03 1.296331041353337467e-02 4.744212593648858972e-02 -2.066169753301650217e-02 9.522128471076186235e-03 -1.637871535524527272e-02 1.387583506564404601e-01 -3.331111385027835103e-02 -4.382852581598278147e-02 -2.172435564680621697e-02 -4.263747091147911117e-02 3.055130312601631731e-02 1.239080463356641510e-03 -9.410348557774957101e-02
9.532749159254935711e-03 -7.022514272862065421e-02 6.886344550904520412e-02 1.267152813542225531e-01 3.121890608090710506e-02 -1.301567771421844460e-02 0.000000000000000000e+00 -1.457689082231834916e-02 8.462302377466776604e-02 4.181958473508568669e-02 -3.038687072217601242e-03 -6.050914029794018240e-02 -2.643216541492744709e-02 7.248375930631585293e-03 -5.324085288070248834e-02 2.394557426146615847e-02 6.790006817671907779e-02 8.215019380557575523e-03 1.076312091682897071e-01 4.774632903207672030e-02
-3.948618263859530672e-03 -8.223608502493465200e-02 -1.234370344791882977e-02 -5.307741659178846771e-02 -9.594008870057549668e-03 6.762529564109576175e-02 -5.297743632785374690e-02 0.000000000000000000e+00 1.858768335245829934e-02 6.601869447588150364e-02 2.797143596392829765e-02 2.405466730981293752e-02 7.981290824808193185e-02 8.238847877560627128e-03 -3.401292674098512631e-02 -3.404641778980132920e-03 -2.841649035397536896e-02 3.933226368298354397e-02 4.626861483104148520e-02 -1.631746801838433736e-01
5.240284583802139878e-02 -6.661736660763253708e-03 4.289630379149141082e-02 2.135008292181421116e-02 -1.305692880584962412e-01 -4.216806735870395201e-02 -1.783442244940161223e-02 -5.781227000911828146e-02 0.000000000000000000e+00 1.438888531246410724e-02 -1.035451826738391229e-01 2.240815986902500515e-02 3.546857199559792090e-02 3.660437703787583485e-02 -3.107994685751325897e-02 -3.768195430855142154e-03 4.638970604360524719e-02 2.002201363801785552e-02 4.445068487482361358e-02 -1.861999840185975187e-04
-4.452668141315524464e-02 -2.502909930193492061e-02 2.568712441347882278e-02 4.076811656558346902e-02 1.010371139463311918e-01 -1.419121842918318228e-02 1.933148193549299315e-02 -1.087459391591187076e-02 -2.666524197798113976e-02 0.000000000000000000e+00 5.112494530047725222e-02 -2.389442794119920818e-02 -4.456599469171923511e-02 -2.851684943264368513e-02 3.605451012795921192e-04 7.618256978454925055e-02 4.732418840084137712e-02 -4.359506670744889290e-02 5.720386616762246357e-02 -3.962672572665272563e-02
-2.388038276216466679e-02 7.538042169231583267e-02 -3.338173976031043322e-02 9.057559197628647571e-03 -3.754077440381994174e-02 -7.926422717078993041e-02 6.103718691501328064e-02 7.272606034320983591e-03 -4.108361432443039668e-02 -4.673957711948654309e-02 0.000000000000000000e+00 6.259480044805353083e-02 3.547282596394681596e-03 -1.542704080518856463e-02 -3.954009945649223506e-02 4.743882562026852621e-03 -8.435290113708994453e-02 4.504187436806371403e-02 8.570754147299157119e-03 1.019347921897538339e-01
-3.817559125121618852e-02 4.920227641145069608e-02 2.742818312672381034e-02 -9.020699361319947651e-02 9.412992732756845018e-03 3.267633528241029733e-02 -4.794350517064509959e-02 -3.841495798571131857e-03 2.752335398751692627e-02 -1.033580162985183078e-02 -5.424155333399262313e-02 0.000000000000000000e+00 2.610888973767329715e-02 1.685372180293996658e-02 2.026726529170961785e-02 8.126238453934767417e-03 -3.127111167335144999e-03 -5.895399705405109797e-02 -4.290760797102572549e-02 5.271890849352769970e-02
-1.024821148648631941e-01 2.154939714581540974e-02 -4.846787448971825313e-02 -5.678650953317411487e-02 -5.455976447465216150e-02 -6.890796536763410009e-03 4.550957550638468768e-02 -8.053997959519851313e-02 8.407538729707063341e-02 5.647746494676246509e-02 -1.586334225651499577e-02 -3.595898323645209393e-02 0.000000000000000000e+00 1.359913648770923883e-02 -1.240185853524411810e-02 5.065036749112983294e-02 -2.405951210336138620e-03 1.409313537466148902e-02 7.970779603322886110e-04 -3.762222954061668172e-03
1.089879963873695429e-01 1.614755150641760187e-02 1.921559202223529009e-02 -6.873978835090352457e-02 -6.888984133133869980e-02 1.328120038232687324e-02 -4.958087137077311912e-02 3.664121733287565436e-02 1.945973146679573149e-02 -1.818874697034409890e-02 1.536432547384238879e-02 2.846435141458245315e-03 2.803139197575586165e-03 0.000000000000000000e+00 -2.934823554148285191e-02 4.604262513696023786e-04 4.741662457690640209e-02 -5.118955233536914839e-02 8.459001159053879115e-02 -7.012658823897768325e-03
-3.942145097071653864e-02 2.747465479506594477e-02 3.616902769150382585e-02 1.576035743767926350e-02 9.129152071609006325e-02 3.708126046044576095e-03 4.334262777229437591e-02 -9.523820256505649681e-05 7.459850890924531186e-02 -1.364302423456383861e-01 -4.567714774001892936e-02 -2.959523266800065736e-02 4.752127479079746447e-02 6.872783423320667079e-03 0.000000000000000000e+00 2.061298985732817890e-02 1.610820685953014836e-02 3.464232350977532009e-03 1.124616567450003289e-02 2.682898156673038659e-02
1.611335941547694176e-02 5.105513588362638883e-02 -3.061156822018813381e-02 -1.199076665703641478e-02 -3.534377949893902776e-02 8.920879160927385615e-03 1.059173270079202117e-01 9.415453627837154504e-03 4.692154318312471983e-02 -9.676398892805322671e-02 1.303154844996693151e-01 -5.295352940686111343e-02 1.100514570633153305e-01 -2.003897104254748901e-02 3.538152076212814495e-02 0.000000000000000000e+00 -1.360352250738920861e-02 2.033845765746692541e-02 -2.721706072298807344e-02 1.260363686290900606e-02
4.798738927163469226e-02 1.012083652911592753e-02 -2.828515766496061609e-02 6.930216938894936951e-02 -7.477573035661656820e-02 1.517846091038833889e-02 -1.518015969713084647e-02 -6.220126172017224203e-02 6.599811332593469304e-02 -1.045777358813297815e-02 -8.597686990466933687e-02 -4.505340336658143069e-02 4.943318095125778799e-02 -5.033903021635450364e-02 6.635422610250374387e-02 6.291673603434332074e-02 0.000000000000000000e+00 6.758733371234819376e-02 8.755830303056030828e-02 -1.020346952778935085e-01
6.570210251499479515e-02 2.386803489937158393e-02 -1.211983934406831408e-02 6.313113853272805942e-02 9.284655225390398350e-03 -2.672656647584547435e-02 7.407429356776482066e-02 -6.264263292835268136e-03 6.873414825769806613e-02 1.480537870132131104e-02 -8.368476891118389882e-02 5.294341218896620599e-04 -1.450903406151734208e-02 -6.433814353149215626e-02 -7.325491959271812625e-02 4.454240163804202429e-02 6.848518024648461711e-02 0.000000000000000000e+00 4.683238112341243237e-02 -2.198671527401673334e-02
-3.194838136298145531e-02 -8.943163245282966314e-03 4.346480012569708257e-02 -5.876501479209648646e-03 -4.557132249853730610e-02 -1.080875904804810481e-02 2.704327890233948831e-02 -2.203439500517418229e-02 -3.943301863777378367e-03 1.209585193070770864e-01 5.721048805921926522e-02 -8.135634739965470763e-02 2.970860820804316002e-02 -1.137488891166358318e-01 4.096079651752796563e-02 3.059692467025911314e-02 4.518953111903119615e-03 -4.448969604150401075e-02 0.000000000000000000e+00 3.087217669729976077e-02
-4.614702961926914204e-02 5.211039487265777675e-02 -3.617710665396959430e-02 -2.616542456657483529e-02 4.506769700261398920e-02 1.467861919546080548e-03 -7.533212102097401781e-03 2.303790679561052573e-02 1.506926589222394065e-02 -1.844315165095103057e-02 3.193790419692975335e-02 -9.749207558080829131e-03 3.593562060720972146e-02 1.856094580973449704e-02 3.406698401250948111e-02 3.614837439649674217e-02 -6.697526927141093933e-02 -7.904884139681619959e-02 -1.993677891177752376e-02 0.000000000000000000e+00
