0.000000000000000000e+00 -2.911195864319757187e-02 -5.967167331782893130e-02 -2.118736912129622833e-04 -1.857639044822978567e-03 -1.863447053685053645e-02 -8.950864479573787669e-02 -5.147998024069121159e-02 -5.769254937990673550e-03 -3.455746672240560952e-02 3.271976252887155018e-02 9.231761483545221358e-02 5.515745836682100361e-02 5.581639088062292919e-02 1.572328206043187571e-01 6.832650033330007165e-03 8.658997527646729309e-02 -5.162464148249025497e-02 -1.880658920348468252e-02 6.686446602119995586e-02
4.779170514841787204e-02 0.000000000000000000e+00 3.129149708049090185e-03 2.926486515801532753e-02 4.906404685273719340e-02 -3.020656656756340666e-02 2.248987050609481484e-03 -9.890839222021715477e-03 2.512827704516284663e-02 -1.055801385874249182e-01 -2.018770789260028800e-02 1.265122594391172584e-01 -1.041667806772654664e-01 -6.911083332173283134e-02 -2.832770837155910212e-03 -9.780004232183137428e-03 7.736304006944323686e-02 5.034918549308301655e-02 7.615983879854947014e-02 1.163683586904106365e-01
-2.844645007802258999e-02 8.265548969018142803e-03 0.000000000000000000e+00 1.835014437621541872e-02 -2.207040207629481013e-02 -5.772832620464306286e-02 8.898810550051372559e-02 1.414371590005469512e-02 -4.137786958163368334e-02 6.003722924196015776e-02 -7.266465527367306498e-02 -1.549431085839465469e-02 -7.410765272877081755e-02 -1.184010494099242555e-01 -1.828996301743185671e-01 2.146526155422488757e-02 -5.265238705311647144e-02 -3.435881591956988640e-02 5.499801996023798156e-02 -4.519623998481995392e-02
9.632450716649829103e-02 -1.015675911260829622e-01 -1.659392401423226415e-01 0.000000000000000000e+00 2.636075776547644814e-02 8.982874395370823994e-02 -6.722238571790797868e-02 -2.657627172131109272e-02 -8.713883149846073442e-03 1.307484551139732887e-01 -7.810139259122263200e-02 4.988185805798507622e-02 1.930454319249457970e-02 -7.326456895532382912e-03 1.280039401758294691e-02 5.674308038036000867e-03 -4.193854438248208888e-02 -4.243854621139811489e-02 1.771039056186053326e-02 5.308174810294261081e-02
-1.403089486960944383e-02 -1.774414638400102773e-02 6.803894690902110047e-04 4.118500040910616500e-02 0.000000000000000000e+00 6.856008803357381554e-02 7.745188843932496008e-03 -9.373537544913324027e-02 5.682384170141040192e-02 -2.451703892642841456e-02 1.899815034602886019e-02 -2.011558548546189124e-02 7.994587469972566640e-02 2.270933043758778871e-02 2.655171847275081265e-02 -1.249429089506545326e-01 6.661118015063045850e-02 -4.370551145648035596e-03 -2.496904219859377716e-02 6.669275239337033034e-02
2.923513635479963596e-02 1.788148878697782759e-02 4.538150497880604622e-02 7.687112654377947947e-03 -5.624337694620274580e-02 0.000000000000000000e+00 5.556806001435143222e-02 6.814509860731711444e-02 -3.354129785762096955e-04 3.887110542971194960e-02 4.231202033896257902e-02 6.207690493247993574e-02 1.506207653124048973e-02 8.404713553188218611e-02 7.755235627100305618e-02 -2.106532352823074772e-02 5.990570044549840822e-02 -5.575020323425452368e-02 -1.356922274496965286e-01 3.678111332900434183e-02
-1.744725508722222472e-03 8.450894682526735591e-02 -4.165134440322663945e-02 5.753706118439104455e-02 -1.405408285343550008e-02 2.692926190785844762e-02 0.000000000000000000e+00 1.147037378239732092e-01 -3.367824758228813581e-02 9.119385639105415109e-02 7.000931197045504376e-05 -2.400579053390842696e-02 -7.126937162929244951e-02 4.769270912964108933e-02 -6.861868277400515886e-03 3.165673875793306030e-02 8.867595206161318910e-02 6.505285656550005569e-02 -4.655872590508298992e-02 7.784548403375066497e-03
6.678011115857597491e-02 -3.189249061271368091e-02 3.597186545052590695e-02 5.859671956747188742e-03 -4.653925859436614659e-02 1.907118120221844163e-03 -1.316593093621200826e-02 0.000000000000000000e+00 -3.987246366379816609e-02 4.345900009086241245e-02 -3.395058109636210110e-03 6.171733588453214708e-02 -5.306736144669199629e-02 -1.768036168657696403e-02 6.125571665009859473e-02 7.962457041497703059e-02 5.867733917892507811e-02 2.802345744619241796e-02 -4.219369621921865293e-02 1.660258634074646134e-02
3.951783693866348784e-02 1.193385281578689464e-02 6.938633201126742645e-02 -8.040181202337673069e-03 1.731297304665587247e-02 -8.439657206691741562e-03 -6.835361857378491335e-02 -1.036483545913040732e-01 0.000000000000000000e+00 -8.773658631977916678e-02 -4.295154768123068956e-02 -8.525207473908871791e-02 1.182107680985271247e-01 9.850623497344603019e-02 -3.977129315744250271e-02 -1.172611716368254092e-01 -5.152947555886374514e-02 -4.294318526229544408e-02 -7.136470547695052298e-03 2.345785716419634265e-02
-5.763189704773961919e-02 -1.138721961079164520e-02 2.057397624662212453e-03 3.562667950873269623e-02 2.489319299993195123e-02 -2.019470366065475100e-02 1.140894203996112646e-02 4.260442704164665861e-02 -7.150077881915829769e-02 0.000000000000000000e+00 -3.584650525156966167e-02 5.551532220016110186e-02 -1.143208402273241109e-01 -1.707209492084140259e-03 -4.738268020986258211e-02 8.803795018829474461e-02 -2.310019817487262220e-02 -5.402520126168321168e-02 4.432768956643251546e-02 -3.406622206541950332e-02
-5.563337208802064671e-02 -3.124815877243270618e-02 -1.390890071037644352e-02 -5.083121731200383048e-02 -3.943895822041269816e-02 4.644433338848964060e-02 4.866969391335800726e-02 5.871314006874016334e-02 9.276496611466310271e-02 1.730359544181412843e-02 0.000000000000000000e+00 -9.559763737723940558e-02 -5.177606042569969647e-03 1.925189992588044116e-02 7.405123153634490807e-02 -3.709590911467648688e-02 7.748356279211640607e-02 9.262141449280335281e-02 -3.027202814577289319e-02 -3.538458601527229991e-02
-2.221549638507539556e-03 -3.200168671313060459e-02 -3.309372180089055482e-02 -1.656206280211356199e-02 3.693282970706944501e-02 -1.172833675558111882e-01 1.178285431405616188e-02 6.637105015758680560e-02 2.517119831495118545e-02 8.909194864149473647e-02 -8.373943321864441014e-02 0.000000000000000000e+00 8.574270000098709044e-02 4.448164905622933873e-02 7.934669686070465466e-02 1.268413015186974947e-02 2.857343063294167165e-02 -5.270980918724901820e-02 -2.787058189847913328e-02 2.622412453495040485e-02
2.866189127251187775e-03 6.238114784130085848e-03 5.060285318662514908e-02 -6.292557350202186706e-02 -8.195696856813707021e-02 -7.133962664433567136e-02 5.743308558305061824e-03 1.008543201391649824e-01 -6.718969047873822598e-02 4.827832178180305189e-02 7.993611515875544832e-03 4.593936779547248828e-02 0.000000000000000000e+00 -1.245539747436038430e-02 6.258543206774844214e-02 2.353302592305279300e-03 4.264327824765436897e-02 2.695530021994292993e-02 -4.463603940429942268e-02 -1.261782772574822076e-01
-3.712227934822512603e-03 -2.000751532242464603e-02 9.385502442831926417e-02 1.275900509586481713e-01 -5.240206496831466970e-02 7.311593565016359653e-02 2.014359807837910049e-02 2.870135606086717060e-03 -8.032763449243325582e-02 2.919203160286825208e-02 9.700491774360537819e-03 -2.368683553572220254e-02 1.512766339367158444e-02 0.000000000000000000e+00 7.589900152205028561e-02 4.886817243081396228e-02 2.049488309017833548e-02 7.044507859456539123e-03 -2.225026929422317321e-02 2.764421960927543331e-02
-2.291899170350807091e-02 4.181346742842376868e-02 9.068870039998802590e-03 2.442157668181893157e-02 8.226049393059767234e-02 4.700436541158122677e-02 4.746298043291262425e-02 -1.108953657573633067e-02 -3.471555410717731827e-03 4.573311705545997537e-03 -2.715807652795003066e-02 -3.772656548137175853e-02 5.512335000651930918e-03 5.363802270135487049e-02 0.000000000000000000e+00 6.824388508743120356e-03 -2.137499432193917109e-02 2.701170970836926782e-02 9.615675592268871710e-03 -4.504133922687177105e-02
-6.310393416473039641e-02 3.876399787986276740e-02 -4.923295544614305535e-04 -4.109520609041744307e-03 2.885033001530359908e-02 2.695022504768672042e-02 1.473485320740971216e-01 5.580554257918379779e-02 1.034264845609647772e-02 1.179004920154076361e-02 7.288961862906316591e-02 4.453015130404319039e-02 -4.101683460750632504e-02 -4.487870344276022327e-02 -5.257988388977853644e-02 0.000000000000000000e+00 7.632218694303814777e-02 2.919314657491819953e-02 -1.196544411990920348e-01 -6.105465362325854933e-02
2.125798124150113291e-03 1.203609418443106309e-02 4.109573299805616142e-03 -2.762171342003105420e-02 4.230681991785548027e-04 -5.597642118774646264e-03 5.798971317117125948e-03 -5.777124000021275491e-02 -2.469530464742643316e-02 1.453182195521933798e-02 -1.977281895793848304e-02 2.772443526363123703e-02 7.387126872151573986e-02 -3.971851368059847037e-02 1.300474173755576390e-01 -2.384712792944273033e-02 0.000000000000000000e+00 1.996026504498984652e-02 -5.198004855894936688e-02 -2.236672025491745833e-02
5.462725423520402648e-03 -2.175930013339132454e-02 1.249233466595221428e-02 -5.981081290584961546e-02 -5.969987321225628946e-03 -9.774961329897614848e-02 1.303788706484854988e-02 3.440816743727329735e-02 1.001649640532403657e-01 -4.496736432721787358e-02 2.345839994906647255e-02 -3.283925317010114725e-02 7.053835687601964222e-02 -8.546850292568752838e-02 -2.862611879895675046e-02 -2.576433449891085692e-02 8.208070630320160599e-02 0.000000000000000000e+00 3.320639452361652533e-02 -2.196392441001170093e-02
3.923872464676250033e-02 -4.137658758213968307e-02 -9.616165483932660740e-02 4.438547347130813309e-02 -4.394464324619449386e-02 3.004429262749634851e-03 -8.191697646016041223e-02 3.833788106516407973e-03 6.842333867718176921e-02 1.305992984095372990e-02 -3.883847682344580138e-02 2.127481117897282725e-03 3.717939035970668771e-02 -6.201663933344731677e-02 3.259055993632990755e-02 3.804323481631127855e-03 -3.364541229744399953e-02 1.685015235335450903e-02 0.000000000000000000e+00 -4.054284753849264275e-03
3.375018996928020633e-03 -5.580707172960659018e-02 4.477985935666097851e-03 8.084380481496836190e-02 2.248416779167553003e-02 5.580072618921642219e-02 -8.951355518856833615e-02 -1.132367773824228124e-01 4.725818646064585543e-02 -2.318961065312503608e-02 3.987591231567456929e-02 -3.164761590287707566e-02 3.281243610043944881e-02 2.537312347539837087e-02 3.022533555308334029e-03 -1.493282708222016808e-01 4.551619615471732411e-02 -2.863605815595214252e-02 3.282990977385868286e-02 0.000000000000000000e+00
