0.000000000000000000e+00 -1.670644516681798683e-02 -1.007108402040730877e-02 -3.640956044840835265e-02 -9.559259622444721272e-02 4.019282375719763351e-02 5.460510049005028871e-02 7.691667966808732326e-02 -6.305622219915976712e-02 1.204164508039185476e-02 1.139048921342534007e-02 -5.674463429407529402e-02 -2.464482417760310851e-02 -5.586826117155431655e-03 1.991821549487159462e-02 1.427979925726453360e-02 -2.884106725535985974e-02 -1.090748203238213303e-02 1.118515074324847453e-02 7.994418631311327184e-02
6.998802073761416220e-02 0.000000000000000000e+00 -1.678708046938869394e-02 8.707418842276555548e-03 -4.447304179714835909e-02 2.751761838299256538e-02 -6.000794006874006492e-02 4.936662400911241699e-02 1.273794554066071637e-02 -8.880640387028074234e-02 -1.789367443264916133e-02 -6.893447337405633757e-02 3.561345783539893173e-02 1.768456459506659653e-02 -5.535085111144693454e-02 -5.025693529506682772e-02 1.244359109115072796e-02 3.819596678419120983e-02 2.070983506413509936e-02 5.132684108735846920e-03
4.841740453912211917e-02 6.726194071217521386e-02 0.000000000000000000e+00 3.460338449269205908e-03 6.084753517205339357e-03 -4.681336478588882244e-02 -1.541540027921980971e-01 5.878587426810007177e-02 -5.949243844851965363e-02 -1.441851874116678763e-02 -1.084330030943571888e-01 2.178380471241067595e-02 -7.406236585388674409e-02 1.933241248481821703e-02 -1.085434483346485735e-01 1.034225224076423810e-01 8.706281189610888538e-02 1.609570944138180582e-02 3.152124413463064379e-02 -9.677320760904670541e-03
1.546139920522531797e-01 -4.192135076545413369e-02 -5.929796242798427569e-02 0.000000000000000000e+00 7.814609346566205039e-02 1.181527908105471508e-01 6.202630429580541227e-02 1.271805844405226498e-03 9.216744954356737018e-02 5.639381728824020140e-02 8.477778886164941130e-02 -4.742228378399018091e-03 -5.853374369117387427e-02 -3.979561697279664773e-02 1.328613660286565197e-02 -1.435997202998835764e-01 -4.063544253243129428e-02 -4.368106939933718430e-02 3.400460592267084275e-02 4.375795322908971469e-02
2.371281126071104334e-02 2.765859287396605498e-03 7.059729170175521595e-02 9.798115460159902840e-03 0.000000000000000000e+00 8.509634706702101647e-03 9.196878790425981609e-02 -9.695123179096065691e-02 4.379313760187363708e-02 1.152829080798669151e-02 -1.971289877737667298e-02 2.663354289733130612e-02 8.068570196848889875e-02 4.948740565489226362e-02 -4.626621716340466317e-02 8.856624284950366521e-02 -3.344181272958270112e-02 5.916335929019091167e-02 4.201584590124513713e-02 -6.185904224451733990e-03
1.008300839709859453e-01 4.912069012906777887e-02 4.082753167711540565e-02 -3.905192123833653439e-02 -1.092347339995171501e-01 0.000000000000000000e+00 -6.186479872430961091e-02 -1.255119709950950138e-02 1.414072648769411529e-02 -7.310057801397920607e-02 3.323970635406699181e-02 -1.939203132400241225e-02 -2.078288740785496497e-02 -2.930729234492316509e-02 -3.077802448230174126e-02 -8.026085832810732346e-02 4.056366087270169007e-02 -3.527278466807651225e-02 6.772170791647991184e-02 1.368236951085518849e-01
-8.045157315477514601e-03 -2.381535542671645717e-02 7.375406012058355332e-02 -5.881544203483821814e-02 -5.577995576948119316e-02 7.535730286618323726e-02 0.000000000000000000e+00 4.222466292387539594e-02 -6.023779535795867335e-02 2.852866799221240660e-02 -8.938899754787194268e-04 6.084022611608860820e-02 5.101901913931079086e-02 1.513378704526389604e-02 -1.295204437160936417e-01 2.420026807755597947e-02 5.765522357654415120e-02 4.862551155502711948e-03 2.167382608987131545e-02 2.645615383969128140e-02
4.263404871204887030e-03 -7.280510543735171924e-02 4.317558646192976718e-02 3.100910390386892382e-02 -1.987617102145120343e-02 -7.711107644339770806e-02 1.750494897015783188e-02 0.000000000000000000e+00 -5.913466329031658031e-02 -4.971221097642846559e-02 -2.785281398078086335e-02 -2.816494859918515503e-02 -6.409874611664069521e-02 7.983341648344523256e-02 1.369451361861807057e-03 4.993514484394692005e-02 1.954998420722279043e-02 -1.234452040869241513e-01 4.118576320107247835e-02 2.117940529202925332e-02
4.342252958591517886e-02 -8.847615341858683369e-02 -3.656516989116463667e-02 -3.710235860872514169e-02 8.232593082957370689e-02 -1.341485209061342720e-01 8.940602239407291485e-02 -1.750602141737137712e-02 0.000000000000000000e+00 1.251706872731463693e-01 5.751812286825640219e-02 -1.976369153399984771e-02 4.734357722782091965e-02 3.963373757814719206e-02 -9.539488945981614704e-03 -2.867926598459341614e-02 -3.816792273143039538e-02 -1.414402557271209060e-01 -5.080275945585364938e-02 1.364296715933596693e-02
7.867574772943414230e-02 7.622342040145180242e-02 1.926137339488657313e-02 7.044348586421282643e-02 1.482710205216124788e-01 -6.209463722329184449e-02 -6.953911522057200367e-02 4.699455878277466981e-04 -4.126827216506708841e-03 0.000000000000000000e+00 -5.711149054159340988e-02 -2.557052565403327218e-02 3.696801287495986993e-02 3.274410901378748545e-02 1.891159389549542519e-02 5.696394622252514556e-02 -2.015520025772963783e-02 1.449979361992805894e-02 9.501882371309330194e-03 -1.413803531761209480e-02
6.126354310257746232e-03 2.843765522743072274e-02 4.965470260315124618e-02 -1.048042561009198820e-01 -6.133432714475940684e-02 -4.145564947630264729e-02 4.500343983965057748e-02 -1.856754747461724156e-02 -6.600117396998950170e-03 -7.219663871961051749e-02 0.000000000000000000e+00 2.906618167795322477e-02 5.139168024140941364e-03 -5.176152458553592156e-02 1.173399381282357046e-01 -4.300954604102661533e-02 -3.921504877860000626e-02 3.205599819152700480e-02 3.630460827999743706e-02 -6.906850328850018539e-02
-6.600487141611879882e-02 4.332784409721104207e-02 -5.017524916556700271e-02 8.587562921596014753e-03 2.630013062594480436e-02 2.150870165146115051e-02 -6.035695377192240585e-02 3.238120640056181554e-02 -2.637196657797591728e-02 3.545443054303116810e-03 -9.587780325965758466e-02 0.000000000000000000e+00 -6.641894591511106338e-02 -5.368924997505295643e-02 6.144213730761748787e-02 -5.922390113009325108e-02 -2.642574259143767521e-02 7.829536471193700164e-02 9.334173583484228764e-02 1.841365764288385373e-02
-3.837889596928464181e-02 -5.525749185905536043e-02 2.039233907437618468e-02 -2.623880311505389501e-02 -2.622664774861072252e-04 2.003768076793451328e-02 -4.991868842640297815e-02 1.373871400859930439e-02 4.476439863841993883e-02 -6.447341725707911309e-02 -2.680673336246416211e-02 -9.205680829177873004e-03 0.000000000000000000e+00 -5.709381462982167366e-02 -4.802146806488666840e-03 1.610661094299964055e-02 -4.798890154611182290e-02 -6.864569713675826301e-02 -1.626245639409624327e-02 -2.057166011094225394e-02
7.437138932656212932e-03 -2.446794797943727812e-02 -5.265875067238021123e-02 5.229708109852603676e-02 -4.512154564694018793e-02 -3.716873949823617379e-02 7.677888199378340994e-02 6.964418796120726632e-03 5.185190991780054548e-02 8.900819011715258022e-02 -2.093329861908469966e-02 -4.516219622199793560e-02 -5.692842979669372055e-02 0.000000000000000000e+00 -1.316281193611278273e-02 -1.053630973658348582e-02 8.219403750944093145e-02 -1.456892282776504205e-02 -5.413416765981832884e-02 2.372010930620468971e-02
5.319050573188483649e-02 -1.373697847129949114e-02 1.379222530256770940e-01 -1.853772154466864011e-02 9.632777787483830126e-05 3.778982686619326153e-02 -3.882892595038053320e-03 -9.854949600356845835e-03 1.158270700249353254e-02 -6.910133245765485988e-02 1.462332140189363527e-01 -1.237201354806995342e-02 -1.773124994670528115e-02 -7.290825265418408863e-02 0.000000000000000000e+00 -7.690966324676308530e-02 -6.698942500671233903e-03 2.239573679218993785e-04 3.045355829149814370e-02 3.568049664181164454e-02
2.292949144046535839e-02 4.739818656188705265e-02 -1.171526532032932729e-04 -1.109611355101514964e-02 -1.133955182331851524e-01 1.448374128864047747e-02 -2.245212725200779885e-02 1.289472392588230654e-01 -3.267507856291329300e-03 1.661976585833511641e-02 -5.811372900637581246e-02 1.223549313848047368e-02 5.211225984466793387e-02 1.310036425327802505e-02 9.934254320559504289e-03 0.000000000000000000e+00 -2.606409451422899912e-02 1.090445328152814947e-01 1.168635796276829147e-01 -3.442144562079658965e-02
-2.576677591646142629e-02 -4.516030430658715678e-02 -1.961175113349028498e-02 -3.319090560602874079e-02 -6.500912193499774547e-03 -7.912853120295954695e-03 1.130976891061067670e-02 -8.329012728982705671e-02 1.214261092823464526e-02 -1.091848592783748600e-02 2.108846898654488655e-02 -2.042942806407098411e-02 -7.697632593633844944e-02 -9.272304326279960651e-02 -6.208461288304144288e-02 -3.864193721636665496e-02 0.000000000000000000e+00 3.847900853026184342e-02 -2.429017303278451639e-02 -5.512054066562259783e-03
9.068368649808269955e-02 -5.774223552583731579e-03 2.239565186684596212e-02 -1.579273206226618209e-02 -3.375192418642596753e-02 9.830207551963771051e-02 5.175026436773751820e-03 4.858740386360427439e-03 -5.850665179977053432e-02 4.791357950513103897e-02 2.055481100469012251e-02 -3.283992032377273940e-02 1.422415890452753337e-02 -5.453166339046491840e-02 8.009770415535195920e-02 -1.562065712581037213e-02 -5.746954300172683883e-02 0.000000000000000000e+00 -2.193803430458966808e-02 -6.540702490059392693e-02
-1.757274191070022943e-03 -6.756375874596683151e-02 2.880342893059407647e-02 1.230634108262618383e-02 -2.171268500909285908e-03 -4.761136294827465754e-02 -1.931898646839498926e-02 -4.040726222822854652e-02 -3.807233403107629366e-02 -2.868581815050370853e-02 2.198843296842608024e-03 -2.734705939741051070e-02 -4.526610922571382839e-02 -4.149466613913288353e-03 5.123101456126106373e-02 -1.627785347473255650e-01 -5.898791900261270843e-02 5.537355309209173598e-02 0.000000000000000000e+00 1.651360354429321289e-02
2.380388656042078249e-02 -1.376141069075960226e-02 3.977087203947517885e-02 1.044462701095708740e-01 -3.285797120423206846e-02 1.431524012115430872e-02 3.138942003541818349e-02 2.052675210936685552e-03 -4.422373664643134208e-03 -1.422780355737994773e-01 -1.444403012805580908e-02 3.556593347355119922e-02 5.588002049271053283e-03 -1.170744730528755218e-01 -7.294035129152426356e-02 -9.962205818912028832e-02 3.813216808066852842e-02 -2.441733916882314268e-02 8.242446459082647392e-02 0.000000000000000000e+00
