0.000000000000000000e+00 -2.965059567232701185e-02 1.190653481818100025e-02 -7.287028413543708560e-02 3.565587982462608413e-02 -1.135686119659145010e-01 1.847336471493228952e-02 1.373541895768973058e-02 -7.007118749275893788e-02 1.693504100888579278e-01 -5.354618813638626490e-02 -1.225742540004283801e-02 3.828035350706249229e-02 -7.602701141952941666e-02 5.379911356475131773e-02 -8.126004173493087124e-03 6.629752115709998395e-02 -5.015437736713847933e-02 -4.514218436428366066e-02 5.597807256806349580e-02
2.423295204173306350e-02 0.000000000000000000e+00 3.374530405461390742e-02 2.825306411445049903e-02 -4.669694928256856031e-02 -1.120967652244322516e-01 -7.227141275996104564e-02 -6.014747808214657848e-02 -1.278407064891936840e-01 -2.454267725532387548e-02 -2.627816197755477191e-03 2.299893121430873072e-02 1.124009818969979278e-02 -4.314348423293164203e-02 -6.259341978091482669e-03 1.883209297757394707e-02 -5.469685701753376067e-02 -3.814412387141005029e-02 3.034341047485622847e-02 -1.667254189139625795e-02
-1.473713954016330971e-02 3.762727054532102183e-02 0.000000000000000000e+00 4.602638107462530409e-02 -2.164765642986846898e-04 -4.011094656699645822e-02 -1.802532717956965846e-02 1.297767064992357278e-01 -1.881477292111570221e-01 3.173393948528088586e-03 1.362363923365420351e-02 4.546893190414943997e-02 -7.546330871403698903e-02 8.603232482800561576e-02 5.689168825178752414e-02 4.207306178592132295e-02 1.097536963688111773e-02 -1.805577278995128959e-02 2.008798658711474436e-02 -2.440268415233418661e-04
4.658181120004359355e-02 2.567365154445997236e-02 -3.983307389736912701e-02 0.000000000000000000e+00 4.323031815570543140e-02 -1.123309144724632738e-02 -9.448623083694834834e-02 6.144552778695279438e-02 -4.873064149755781949e-02 -5.309579433677860671e-02 -9.077913422307456320e-03 3.872611859849758170e-02 1.093523081045291445e-01 -1.202625296505572261e-01 6.422021361073344814e-02 7.555190684231166687e-02 -2.813157643074909453e-02 -1.292185267130643335e-02 -1.722988167632948792e-02 -5.101460175856583484e-02
-7.005738156019161722e-02 -7.712300543230621308e-02 -1.145788653260742737e-02 2.480966851932275147e-02 0.000000000000000000e+00 -3.949703052262364816e-02 -8.905625155852085750e-02 2.654339612209312763e-02 -1.039208282793627897e-02 -3.020668298340218640e-03 -5.399680017707894630e-03 -4.828515243615690705e-02 -5.273353908503029819e-02 2.152535781347466801e-02 9.577406333238790842e-03 -3.347744792251161616e-02 2.352753861403585056e-02 -5.189411610159064270e-02 -9.804223167166234779e-03 1.618615095083200325e-02
-6.117520392541656721e-02 -9.996158173240898837e-02 -9.811644611045933911e-03 -2.134137704275236927e-02 -3.049755702728958531e-02 0.000000000000000000e+00 -4.005249059802967054e-02 -3.466450947412857281e-02 1.755567142853487750e-01 -4.267169696274648177e-02 8.092005210070138399e-02 3.013552344347140283e-03 6.222695407963678427e-02 7.096592753720447344e-02 1.417138667313339387e-02 -6.363972805933336419e-02 -7.893516675870596022e-02 5.249836190340707170e-02 -6.403604610026353283e-02 -8.997731658194976778e-02
7.462941894755772965e-02 8.395082805263047454e-02 1.150536176428670031e-02 -1.156211561095894661e-03 -3.283519579677809247e-02 -1.211265366992107968e-02 0.000000000000000000e+00 -8.024422833920384635e-02 -6.766848205215701684e-02 2.771785203439763173e-02 -5.936534990655193550e-02 -6.456223955821542571e-02 -4.048202076883020660e-03 7.445139042141601937e-02 4.061816650150058133e-02 1.942334305956679510e-02 9.517082384261531247e-02 -5.867323651964379688e-02 -1.660753935359447070e-02 4.577085514374084479e-02
5.823296068464950404e-02 1.040859440888309943e-02 -1.181941840182158948e-01 3.472540544947930879e-02 5.094839533801106407e-02 4.988475292272823158e-03 2.647845891566212237e-02 0.000000000000000000e+00 2.428169799435407963e-02 -2.180283296443656302e-02 -1.020589498184627936e-01 -2.085273073104181030e-02 -1.220454518730386927e-02 -3.959056115618802413e-02 -3.682172021202191614e-02 3.272722924659882821e-02 6.432820805541039633e-02 1.910711690621085673e-02 -6.612974397855078679e-02 6.190628879201611617e-02
2.475251968617813055e-03 -1.191936758128012697e-01 2.714068564686041019e-02 -9.104809494689004856e-02 -6.471268486076402204e-02 7.157969951802591047e-02 6.054583771516583446e-02 -3.455014888644773741e-02 0.000000000000000000e+00 3.798420246074261236e-02 -7.264501849538824996e-02 1.136231074717009015e-02 -2.598976299764739484e-02 6.039356618054133458e-02 1.763232544731476586e-02 -4.275018465071955820e-02 2.146653307146180814e-02 -1.882608914032020018e-03 -6.381761590442372456e-02 -4.786047048133113685e-02
-3.971260193802275684e-02 4.615148919613461936e-02 4.146520516488146763e-02 2.422028872245633041e-02 -8.806871574701891081e-02 -5.756469414996012550e-03 4.008432353504692847e-02 6.154369940745969131e-02 -4.855964125509608376e-02 0.000000000000000000e+00 -2.852955495634077604e-02 -1.053694197478669548e-01 -7.946488351435330999e-02 -2.801695239183988467e-02 -2.991908324800079955e-02 -2.480619273076918943e-02 -3.070625824742300586e-02 1.980200011905701440e-02 -5.564803396239726557e-02 -6.072447533694771971e-02
2.022692305359714143e-02 -9.859612700857950385e-02 3.450780794338674518e-02 -7.416283090623902730e-02 8.737810547113053494e-02 -5.887431526799838388e-02 -4.838727236819159033e-02 3.624591452388223334e-02 8.080653998623474332e-02 -1.895706028347765928e-02 0.000000000000000000e+00 9.483027797210925869e-02 2.401886320676516889e-02 4.770794931372519983e-03 -1.193004875099916984e-01 -8.775212596683405752e-02 -2.250762560054508921e-02 1.743848140207113206e-02 -3.180006963522567093e-02 -4.546426268135829625e-03
-1.291423084482928516e-02 -6.749838673751355766e-02 -7.015156655520752953e-03 -1.237980086014775841e-02 8.010252006759695231e-02 2.353998088868944696e-02 -3.282865214633637341e-02 -5.713381135132868452e-03 -7.499664395473878975e-02 2.115473386643635864e-02 -2.903174092813357032e-02 0.000000000000000000e+00 5.493626500527729745e-02 1.956793968774292805e-02 3.388142695653953429e-02 1.194711007470388303e-01 4.668994935673464325e-02 5.657331112898077163e-02 9.912074316368828589e-03 -8.116555743190434491e-02
2.552751219561662233e-02 -6.110337698796422523e-02 -1.489440084951506038e-01 5.292206869793997064e-03 1.770510218100544708e-02 -5.006893230147704821e-02 6.748681765603135874e-02 -4.279151305953875217e-02 5.478866263479251209e-03 -4.917076959509281836e-02 4.852112661662855847e-02 -6.497730682579727288e-03 0.000000000000000000e+00 -4.494151231168860838e-02 -5.655232225904203991e-02 -9.780261113757042490e-02 -3.841920282558435734e-02 -5.810358481027939892e-02 2.808510438616949184e-02 -2.996786879310504512e-02
4.002159188028472925e-02 1.040513787819710538e-02 -2.702134416909000858e-02 -6.727303040553404834e-03 1.233913707958140399e-02 3.558644450370907798e-03 5.760124826924058021e-03 1.563331529167867259e-02 -6.576105472014583120e-02 -3.116795812847340114e-02 8.029921373793606765e-02 1.327925490627906123e-03 -1.093223783234230639e-01 0.000000000000000000e+00 8.721196036119237271e-02 6.641359182918137039e-02 9.685683696001761919e-03 2.113304845898102483e-02 4.405512230675961982e-02 -9.435685444752718240e-03
-1.429786735313039875e-02 1.178208052192538657e-01 -4.521151410597205184e-02 6.767877831640344011e-02 -9.786518262501463228e-02 -2.775017783869320603e-02 -5.270534021303049932e-02 -1.835767492566456457e-03 -5.843384373334079007e-02 -4.733745801951217552e-02 -4.040952907799684468e-02 3.134519931136930254e-02 7.130423092259252638e-02 -6.483035866941466718e-02 0.000000000000000000e+00 -7.077970620385347529e-03 -6.469315544515576166e-02 7.460329539666805954e-03 8.597676749212354586e-02 -1.381296159551530234e-01
3.564558805410500408e-02 8.349746739646157767e-02 -1.888515660274233190e-02 4.470977554001168142e-02 4.760802007641978806e-02 1.929805751943925590e-02 1.704078504392225128e-04 5.163867814409942025e-02 4.376717397255453640e-02 1.360587139336480282e-02 1.644209039778189024e-02 -4.686760852244737513e-02 -2.424504712418617224e-03 -5.596939449957961943e-03 -1.748373146587251349e-03 0.000000000000000000e+00 5.585025777809333319e-02 3.431218484728131100e-03 2.423138631488266914e-02 -6.475681873415523038e-02
-3.322737369425917547e-02 -2.197982297110859934e-02 -1.889434649835130750e-02 8.716801270500418308e-02 1.036866187586821947e-01 1.212682306404318927e-02 -2.550755301950818552e-04 1.908400715608655866e-03 -2.480450076439809012e-02 2.667581424476010363e-02 -1.297058302906757728e-02 -6.428413144383395006e-02 2.599461658063555516e-02 -1.312261938159168390e-02 1.791616432303103426e-02 -3.374355807285613464e-04 0.000000000000000000e+00 1.195810786999174438e-02 3.794958945780536191e-02 -1.009609696230028691e-02
-1.789351566833123283e-02 6.613050393455941096e-03 -8.550340694916421305e-03 4.881673775852383990e-02 8.596844146227118275e-03 1.088555000569187831e-01 -7.867037263733075644e-03 2.580053060220986044e-02 1.524128334587356200e-02 5.879910910534414531e-02 -2.383013982071736231e-02 -7.900463240634146567e-02 6.075206410377644722e-02 3.544377942392305803e-02 2.100964691214186539e-02 -5.497702141138523235e-02 4.424919059163882201e-02 0.000000000000000000e+00 -3.722861650057256167e-02 -4.351546804937039131e-02
-3.454954701835637881e-02 8.097120901676128912e-02 1.197128209796681150e-02 -7.127409835367694291e-02 -5.485467572332507896e-02 4.578511943400044581e-02 2.631614467681836489e-02 -6.417642401298163934e-02 -4.931722665429348618e-02 -5.006622421420173913e-02 3.812059226415357577e-02 -4.805452120844340598e-03 -3.883567325093238709e-02 1.935744713542379702e-02 -4.208228973184664767e-02 -6.214415512873813774e-02 -9.822738361450425448e-02 -5.185425060012784776e-02 0.000000000000000000e+00 3.105596908479631157e-02
7.097901806547646589e-03 -4.439541516994232467e-02 4.650302046582771576e-02 -5.209750068149254787e-02 6.260790479106786988e-02 -4.998149239372889213e-02 -4.112929238742239930e-03 5.938262934360054313e-02 4.414655121924834086e-02 -2.592550905590768756e-02 -3.265752645520606390e-03 -6.093007281881341469e-02 -3.563692992867940196e-02 3.702657444690467953e-02 -2.746474614658370519e-02 6.245129972609250041e-02 5.295904552261088138e-02 2.778592061511656747e-02 -2.653943158887993314e-02 0.000000000000000000e+00
