0.000000000000000000e+00 -8.369769714852266784e-02 1.203212208162253959e-02 -3.012170366553342665e-02 -6.475394249652252632e-02 -3.602497158016999129e-02 -4.338995043954260028e-02 1.223787305129057229e-02 -4.416104568776258593e-02 4.278005510854557096e-03 -2.137217231568460177e-02 4.732712934449304770e-02 -8.074105022099201112e-02 -4.801824542849778693e-02 -4.483873107308877781e-02 1.133345611324386992e-01 -5.618563678116340193e-02 -6.274614950444314110e-02 -4.024762164527630193e-02 1.625920829368973919e-01
-4.151487219800002737e-02 0.000000000000000000e+00 4.223071018185765510e-03 9.812345584771370310e-02 4.269150385009785886e-02 4.416045383796275009e-02 1.537684608042016315e-02 -6.755306570833476132e-02 2.237275095962815846e-02 -3.602063506834233403e-02 -4.020498122395592400e-02 -1.352346832003528954e-01 7.754727537925580616e-02 5.026819111926174311e-02 1.946410224326147395e-02 2.036508736356383575e-02 1.680106828781349412e-02 -5.184247659459990248e-02 -7.128270182737095340e-02 -4.322779561081525196e-02
-4.432106318131241729e-02 -4.342745954316352269e-02 0.000000000000000000e+00 4.569043370189192210e-02 2.871814752311819749e-02 7.592329127351435392e-02 8.507367425343444201e-02 -3.994663159459822810e-02 1.994980890294506537e-02 -2.581382390672666907e-02 4.623562064082424594e-02 1.200980834471414432e-01 7.828826311055421538e-02 3.979475475947379798e-02 5.204573466395860659e-02 3.145162675437879890e-02 -1.316506428604559929e-02 -3.207382952505233309e-02 -3.784428422843479078e-02 6.286882192740006481e-02
-4.441825659740036153e-02 -3.919099496221501930e-03 -1.010220003838049885e-02 0.000000000000000000e+00 9.249256727270374623e-02 2.503641276365762072e-02 -1.317091618978082634e-01 -7.268839816505462403e-02 5.227466109039877185e-02 -3.321492469332260056e-02 -7.728896306115904183e-03 1.110328084304077791e-02 -7.400181537558290015e-03 -3.446123272183158198e-02 3.963143986964223070e-02 -5.270426620957939512e-03 -5.144447187789900899e-02 3.890505089196556743e-02 1.518771528888948272e-02 4.075919550188517038e-03
3.614997887007076471e-02 -4.041780485356842589e-02 -8.919651872579259511e-02 2.786502425106501465e-02 0.000000000000000000e+00 -7.258769648116457363e-02 -8.085461456513495793e-02 -6.350694398839546069e-04 3.474912173582690722e-02 -6.836382654039808993e-02 -3.280519397366043338e-02 -5.133708275370336277e-02 -1.944603213719181545e-02 3.333063584184855349e-02 9.511835205955290751e-02 -4.899892978589633075e-02 8.661804971971723277e-02 7.124667368187959093e-02 1.066528349957054922e-01 9.008049539496628538e-03
-8.065086837052981572e-06 7.102814035874523146e-02 3.457544351893683532e-02 1.391399254575281241e-01 5.515460171832337749e-02 0.000000000000000000e+00 3.069962411327224749e-03 -7.925623417376308211e-02 7.125301307244467919e-02 -4.585933628590484201e-02 1.649103391119096512e-02 -1.159416949318035125e-03 1.990986980201276194e-02 -6.538359697254063352e-02 8.363003080536522693e-02 5.366256256109620815e-02 -2.346946448364826965e-03 -5.522031145766712751e-02 -6.122411244521216989e-02 -1.030363480069857243e-02
-3.710094526264855891e-02 -2.462309272426364132e-02 1.700143490683352077e-02 5.709530834384739240e-03 2.529986688721275450e-03 -4.607612211530952295e-02 0.000000000000000000e+00 9.326371763895564826e-02 -2.662068471967582797e-02 -9.527799699072204628e-03 9.958578181585568678e-02 5.836877919995112074e-02 3.341400232543380311e-02 3.529847526058866453e-02 -8.755818336633061638e-02 -7.150462492108264519e-03 7.812596020319663437e-02 -8.400383945983576350e-02 3.325205454984816317e-02 -4.518609785946175322e-02
9.774219745986671704e-02 -8.936844328866062892e-02 -6.342060460023977997e-02 -5.498223447844517719e-02 -5.760134143618030056e-02 -8.996751169790314501e-03 5.272157052687505979e-02 0.000000000000000000e+00 -2.744348888929878591e-02 3.218679329918305160e-02 -4.852001809977070368e-02 3.100193634348247587e-02 1.003393737095083747e-02 6.292641423204335151e-03 -2.138281587053506017e-02 3.991445294244742870e-02 6.885222215500096110e-02 5.366277598714839017e-04 6.401244024780645969e-02 3.382292729385120295e-02
-7.750816371895317969e-02 1.002815198913841743e-01 2.927616809293121999e-02 9.405278154546371783e-02 1.615407218642534587e-02 2.334027059740283877e-02 -2.888488117187937992e-02 -7.145266299325921111e-02 0.000000000000000000e+00 7.159511131828301400e-02 1.145152236213704301e-02 -2.552361719598830389e-02 -1.816462203704391140e-02 -6.940082022568319631e-02 3.684516525378177948e-02 2.527233428719350555e-02 -2.182268282619901148e-02 -2.539081452713356710e-03 -2.474352489040513095e-02 -5.601298505497517149e-02
8.751506704319063357e-02 3.368506398711378774e-02 -5.379419925857997992e-04 -5.518764779567385953e-02 -2.805182585608663112e-02 4.405656949164068331e-02 7.507659337775852981e-02 1.447097749718240789e-01 5.512601188881598169e-02 0.000000000000000000e+00 -1.362879999177941601e-02 -9.164897366971293258e-02 4.774332958534248383e-02 -8.860915867346527697e-02 1.045685186302807573e-02 6.992554525764950240e-04 5.687596112652838765e-02 1.367335294392527795e-02 4.908287247747202681e-02 5.301159739047905939e-02
-7.298171377193041556e-03 3.586738885910985275e-02 2.500252072149014571e-02 -3.962808252939316322e-02 2.964193581146993411e-02 -1.173809197460330689e-02 4.039610583367660851e-02 3.317005949542032456e-02 -1.702075970852698350e-02 -5.426369667012381076e-02 0.000000000000000000e+00 -2.400542520933177798e-02 1.302852365605346174e-02 6.057236571100626382e-02 -5.125367217166668793e-02 8.130255955992586603e-03 3.238631652826883672e-02 -6.199231138242902728e-02 -4.524465633588949098e-02 -1.269660655288477489e-03
6.627348074110070431e-02 -1.027278873422103889e-01 2.203222097023168832e-02 2.260882548056829602e-02 -3.219705307653012577e-02 -7.087791820424627076e-03 -9.031458496146022030e-02 3.039904035251003722e-02 -3.787674691697294482e-02 2.034900212649717877e-02 -7.332193696306485431e-02 0.000000000000000000e+00 -5.094403078530289342e-02 -2.404060888208710278e-02 4.362728802916460147e-02 1.762986191071184983e-02 -6.278704643706686794e-02 1.274459154747111488e-02 2.845075565051615601e-02 1.858631171159792067e-02
-8.453455565946163541e-03 -2.266172634887034937e-02 -2.265986731758060091e-02 -1.276394248767427110e-02 -5.410078916943046601e-02 1.475214409136614557e-02 2.247233961979802977e-02 -2.590437477973768846e-02 -2.750249531322690802e-02 -1.628876450755536651e-02 -2.763166224963048076e-02 -3.159404173635837034e-04 0.000000000000000000e+00 1.649570447569139939e-02 2.613234143316818872e-02 -5.122994849066612316e-02 4.022734697986401348e-02 -2.305302899574660294e-02 -1.450817711753041306e-02 -3.341048565917978386e-02
-5.471417136434654493e-02 7.681813784769484649e-03 -2.903692874493456547e-02 -6.024470231612551879e-02 -9.145755620268547492e-02 5.851333895487098591e-02 1.126860809186581852e-01 2.307647969399016438e-02 -9.100006354670571451e-02 -9.016012021337848487e-03 9.832669677037818301e-02 -5.795174230393362186e-02 9.342937110101086351e-02 0.000000000000000000e+00 -1.614993338201597406e-01 1.858123075286563508e-02 1.645571532972110382e-02 -3.748086839728431013e-02 -9.492260344094598234e-02 -4.176192968456100829e-02
5.875303509943726604e-02 -3.280592879214533353e-02 -7.037793835513023177e-02 7.110165164351769278e-05 -8.294088365168724927e-03 -4.745237729472574079e-02 7.296793719641804683e-03 -2.864766981855865549e-02 -2.315690661442957460e-02 -4.280140321690448224e-02 6.135866115906228602e-02 -1.896907964700174365e-02 -5.457712888114505528e-02 6.383020290713757594e-02 0.000000000000000000e+00 -2.442775798447296889e-03 2.857183636326089682e-02 -4.678817543877483720e-02 -2.732111091625531729e-02 -6.234744015262172132e-03
2.932926734953837308e-02 -3.466259309242810532e-02 3.087870142025118600e-02 3.507669168043576601e-03 1.295898936390746554e-02 -4.692775619070463367e-02 4.505837131869237268e-03 -8.998608450751018062e-02 -6.954829150964766948e-02 -1.021027507364489495e-01 3.776450962546778339e-02 7.086625460464955617e-02 -6.800927324777650274e-02 3.908721622301717519e-02 -4.354527779648277586e-02 0.000000000000000000e+00 -5.022109351236574842e-02 9.603018891942631530e-02 4.366089642002320137e-02 5.936752295728112833e-02
-5.993521546416761409e-02 -5.224533067865911456e-02 -2.134539272900600956e-02 -2.340276483907906963e-02 -1.397641721049881249e-02 -3.140494215599701211e-02 -1.949938931611418930e-02 -5.010463829141623138e-02 1.042148341898613412e-01 -1.516635933321281576e-02 -5.909917699018172980e-03 -1.456415164049493227e-01 2.849417358227656488e-02 -5.144801571726167339e-03 -3.271811119800776407e-02 -4.858449203143060113e-02 0.000000000000000000e+00 6.551232107628847390e-02 -2.631198597310277151e-02 7.483538764138887578e-02
8.848202723331037578e-02 -6.106656778943016228e-02 -8.731913323034529162e-02 2.788064234796541752e-02 -2.672581098304463096e-02 -3.308227679044298958e-02 7.696187678238785614e-03 9.434205921713210985e-02 -1.361323427610955650e-01 -6.653991784254714714e-02 -5.322433838101896936e-02 7.944819153755929009e-02 -3.118406936926030465e-02 6.751415174603074554e-02 5.609901235050823720e-02 -1.746868161619699253e-02 -2.376766421604186667e-03 0.000000000000000000e+00 2.454981190180693246e-02 3.648038008868714505e-03
4.159163604375881035e-02 -1.084176159656303207e-01 -6.249503894478119354e-02 -7.805273135026660758e-02 1.761943296494390340e-02 -4.648388429405141825e-02 -4.719842272685021572e-02 2.758404530504256300e-03 4.384404317486096520e-02 8.087721301629266502e-02 -6.805162163097823458e-02 -2.657622581492145863e-02 3.160453003374769781e-02 -4.281821622186830073e-02 8.081993923343215591e-02 -2.790228255246292657e-02 8.148016904725288723e-02 7.609933537878267595e-02 0.000000000000000000e+00 -7.089836198169823835e-03
-7.566601146470396111e-02 7.921436098281282867e-03 1.044618860590641740e-01 -7.063537803927119607e-02 1.920444613400439440e-02 6.643969770969789315e-03 6.326136192565254279e-02 -1.286865845100489299e-02 -2.609522305372616053e-03 -2.313748253187206463e-02 8.671151099735624479e-02 -1.895862239559588727e-02 -1.372341108991429609e-02 9.745513865641022844e-02 -3.191815821658767344e-02 2.180533168586551440e-02 -3.997106553849708033e-02 -5.056273903434196915e-02 -6.774727739614253008e-03 0.000000000000000000e+00
