0.000000000000000000e+00 -7.740187788541096070e-02 3.926973714603133880e-03 6.105115932599130407e-02 6.257166367559685582e-02 1.275173070522375718e-01 1.675688849822077470e-02 -6.062775890400069062e-02 5.290818179159045148e-02 -2.924978898790264736e-02 7.982885229461623988e-02 3.739300560932553447e-02 -9.042713697307612486e-02 -1.809003540478295799e-02 5.250394557268581175e-02 -9.189097897536657733e-02 8.093606499144449795e-02 -3.235842710517580767e-02 -3.585160557188377811e-02 2.926324877749586148e-02
-4.276598475685444017e-02 0.000000000000000000e+00 -2.159156990686580697e-03 -8.916081026230478906e-03 -6.662899247628684130e-02 -1.418061739768494700e-02 -6.560400218184984922e-02 2.234040027585093569e-02 -3.980154343617202384e-02 1.914592339633257312e-02 4.937006498545179478e-02 -1.172806731041051327e-02 9.102891172691365655e-04 2.754441216676883214e-02 3.592244300306248611e-02 4.529505216624236941e-02 2.724344917997532575e-02 2.865793561149342777e-02 -7.699368320519238418e-02 -9.806257905510031014e-02
-5.708280205500106119e-02 1.788535015615742019e-01 0.000000000000000000e+00 -3.464900928191876756e-02 -4.176347166660523448e-03 -1.206391873124477120e-02 1.573804690374660739e-02 3.701245360062500878e-02 -5.960600651986087267e-02 -3.124293931050650328e-02 5.525523184580947295e-02 -5.371416248803306814e-02 1.911281358545393466e-02 -2.406840096836848630e-02 2.068736519563361617e-02 6.178902446159043049e-02 -2.394296643669969332e-02 5.290733738304702338e-02 -5.494122075704080399e-02 -5.655368107657535864e-02
-2.127847918584377732e-02 -7.914564589508373341e-03 -4.249868120134429189e-02 0.000000000000000000e+00 -2.988333140876752586e-02 -3.222661561901296687e-03 -2.560945955402643519e-04 1.187020593529604026e-02 1.301742600874654654e-01 3.864064877493749578e-02 -5.430607600323490713e-02 5.892693206349919853e-03 1.241288185236725898e-02 3.652906982720468404e-02 3.592976053259525071e-02 3.486744787331748363e-02 -3.872277480786782272e-02 7.991706527073032251e-02 4.781003914513757419e-02 -2.845481281410335364e-02
-1.496824523659438105e-02 3.177093840735641800e-02 3.365876157179354539e-02 -7.674865609870454297e-02 0.000000000000000000e+00 4.441449198345981224e-03 1.051321478468313225e-01 -1.548169295234729514e-01 6.389210778340126060e-03 -2.866722427010636939e-02 -3.089976920971259505e-02 1.545461359406844620e-02 1.117104307731348195e-01 -8.025104410847146152e-02 4.849774275120719014e-02 4.836421634169315448e-02 1.243712081809149328e-02 -6.129537931306485582e-02 -1.005541183499107129e-02 6.765330723249801670e-02
-1.096457306121170414e-02 2.756140886091664258e-02 3.314692896658772564e-02 2.681348859446707270e-02 8.042175929900761966e-02 0.000000000000000000e+00 -3.422913864021254367e-03 -9.264765787947677744e-02 2.595740485361531721e-02 -6.904677561844832501e-02 -6.575246962092723413e-02 -1.660023732889885986e-02 -4.537744581629209878e-02 -3.630032299881141844e-02 4.951392194300768129e-02 3.907357757204056592e-02 6.029359328445100738e-03 -1.904492445432025630e-02 6.408517647227839065e-02 3.857325337263141363e-02
-1.120418679105848608e-01 2.518023815651808557e-03 4.628298893451086166e-02 -4.486327701279706898e-02 4.525337622195080289e-02 -3.040899401727317763e-02 0.000000000000000000e+00 -3.047089473268196902e-02 -7.115536426733237718e-02 1.719707802080007019e-03 -6.609590595032556470e-02 -2.381629327087915818e-02 -9.639334968324978631e-03 -5.031653750684853682e-02 5.161979813990596327e-02 2.262083582320832328e-02 -3.958444013859821475e-03 -7.917257800698010439e-02 6.816385931128909892e-02 -9.701262739443476668e-02
1.170816799079384563e-03 -2.124983884389843036e-02 -1.011028463483672063e-01 8.718166339691410527e-02 -3.006815986614635658e-02 -1.236109261360350368e-02 -1.409665509324968969e-03 0.000000000000000000e+00 5.182757103104700808e-02 -4.060832012731972751e-02 5.329386710835748095e-03 2.917206688173987401e-04 5.257342224605663500e-02 6.539279124689752198e-02 9.416623006784502481e-03 -1.284353413674004657e-02 3.945850096734094398e-02 -5.209569633808705871e-03 2.727867065779285630e-02 6.154914285911478738e-02
2.162321618273826268e-02 -1.846860181519429127e-03 -4.048635115393701273e-02 -1.462911168931434192e-02 1.561680969424200606e-04 3.822636154813730675e-02 -7.557506039902349426e-02 -1.605225689123025018e-02 0.000000000000000000e+00 2.835590923055669038e-02 1.852918613623886351e-03 -3.945644428391874986e-02 4.241636047654571973e-02 1.464064924319879828e-02 1.614718525261059356e-02 -4.889676558581050603e-02 2.677765678544721806e-02 -1.722447668289173520e-02 -3.147004296921000061e-02 -4.853510856076904967e-02
-5.641378037706393928e-02 -6.915276450429906629e-02 5.624895788864726909e-02 -4.657517169704208232e-02 1.022014466539608035e-01 -1.146277287103155823e-01 2.261909973809686850e-02 6.103748597413023030e-02 -7.821622370081646181e-02 0.000000000000000000e+00 3.319617615144951350e-02 3.522584472505087272e-02 3.391430399991333250e-02 -5.737318972415182683e-02 -1.106230637713916110e-02 1.282074937468809517e-01 5.425606140769921593e-02 -1.771764699233180796e-03 -5.081234279649195218e-02 7.068137723807581957e-03
1.037994675047115567e-01 1.219492292843406614e-02 -8.358281075503969093e-02 -2.912161944603151517e-02 5.295000794628039464e-02 1.199774498605610251e-01 -7.888985047383535731e-02 -1.483328994664047905e-02 6.952053298645055612e-02 3.864062272576437862e-02 0.000000000000000000e+00 -2.934782240361526531e-02 3.117436458076978598e-02 -3.117340961782965811e-02 5.016234726267028432e-02 -1.826738250279283035e-02 9.495217048704243656e-02 -1.020098040472518924e-01 -2.272489301292749883e-02 9.913874982238778111e-02
-7.291465600969801453e-02 4.024637885075489641e-02 -2.491998153702743024e-02 -4.038729271592832876e-02 6.183277372358919610e-02 5.302940720276218267e-02 4.441805494701775436e-02 -9.655064060185485075e-02 1.362194369894858745e-02 3.061631643925261798e-02 3.304744895121172754e-02 0.000000000000000000e+00 -1.067941300629577095e-01 -2.728027657613835491e-02 2.347365237751464911e-02 5.613390952717459137e-02 -2.697315636601523015e-02 -3.308077479887827632e-02 1.188176184012176145e-03 1.122797136085725705e-02
1.035610312901191071e-01 -2.417778634029602025e-02 1.682764311977987676e-02 -3.107582538353515639e-02 9.684862766890217634e-02 -2.358888369224044958e-03 3.159621546844140066e-02 4.283901298338755465e-02 -3.613212462070830577e-02 -7.027344538818061648e-02 3.860752192889434220e-02 -3.278340726212605055e-02 0.000000000000000000e+00 -3.602399572155650515e-02 -3.325452539334905477e-02 -7.176040419998540310e-02 2.552389034189408643e-02 -1.142413218740193082e-01 2.583366730877822981e-02 5.210426049181627467e-02
-8.783870258913016593e-02 -1.131830047468789999e-02 -6.342224767708359856e-02 7.472640603987246166e-02 -2.524057541506818936e-02 -1.034605322597297906e-02 -2.847237225572571070e-02 4.965232418163571110e-02 7.458855466233026144e-02 -7.552612351056189888e-02 5.504748310626189113e-03 3.300265186841479237e-02 2.320881038664929924e-02 0.000000000000000000e+00 2.864195566742654825e-02 -8.036147573401999922e-02 -3.990736521541862064e-02 1.244926892598788651e-02 1.885615159473525359e-04 -3.080837704101448138e-02
-6.758155372633144198e-02 -7.925274358872590186e-02 -9.826920098036207030e-02 2.626586485619036154e-02 -6.521119705439731851e-02 -7.332656744052307163e-02 4.954576302635783913e-02 -4.310478576403440482e-02 -6.524301733469820008e-02 -4.822055145651664432e-02 -5.306456597558974198e-02 2.918048982605940186e-02 -5.495140780388316909e-02 3.509902690668469799e-02 0.000000000000000000e+00 5.495961839266518684e-02 -2.937557836346680121e-02 -2.766975446532142502e-02 -1.114104745642935101e-01 -1.586428292596145026e-02
3.942137116727863211e-02 -6.593018412979319114e-03 -1.382577531548634386e-02 1.778300448516517002e-02 -3.725235610376473674e-03 3.347411606594880712e-02 -4.557169283017635519e-02 -2.386389180200483920e-02 -1.531955216471746380e-02 5.509458120568905964e-02 8.857613541040791627e-02 9.258332627627446909e-02 -5.226831673421875740e-02 8.114283138070929385e-04 2.593932461039389487e-02 0.000000000000000000e+00 -4.889820650300331917e-02 2.454127967611247161e-03 -3.333906764180758625e-02 -4.405233282013577834e-02
1.907326210264500069e-02 -3.842213048909423612e-02 -6.111083887084746424e-02 -2.352194981574862176e-02 7.248928458361797444e-02 4.544112869936853955e-02 4.571050317869718854e-02 -2.078775283087258910e-02 6.014869304776951885e-03 -3.167532920775834732e-02 -2.814453212433899038e-02 -5.150864239046310661e-02 6.319968276701680432e-02 -4.732644369267754308e-02 6.763580645203166875e-02 -1.054675455493237352e-01 0.000000000000000000e+00 -3.166018596563641846e-02 3.985234417705077470e-02 6.085511183103916449e-02
-2.383327466978391040e-02 4.960911687306931300e-02 4.287253553096640607e-02 -6.825902008243333978e-03 -2.684983519078804406e-03 -8.137713713411051653e-02 -2.075901194196323740e-02 3.791457117357398265e-02 -1.005041150824712362e-02 4.003313538425500029e-02 -1.929211338930548331e-02 3.414800213892850000e-03 -4.137795070180311230e-02 -5.536364124291336813e-02 -6.242689810636948416e-02 7.232261153014560295e-02 -2.587199057340008532e-02 0.000000000000000000e+00 -7.603680049501225502e-02 -3.534877135929816172e-02
4.073244389812314542e-02 2.108452470596979596e-03 2.708137805865189554e-02 -1.269535710120112404e-01 1.410221726448284141e-01 4.207041904692332239e-03 -4.611221315092724204e-02 -4.734639191805950498e-02 -7.183622027648398078e-02 -7.168900470187627733e-04 -4.121887722964989731e-02 2.719179216539492627e-02 1.913847196753474741e-02 -4.427760058634012952e-02 1.930803673064280385e-02 1.316097628956124262e-02 -2.595313983770974192e-02 -1.647439476885580872e-02 0.000000000000000000e+00 1.765749831999131186e-02
5.463600010971010439e-03 6.217546536640317263e-03 4.640378323313584102e-02 1.582308623971728388e-03 6.715011234054689415e-02 7.867661139723380881e-02 7.995881601818986828e-03 1.855758339831237863e-02 2.719838280644978640e-03 -2.397963042131092889e-02 6.292735583133091115e-02 3.087908569958363811e-02 5.332967984685255299e-03 -4.295675682811508217e-02 3.511376443937084396e-02 4.709214151771941997e-02 -7.286827950743328744e-03 -9.527341469716524291e-03 1.212439519417029751e-02 0.000000000000000000e+00
