0.000000000000000000e+00 -1.060093028273917104e-01 -8.025414858824156394e-02 -5.822281524610508491e-02 2.677505387742718087e-04 1.997655626788099378e-03 3.226597050507876412e-03 8.942461045041612266e-02 1.792170349038994370e-03 2.407734753300415365e-02 -7.445658638038221179e-03 -3.077109491794846607e-02 9.923194186715200357e-03 6.558455887538804097e-02 -7.167311854195278220e-02 -1.345228560010924834e-01 -3.223344037860748079e-02 3.553826327381304911e-02 -7.310441531287348305e-02 2.493491654108902916e-02
6.549013807660407360e-02 0.000000000000000000e+00 -1.330557480147620542e-01 3.454700849329805229e-02 -3.013693094097457878e-02 -1.024800546006306157e-02 -5.508535882510941228e-02 4.230475916781305940e-02 6.149193436784498173e-02 -1.492749654790148303e-02 -6.527757456882096743e-02 -4.789401324352958456e-02 1.231053898925263124e-01 5.845146655907491363e-03 -4.533867493040609487e-02 3.803099065113848404e-02 -3.821445779155493300e-02 -2.349502194681666808e-02 -7.427569474830243712e-02 2.785348707557678410e-02
-1.915577292247723842e-02 7.954078722795629441e-02 0.000000000000000000e+00 -2.106594827711563700e-02 -7.870160804937904875e-02 1.367909141877228160e-02 -5.891042729987553545e-02 -1.856146232319887471e-02 -4.186002892645673129e-02 7.058425147726020421e-02 -5.595861340973223852e-02 -7.092299655097517030e-02 1.225600234106084471e-02 -1.298899454172106234e-02 -2.876730598888630266e-02 3.107851848346577378e-02 2.270016948924477931e-02 1.332284936657176068e-03 7.191329466423575234e-02 -4.401436750680792764e-02
5.456160079702133264e-02 -3.977388160177076221e-02 5.031606117625348797e-03 0.000000000000000000e+00 -3.865240290438042708e-02 3.762187623821515448e-02 5.378019937205880813e-02 -1.191065183303361037e-02 -6.592302206236350104e-02 6.744346601504083716e-02 1.161413022838636566e-01 -1.281085932990045917e-01 -2.336930233446841369e-03 5.224244991759107587e-02 5.873689236028038774e-03 -1.166359268408282968e-01 1.743342631322233535e-02 -6.703717875554670962e-03 -3.068074199743010821e-02 5.573505170950548981e-02
6.497141617085752663e-02 -1.959137472871034721e-02 8.776967416881131800e-02 -5.191114814831711971e-02 0.000000000000000000e+00 -6.358758548330724347e-02 6.632808383791452544e-02 -3.822997867964909174e-02 1.876280968445084851e-02 6.075017958623978725e-02 -4.617257549551218032e-02 4.200819846504664362e-02 -5.437557535964204075e-02 -2.548548325357413366e-02 2.221893146740942099e-02 1.186318040186947961e-02 1.633400295271464006e-02 4.531320493953150397e-02 1.647910817207647316e-01 4.607271484338139322e-02
-4.975072082013119908e-03 1.865229222957762861e-03 3.054357624720462159e-03 4.447126480213041237e-03 -1.024043681380031913e-02 0.000000000000000000e+00 1.178712398806264564e-02 -6.645258596022661501e-02 -4.340656138326053765e-02 3.066031501473301737e-02 1.659559359633254808e-02 -3.643398177903426488e-02 -6.303868556847920523e-02 -3.391087320821271206e-02 -2.599756367117915003e-03 -3.542912806491960165e-02 -9.850646109008308338e-02 1.079966658178245498e-02 -1.753805646002480345e-01 -5.560133013916548211e-02
5.781115654803295478e-02 5.117822573178830090e-03 -1.285810974777464588e-01 -3.827602503598062644e-02 -1.953904043244512889e-02 3.627523156705038387e-02 0.000000000000000000e+00 8.681412337502951437e-02 3.163562849058608462e-02 1.883508454104122071e-02 -6.890030535613735074e-02 -3.204527143737529588e-02 -1.582123843938413807e-02 -7.632157207870061966e-02 4.516797732889156480e-02 1.864320378089614691e-02 -1.231757955968411228e-01 3.226036695414966071e-02 -1.163398717077326061e-01 3.254217500710186034e-02
-6.932477626440866625e-02 -3.847212078858561896e-02 -5.650483315792561440e-02 -6.800309767378408254e-02 -3.554534852572244913e-02 -7.868909900648805855e-02 2.095270807338023983e-02 0.000000000000000000e+00 1.844902917442848775e-02 2.482179094173894013e-02 -4.983605601057788936e-02 -4.142809923932100347e-02 9.568730445203166290e-02 -8.910554827103413233e-02 -5.258627663959260234e-02 5.704421176048729558e-02 3.553578068452145633e-02 -2.622287947232272015e-02 -2.961057581176162329e-02 5.255054250993906190e-02
3.809388845894796927e-02 -3.245624261945204841e-02 -2.206662845020384255e-03 5.610430775880667631e-02 7.479575824014136898e-02 -1.239650929929914450e-02 3.342318343086678883e-02 6.384312185839642606e-02 0.000000000000000000e+00 1.145269423657563068e-01 -7.108625385775511896e-02 -1.468408851233749327e-02 2.308297779999896396e-02 -1.317036779201761695e-02 7.034281904671049745e-02 9.473396108999831977e-02 -8.804147866110082973e-03 3.954413128192964255e-02 3.867401065449189990e-02 8.124014475076017650e-02
2.150815980401291419e-02 -3.148367157125386492e-03 -1.061808761566379253e-02 -1.541696527174039009e-02 4.639817324512775926e-02 -6.256792067537191027e-02 3.809377338084087017e-02 -5.963287678786345115e-03 -1.083191034678539916e-02 0.000000000000000000e+00 -4.142002146251438227e-02 3.975950672345764103e-02 -3.300555143588994322e-02 8.248860277491380788e-02 -4.955221813819778165e-02 -8.115352184567073413e-02 2.471102971037218710e-02 -4.612776639509585247e-02 5.029282165046101982e-02 6.614981091803912028e-02
4.320457775593608551e-02 -1.396869899249106317e-02 -5.295840567279487543e-02 3.808141952769948657e-02 2.526139407920797303e-02 -1.630110610468414253e-02 1.927109055089373151e-03 -2.360588313089160076e-02 1.230443685929926735e-02 8.177766922825152607e-03 0.000000000000000000e+00 2.602644649281726785e-02 2.752516629374595833e-02 3.201645967847836088e-02 1.344492287722243162e-02 -2.556805796934292357e-02 4.875000787234953087e-02 1.121154382574698384e-02 7.289203031583267600e-02 4.246581054209939976e-02
1.010644955136185963e-01 -2.823404467492151432e-02 -4.208934110804400490e-03 8.526922473740344843e-03 1.549178768626733801e-02 7.192116740318161942e-03 8.294655815075106103e-03 5.128058307012321043e-02 4.469708408416361682e-03 -6.173164162452574044e-02 -5.106933232636479136e-02 0.000000000000000000e+00 -2.505294383757006998e-02 -1.219861015532931574e-02 -2.305909753007931093e-02 -3.232446545056616438e-02 -1.072570297547429351e-02 7.372148358137546598e-02 -2.656523582685232573e-02 -2.477550722558246113e-02
3.942014262593431656e-02 7.340956416262841081e-03 -1.062124353027112944e-01 8.927725623550529510e-02 -5.567889037816510511e-02 1.351788079538043807e-02 8.348220141896124658e-02 6.808332375629595756e-02 4.777071289309640229e-02 2.445663333991929256e-02 -2.409542595428566802e-02 8.497007138178061525e-02 0.000000000000000000e+00 3.268440339392729432e-02 4.010471107218677861e-02 -1.331635135744240134e-03 -9.521504855187514632e-03 1.627120054977318486e-02 1.405275313282495532e-02 2.413958279102224307e-03
9.555806906287349356e-02 -5.863158205770897802e-02 -5.555206426482419552e-02 -3.228309293473539954e-02 3.122521570959746126e-02 -8.409332447690353804e-03 2.548976841566978277e-02 -1.591423030279871115e-02 -3.486372969885841167e-02 -2.949801454667873996e-02 -3.664263234466700464e-02 -5.595993936855348655e-02 -4.109187086250760262e-02 0.000000000000000000e+00 7.340127825064400591e-02 -1.312702814649876759e-01 -2.425244622991768600e-02 1.742607957900556975e-02 -2.638137791688086042e-02 5.694627601282409302e-02
7.082938601833922102e-04 -2.013779716379185750e-02 4.272938356586657160e-02 9.247850034021697085e-03 8.213620106386139430e-02 9.308338241742112424e-04 3.995248579577360265e-02 -9.537196706754638709e-03 -7.411354252285105859e-02 -1.154884445062843573e-01 -3.072678538179753061e-02 -8.637235377221645638e-02 -1.394830371401926949e-01 -1.754791402815676638e-02 0.000000000000000000e+00 2.226013346399388984e-02 -8.237772515147083474e-02 -4.508774795768052956e-02 -8.626059781124781334e-02 -2.145752640283198065e-02
-1.963744871234483075e-02 -2.555826312876372658e-02 -1.700237501318083502e-02 6.405056269951538150e-02 6.165818923280794693e-03 -1.851082520366339329e-02 2.337076644827597305e-02 9.352967699328346152e-02 -2.093913271160202649e-02 3.637292875625082467e-02 -3.689732383210098110e-02 5.152324767759722257e-02 1.597423109478617390e-02 -8.402656998971491653e-02 6.065188476511101240e-02 0.000000000000000000e+00 -4.611589751213602401e-02 3.092115680698179214e-02 2.774410712406988333e-02 1.555950808844533233e-02
3.600546880482005056e-03 -1.449016376817541078e-02 1.431681758730552097e-03 1.099282493273291391e-03 -2.226279323547433395e-02 5.395203094251712489e-02 6.100624079492125360e-03 8.603653335827469995e-02 7.973441105574491372e-02 9.048227462689265033e-02 3.199995775867713055e-02 -4.311106185450527123e-02 -2.301426615820777698e-03 -3.916471720293193681e-02 -1.382890020184314797e-02 5.260743908055123819e-02 0.000000000000000000e+00 3.994987365837326942e-02 5.087009639258740362e-02 5.032809859287089294e-02
5.594812948966037397e-02 -1.364937824281098055e-01 2.296698464893318428e-02 1.267719743409563386e-02 3.632497757166080338e-02 3.342069727992653949e-02 3.483141304875238958e-02 -4.108812780747123083e-03 5.750756345898493972e-03 7.478255823599180840e-02 -5.136610023700286659e-02 4.238559623255522529e-04 2.293443189176330374e-02 2.060123375198972054e-02 -5.926207182990392112e-03 -8.129617606605787916e-02 -3.534339899372077043e-02 0.000000000000000000e+00 -1.176939397020602407e-01 -4.348229619568562410e-02
2.062876126315818168e-02 2.417359038784194780e-02 1.441935225396878857e-02 4.305556176279933672e-02 -7.668966736221308200e-02 -6.551644424920161081e-02 -2.094222495617305974e-02 -5.741269831624329356e-02 -9.415367439895198920e-02 -4.692729741711251790e-02 3.877963761540637738e-02 2.112197148430207047e-02 -6.830051132876211080e-03 4.667351502705849309e-03 7.172546580082710121e-02 -3.246573095055684671e-02 -1.743875664250220392e-02 -3.147226376266457765e-02 0.000000000000000000e+00 -1.979955783244979201e-02
2.074822166292391787e-02 -4.529544107947746506e-02 8.630318229060398791e-03 5.120558347806437177e-02 2.697076560024685293e-02 -1.158882373136986034e-02 1.662216587842679089e-02 1.005212174638625833e-01 1.466593397006416347e-02 1.355982696102216445e-01 1.095577304191937967e-01 -7.098767868037093864e-02 8.120333318305160419e-02 2.670921638105205886e-02 -2.354938918398109815e-02 3.118648029421572029e-02 6.557325264974216139e-02 2.950893180329417637e-02 8.682292741916289303e-02 0.000000000000000000e+00
