0.000000000000000000e+00 3.487619179784310491e-02 3.358727732948788014e-02 -5.960949312788856036e-02 -1.534103537454327981e-01 6.564182044366151381e-02 6.433707562960638837e-02 -6.430604286627826516e-02 9.114705872912132190e-02 -1.855162048407953124e-02 1.314267160835879689e-01 5.419307163952793993e-02 -3.045211139309079995e-02 4.565735367782820797e-02 -2.602632270851843246e-02 -3.511509458902930311e-03 -4.228180267914135974e-03 -1.414804615949379757e-02 3.623657042898542624e-02 5.991664631613513592e-02
2.282067905065321423e-02 0.000000000000000000e+00 -8.699519249532104703e-02 -3.927396647423093273e-02 5.148511297024171984e-02 -3.483251022982736256e-02 8.554210705039952400e-02 3.107337119646001733e-02 5.510212540606777669e-03 1.979317018947624254e-02 -2.965088036683535822e-02 -7.590369620641392034e-02 3.984572450960378182e-02 6.575939182217872825e-02 1.717358150962642119e-02 -2.893436987128428228e-02 -1.320040253165352395e-01 -3.510013455108031838e-02 -1.132860354396541744e-02 -1.418130262804161157e-02
7.767799220698888563e-02 -1.043640618759301801e-02 0.000000000000000000e+00 5.237071898424451588e-02 -3.556676789661360194e-02 -8.375116132756996179e-02 7.471659832790462918e-02 -6.207083370946852446e-02 -3.059520379010184990e-02 -4.478779280970941745e-02 2.701286660611498455e-02 4.395480157085377565e-02 -2.685727226275255383e-02 3.869258910886102382e-02 -3.338273439877820215e-02 1.444458734445873416e-01 6.761726187561335755e-02 -1.044844665491816149e-02 2.154292817808500099e-02 5.501530978646224090e-02
2.453280329681183786e-02 -3.727052655891301136e-02 -1.441038815046917282e-03 0.000000000000000000e+00 3.812303372794118711e-02 -2.203535364890300136e-02 1.409659545415619351e-02 -6.201019933499014175e-02 -1.129943945969616725e-01 2.162219652020525712e-02 7.989526263995717914e-02 3.651626790618060087e-02 6.758101300790085586e-02 1.080947591815466097e-01 1.127853305539337422e-02 -3.509877406123410037e-02 -1.717819026665169321e-02 -3.850702795553233304e-02 6.340594427755068090e-03 1.422524544656971097e-02
-6.722926763367255095e-05 5.404170991946749547e-02 -1.060198366357022054e-01 4.253724911554718213e-02 0.000000000000000000e+00 2.923940783698319654e-02 -6.828656119880025833e-03 -2.105509865445789539e-02 4.774072009039763420e-02 -3.205856034218656364e-02 2.883469533509939314e-02 -4.275044938672249023e-02 -5.561483478733549209e-03 -2.468340932487281605e-02 9.598938863546742362e-02 1.006641220641862032e-02 -1.059114690216269791e-02 6.723985443769668613e-02 -2.047717490202472478e-03 -2.145986567247415780e-02
-7.507314609007915973e-02 1.599191056536261590e-02 3.013570844262507611e-02 -3.273652814027642327e-02 -9.462505615394389835e-02 0.000000000000000000e+00 -1.114576674967434310e-02 -1.245388249740484420e-02 -6.841335689346489390e-02 -3.296729921229392402e-02 -4.530493147241475282e-02 4.172460810318410346e-02 7.936216630472862563e-03 -1.046791499966413935e-01 1.358489962772324068e-02 -1.665891738211370795e-03 1.314315568768490983e-01 -2.052278508528657813e-02 -2.329901214559173747e-02 1.923333897112913457e-02
1.369420004185607602e-02 3.904132110826220425e-03 1.891248925489545304e-02 8.854848173690002501e-04 -2.479323607956886166e-02 -2.288194461494331977e-02 0.000000000000000000e+00 -1.939958294532254102e-02 -3.143833351965621969e-02 -2.928668037326551815e-02 -9.155793132537896201e-03 2.897861851357671700e-04 3.068636747142627214e-02 -1.738956980555918241e-02 -9.879976363897646774e-03 2.125012608781293860e-02 -2.413385550103910437e-03 -1.844828884046271914e-03 3.131777637638666345e-02 -9.332992523565261656e-02
2.299116685490354764e-02 -4.088349377747215602e-02 -1.870073729520707606e-01 2.086577766880509666e-02 -6.043223840496417948e-02 6.269178949660145217e-02 -8.798173601008803246e-02 0.000000000000000000e+00 5.332447160520746576e-02 -3.994601492952869898e-02 -3.596653541885928146e-02 3.705112466475200036e-03 9.625810918448830800e-02 2.315412771701688341e-02 7.337181333758110990e-02 -3.859687565455610387e-03 4.284776663055388235e-02 7.306968553322831794e-02 3.436587540996315082e-02 -4.848080501014140342e-02
2.722428013342412592e-02 -2.478108940435194696e-02 -2.953044208642391366e-02 -6.858541895105055297e-03 -2.399475617840559141e-02 6.706791195814013062e-02 1.469736781585213523e-02 -3.541657836872092596e-02 0.000000000000000000e+00 -2.689778460675956370e-02 -5.432780112792912931e-03 8.138918565487814061e-02 7.093747628611477181e-03 -1.610125792857036719e-02 -2.465067755121370593e-02 -3.925365795662814211e-02 -1.224479893117275770e-03 -7.000920034486822485e-02 3.019350961152763094e-02 -1.418839744025007614e-02
3.543058916416655379e-02 5.243222462850484489e-02 5.574966545543157126e-02 -1.024607030331757956e-01 -9.864460475870240330e-02 7.420210921574368901e-02 7.657540857813523172e-02 -9.209297207234018456e-02 -5.521030312120737277e-02 0.000000000000000000e+00 6.164014458990923172e-03 1.375034170952204038e-01 -2.070093033573206301e-02 6.763304569796421695e-02 -2.248694632911405270e-02 -3.170067278957747203e-02 -1.030345250011534541e-01 -1.416223669274494223e-01 5.323755451633185865e-02 5.279622532161750564e-02
-2.818823191096911721e-02 2.728291046413016882e-02 -9.822903737352467468e-02 6.472257589869122307e-02 2.283797155420970535e-03 9.710257073515671244e-02 -7.889428405619823559e-02 7.446166856461208794e-02 4.785310098202352064e-02 1.518819769463758580e-02 0.000000000000000000e+00 1.574163476310050727e-02 1.787075872896071865e-02 -2.591734069126851517e-02 -5.483247550144815241e-02 -8.205221078260539758e-02 -1.682718051889289454e-02 4.939952211774051305e-02 4.828368446879161696e-02 7.934815033479530877e-02
1.358021052067226800e-02 -7.794236873278838351e-02 -3.393553846359879944e-02 -5.985912106448883913e-02 -2.314833286461182374e-02 8.497087455394917999e-02 -2.677540418368786271e-02 -4.866218713360907951e-03 4.623724110514813856e-02 2.893755581881382599e-02 5.279730112104599749e-02 0.000000000000000000e+00 -5.291081402259530803e-02 -7.466176696695406290e-02 4.246522943276527517e-02 -1.356609774291702396e-02 -3.262351300529969800e-02 8.306673407719361579e-02 -2.416244250261279786e-02 -6.851328847313660486e-03
2.779912374610945831e-03 -5.412579381222187153e-02 2.169044619236770721e-02 1.572950610582942235e-02 -1.302373107816051472e-02 1.532942212903631342e-02 -2.469710392925308223e-02 -3.930814174726848104e-02 6.583095230367932982e-02 -1.986407719250846832e-02 5.410280258033477174e-02 3.284909140660096510e-02 0.000000000000000000e+00 -2.569896678765784884e-02 -9.666806765818092284e-02 7.967806485414130353e-04 9.303905040172102958e-02 1.034184316753349736e-01 8.701924756715855025e-02 3.911703518578672073e-02
8.639039198795120389e-02 -7.035762281990620703e-02 -3.997344885933296066e-02 -5.432408756720828735e-02 8.766508885777972784e-03 9.152359906833759662e-02 -1.673552712525002914e-02 3.761867088457101355e-02 2.113979888877639754e-02 -3.394176941599987701e-02 3.433966666673189672e-02 9.035517341072968334e-02 2.105717090038256717e-02 0.000000000000000000e+00 7.993921951615873267e-02 3.266409070505299495e-02 -8.422083976821865062e-03 1.315229425161201782e-01 6.046107452186454730e-04 -1.233072513372866991e-03
-8.676560669689260472e-03 4.591568064821098527e-02 -4.710636236338542476e-02 2.905526973069869068e-02 9.306186199997382169e-02 -2.100516301796191351e-02 -8.981529856075165519e-02 5.919140707520770955e-02 3.031652475636343116e-02 3.977775332061080082e-02 3.511720587052466480e-02 -2.896399085257978304e-02 5.305403755196709190e-03 -5.739189711738928307e-02 0.000000000000000000e+00 -2.081933757355673362e-02 -7.652359293206557889e-02 -4.335282168820970422e-02 3.029768432488139226e-04 2.458550817263185570e-02
3.765755746035095650e-03 5.657751468845830661e-02 6.124403988434423685e-02 4.386801009896805492e-02 -8.720589190175505323e-02 -5.501136287323980106e-02 2.771783783466832615e-02 -1.490903291216551241e-02 -3.678294921920329170e-04 -2.661596377330644261e-02 -4.541543229335051612e-02 -1.090763078631763576e-02 1.514448350077004894e-02 -5.076832806975271201e-03 -1.709012033453456356e-02 0.000000000000000000e+00 2.679943975588828034e-02 2.337109956310721992e-02 2.641245553658900375e-02 2.040256353242135903e-03
-8.869842009487191592e-03 8.968980865652143031e-02 2.274595935082389039e-02 3.289057614783014866e-02 -2.804472868843556690e-02 -9.213248488696429428e-02 -2.895954648251557878e-02 -2.706815634704412554e-02 -5.461231655937750368e-02 4.973211103146615852e-02 -2.696765860316145680e-02 -4.294624995040993709e-02 7.529849876784558416e-02 1.453352399925574197e-02 -3.331547997856416227e-02 1.229167958949717587e-01 0.000000000000000000e+00 3.973109429822003352e-03 -1.479152300630256350e-02 7.295824668962028192e-02
5.144203491054474137e-02 -1.050432990587829435e-01 -1.608384664070405118e-02 6.411697423310605548e-02 2.262044905476644566e-02 -6.671516126185600415e-02 -3.637636080439774627e-02 8.745766145927845459e-02 8.961565447651906324e-02 -5.595576276435255958e-02 4.153366542770364767e-02 -4.201211355908688466e-02 6.718052675120227135e-02 -1.494548577529860034e-01 3.009632951331376108e-02 2.338664640078531518e-02 9.412313241395073304e-02 0.000000000000000000e+00 1.884393872097813241e-02 -4.730609986323312116e-02
5.231863926793076797e-02 2.745892708493597768e-03 1.211148612592728852e-01 5.299731781608200271e-02 -1.548821717588892977e-01 9.247586248911289497e-03 2.554091109453408143e-02 5.389158967857379801e-02 2.817500037633380999e-02 -4.658047327426113188e-02 -1.002081205639647477e-02 8.965880836399275911e-02 -1.455321858920812818e-02 2.711513707667713088e-02 -5.968081884726297165e-02 1.029531647981276610e-01 9.540435432275386207e-02 1.083953604259431207e-02 0.000000000000000000e+00 -1.488789713078241157e-02
-1.471784502488143178e-03 -6.086479540033362320e-03 4.424034515535234247e-02 -9.567407254884514878e-02 -4.221554522642667617e-02 -6.586761631519345850e-02 7.317878419512936772e-02 -6.559812182361546284e-02 -6.728808945926026061e-03 5.321209927335964623e-02 -9.215069082205787354e-02 -1.088390629922974251e-01 -1.138568973854943850e-01 3.072158449334611366e-02 2.635632680960910135e-02 -1.808706629378296904e-02 -8.721329030819142958e-02 -4.663822406904864076e-02 -9.658538561280193002e-02 0.000000000000000000e+00
