0.000000000000000000e+00 2.618932621006229543e-03 1.052952153588753992e-01 -1.167889556690354935e-01 2.888626298872640913e-02 2.624226610490307254e-02 4.483035943779907495e-02 9.576196695908856249e-02 1.531812273973057192e-02 -6.932515329541154292e-02 9.817855563359522558e-03 -5.524141056265912536e-02 -1.023028376080697965e-01 1.161643188062714584e-02 6.295097679119600331e-02 -5.338372363717534125e-02 -1.278789818689247699e-03 1.572781202820187907e-02 9.863278392153776442e-02 -2.026367692718531247e-02
-1.842536157364562180e-02 0.000000000000000000e+00 -2.804681515562250024e-02 7.426898238335535862e-02 8.698231721178176917e-03 -3.405047440015651627e-02 1.010109368984808409e-01 -1.228101757745445055e-02 3.026539914540831225e-02 -5.370907646781876432e-02 1.088164696209715371e-01 1.871106339737489688e-02 -1.253936468749916600e-01 -4.292947755866012571e-02 5.954626233267031749e-02 -1.320856744758214588e-02 3.903535329763022088e-02 4.727985939565578638e-03 -2.905748512111450826e-02 3.690267553543524759e-02
2.574016128463333872e-02 -8.627138946165402444e-02 0.000000000000000000e+00 -7.001714761866947856e-02 4.728033755621849354e-03 -7.157964837185951112e-02 -9.242236361359018604e-02 1.615900787686591900e-01 -1.291386553763056444e-01 2.144324980144790560e-02 -3.119072277954733699e-02 -7.352733103713821050e-02 -1.147474030848394805e-01 -7.818672146839754367e-03 2.542249786317881885e-02 5.649983868310632512e-02 -7.938053851720708320e-02 -6.307937386041509442e-02 1.005445737062427153e-01 -8.689194676071301804e-02
-3.906699710683063376e-02 6.076695379044803891e-02 2.924905185291250872e-03 0.000000000000000000e+00 2.869944699400887519e-02 -1.712463984916166165e-02 -7.026804667934254123e-02 4.227370002745966908e-03 1.547653732164601913e-02 4.685635202459873666e-02 -5.210515944469676364e-02 -4.964550310897318519e-02 -6.983937208462476232e-02 5.362041683435185557e-02 8.767275493968043273e-03 -3.829635723048067930e-02 1.200022477811149221e-02 8.807099062367083897e-02 1.015891158508875070e-01 5.108982104259908452e-02
-1.841501646469686226e-01 -6.958340831156848566e-03 -1.965685913157504908e-03 6.172648558561028703e-02 0.000000000000000000e+00 -5.578118294745641054e-02 -1.412721852035912773e-02 -7.165183432282913600e-02 -3.126344386858965346e-02 2.647426641750285151e-02 6.321422215891073226e-02 6.438363870087671081e-02 1.088149381362705365e-01 -1.893301286969153660e-02 -2.989099694321846815e-02 -1.089126166186189376e-01 -5.143204967234280695e-02 1.380453676958738954e-02 7.825983010708667531e-02 -5.026885105712581951e-03
1.218870112880684059e-01 -3.661211185138281421e-02 -9.227137477006350230e-02 2.848003348895746054e-03 -3.232022969869025736e-02 0.000000000000000000e+00 1.469433715983158584e-01 -1.512068662117021720e-02 4.993679675968330095e-02 4.893318222569228299e-02 -7.375207248646607761e-02 -6.604248791260428075e-02 1.239333449909477136e-02 -2.411377804066073410e-02 1.036877208836672198e-01 2.192290563525449432e-02 9.029293055943379831e-02 9.262433365056714496e-02 1.759694849982001291e-02 1.970401259604620189e-02
1.866400564442926777e-02 2.001488784883544148e-02 -4.342906252561266889e-02 1.253756374598629167e-02 -4.841092019728503171e-02 5.793794081872302715e-02 0.000000000000000000e+00 3.949789818391766932e-02 1.651938666893162586e-02 -2.365016415314985174e-02 1.374390380005748209e-02 4.268800862971568882e-03 -5.657492431354139290e-02 1.422506150650060773e-02 2.858832282797323099e-02 -7.907563198565926987e-03 1.741877963261889706e-02 4.035309939908398452e-02 -6.197433937024802303e-02 -2.966969361756825393e-02
-6.122365441382719015e-02 -8.294660079799894697e-03 -4.175238252335616157e-02 -3.263436602220832431e-03 -2.145756454132710309e-02 -5.016960299131158901e-02 -2.802727355906550408e-03 0.000000000000000000e+00 1.981764367289363254e-02 6.715250615411698897e-03 2.889697554095401258e-02 -4.772240958265588223e-02 2.101860088654856559e-02 -1.296810764152716081e-02 -1.832458457438873589e-02 6.316278912692993575e-02 4.958463472686564996e-03 -4.470471330261766019e-02 -1.535148369551602443e-01 -1.186462623858844032e-02
3.788354592567266810e-02 -3.628214043302802755e-02 -4.391679622343177408e-02 -2.866168268701850194e-02 -1.814584856967662446e-02 2.790377874773580097e-02 4.046075374706854105e-02 7.513609038948612651e-02 0.000000000000000000e+00 -1.957696059806979250e-02 7.870573675676031250e-03 -2.781006137263967656e-02 2.115991804466626700e-02 -3.792771004297614684e-02 2.834495657119102605e-02 -5.126363312042987903e-03 1.075875208974665619e-02 7.668131879156377118e-02 -2.179701072110561827e-02 4.758867061587724462e-02
-1.039633045140218870e-02 6.921171241219165569e-03 -6.988916771211772794e-02 -3.106483234489786430e-02 3.949370999799645121e-02 -9.134424569323812415e-02 -2.979210850058881463e-02 -4.464974742492206633e-02 -3.810735602443133391e-02 0.000000000000000000e+00 -2.847415616245570907e-02 9.409867014430665574e-03 1.628196564714871619e-01 3.585996731904059209e-02 -6.563660258714866524e-02 2.124722576577766850e-02 5.267308602730990524e-02 -1.478102831253617737e-02 1.645738093658057760e-02 1.783616011633853971e-02
8.245379573200878331e-02 2.105400264995735751e-02 2.991816938661559164e-02 -1.695915391456585125e-02 -4.931804353558642134e-02 -2.066002686992053639e-02 -3.907618843821521887e-02 -6.572405403492069531e-02 -3.308642460664965035e-02 -3.585026105333405377e-02 0.000000000000000000e+00 5.845527899616666245e-02 -5.406133499759600836e-02 -5.050788848449891399e-02 1.638542613085479036e-02 1.598684064598814708e-02 3.371525378857084809e-02 2.839111731345535933e-02 4.016365196327471160e-02 -5.128413847806280457e-02
-2.294025097160232174e-02 9.904230734211606421e-03 -1.582072631011096839e-02 5.022507366810120832e-02 -9.111497038736746101e-02 4.863919708244825169e-02 5.184935056866681394e-03 -8.658847439480982233e-02 2.377064067815044465e-02 -1.262805761674845595e-02 6.197122475954531390e-02 0.000000000000000000e+00 5.145198258567658389e-02 4.169175078585037053e-02 5.774010081934317917e-02 1.893446526483458930e-02 -4.541361594835176263e-02 5.004038093279899319e-02 5.833608061681557627e-02 -9.458741552711587286e-02
1.149477496818720502e-02 -2.304969881721731159e-02 4.961136824967369435e-02 -6.501718498459189803e-03 -3.726914458045736678e-02 -8.126971137948128809e-03 5.372302038087619497e-02 -5.521653168376250420e-02 -7.151301492659589698e-02 2.327173157798998956e-02 -9.343111453981214898e-02 4.228914938389255473e-03 0.000000000000000000e+00 2.139715237886953558e-02 -4.305863163458976961e-02 -1.428716211767966371e-02 -2.275205501501182531e-02 -8.954211212278150034e-03 2.778970908294579184e-02 -7.065018786635493542e-02
-1.966220956523587540e-02 8.395554965952595206e-02 9.717645747313428950e-02 3.582081087872563546e-02 8.166593012646886085e-02 -2.683983750834174377e-03 -8.327423026749081192e-02 7.782006775612106825e-03 -8.704639043630531259e-02 5.930688170270897140e-03 3.461159225993996891e-02 -7.005867105556615182e-02 -6.429182077523892813e-02 0.000000000000000000e+00 -1.229001178937318556e-01 -3.885516022154916066e-02 -9.922600947413291739e-02 -4.288884787551960898e-02 5.243006219739001356e-02 -1.173270376725847469e-01
2.561942477364641951e-02 1.025137524770451322e-02 -1.339794020681951171e-02 -5.303724971187907811e-02 -4.233300519698442177e-02 -1.469635352630804803e-02 7.240322533165785557e-02 7.716726279799905608e-02 7.945432592988430076e-02 -9.103040764594898249e-02 2.470227427646428178e-02 1.782631852390179419e-02 -1.030870057372764437e-01 -8.342974902032242179e-02 0.000000000000000000e+00 -1.904896210678503829e-02 -9.474901910949394893e-03 1.160668003265468706e-01 1.373385286596922987e-02 6.795984480157113428e-02
2.988211315061028300e-02 6.701066139123459942e-02 -4.561505629351186170e-02 5.267216807537771633e-02 2.154955801214100686e-02 -6.789452566577909576e-02 -3.562622744637122894e-03 -1.105310818640739684e-01 9.497609656594775684e-02 1.519365544397721923e-01 -8.302513570021077816e-02 2.756619607652202250e-02 6.699551796068727028e-02 5.753012791162440132e-02 2.055093664132062736e-02 0.000000000000000000e+00 1.416498169510603533e-01 -1.249556768386956250e-02 4.512950065865267701e-02 4.748665425391271344e-02
3.243257716871365132e-02 -4.567797668528578853e-02 -9.989385764449293294e-04 -1.977212305589831284e-02 -4.631743950587333819e-02 3.522709325954768295e-02 1.772715951659866243e-02 -5.531494404500707229e-02 -4.691153195114662611e-02 -4.745850635929221156e-02 -4.547059317530568329e-02 -1.054221580616026936e-02 4.741493179895049648e-02 1.156630061644701168e-01 -1.648076133724138762e-02 -9.558399013273682909e-03 0.000000000000000000e+00 1.133990675515100452e-02 5.834204311290441813e-02 2.376344198051228481e-03
3.977823875696770428e-03 2.623972700588504767e-03 1.528007991480511037e-02 -3.773171852271305776e-02 -6.643501033903136122e-02 -9.056107201082710945e-02 -1.861386538820745604e-02 7.157962674108647727e-02 6.687781080193261340e-02 2.598441110678346641e-02 1.009703897427751719e-02 -6.969009180467071463e-02 -2.173657719968165314e-02 -1.475238909141697412e-02 2.107318277170706217e-02 5.860570036024757845e-02 -1.688767296778923357e-02 0.000000000000000000e+00 6.457635931035085597e-02 8.845672891428077445e-02
3.789633021269830232e-02 -7.258936488591233305e-02 6.559413535300331888e-02 8.368150100124888613e-04 8.913246279606422753e-03 2.928451995585831455e-02 -3.217404240209459365e-02 2.599057165748353687e-02 -9.077734859748017027e-02 3.539996218582995569e-02 -9.178125458633970557e-02 -7.436045183145016668e-02 6.753169134705194754e-03 4.044560606141602704e-02 2.528587292498874969e-02 -2.144056788077929737e-02 3.184166944009054340e-02 -5.827156740987544763e-03 0.000000000000000000e+00 -1.740951260007049875e-02
-6.342399676429186228e-02 -6.558970761484769763e-02 -1.591569149047329657e-02 -6.266446296865071930e-02 6.751163848645161392e-02 6.175646729900417797e-02 -6.984375527893074698e-02 -3.086196512791324065e-02 -2.212534953638943536e-02 -1.928958582648545791e-02 3.230984908803422734e-02 -1.164260492120377383e-02 4.640020457751848487e-03 3.705679924912693574e-02 1.555027663320247486e-02 -2.002519835112766267e-02 2.388902901181650870e-02 -1.733023580374937894e-02 5.912052844972956510e-04 0.000000000000000000e+00
