0.000000000000000000e+00 2.532211136637833870e-02 -3.625320023969080645e-03 -3.084439525895963860e-02 2.643931227120841290e-02 -7.361882772910043060e-02 -5.358300670673264016e-02 -7.135564447901826535e-02 -2.766064239722329857e-02 -4.779834933086440224e-02 -1.593407244216580448e-02 2.885165755001573018e-02 2.467820165460411080e-02 1.717673418873419747e-02 -1.887192526278146099e-02 1.147108465833804672e-02 4.683892699033804195e-03 7.106701466358039676e-02 3.805188069958679448e-02 2.510767988714991943e-03
1.674269385246293564e-04 0.000000000000000000e+00 -1.373208662121065118e-03 -5.192513259879230625e-02 -2.132111678220782736e-02 -1.100929736800595748e-01 -7.460043410136948938e-02 5.854195922346372427e-02 6.141490942674186770e-02 7.064602409040013353e-02 -8.029137081066378689e-02 -1.099060489135588875e-01 -9.864445980026219363e-02 -9.991954474071992887e-02 -8.391861063254946879e-03 5.628164283825265110e-03 -2.728703232151225705e-02 -4.461302428414274518e-02 -5.001749484326046408e-02 8.727858937208995971e-02
3.038694301281287535e-02 -4.660936265283396190e-02 0.000000000000000000e+00 -1.739915707207197876e-02 -3.898429130837445522e-02 8.825250513303921351e-02 -4.731150146700086045e-02 -2.254922354505542459e-02 -1.799785739889685210e-02 8.016148245774136483e-02 1.224430473152232218e-01 3.524596030111749878e-02 1.226779118334332258e-01 -6.265178645928039247e-02 -1.114276458469293761e-02 7.783983582572585880e-02 5.285205511148476261e-03 4.428102151538435699e-02 1.005239776124585045e-02 5.477489245466377749e-02
-6.026885042614389502e-03 -7.206898866234197343e-02 -1.345278797178235848e-02 0.000000000000000000e+00 2.374602842438085920e-02 -9.597396587031868653e-02 -4.806705739361392254e-02 5.245248439491494163e-02 8.859392036181279765e-04 1.222655297133205116e-01 8.510971466767155297e-03 -1.555645897125529087e-01 6.319997384745826285e-02 6.402899411742013838e-03 6.117154513957809986e-03 -4.692598460672173233e-02 -7.598112053771382060e-03 2.666355360711154462e-02 4.118670914014098405e-02 -1.519926544518812074e-02
3.290684156580610947e-02 2.257773427299276936e-02 -5.232167403002412759e-02 1.544557872568213435e-03 0.000000000000000000e+00 9.489758785317051193e-02 -5.904559351783155753e-03 -4.292347977642708978e-02 6.886602795728012649e-02 4.791937914724130748e-02 -3.923592331853965193e-02 -6.163345757225743154e-02 8.562545020200854062e-02 -8.990270811800200879e-02 -2.589501263639693712e-02 2.387923443371420956e-02 -5.739634512500224606e-02 3.810219300280470039e-02 3.046253309131539966e-02 -2.537694753764446406e-02
-1.061317502283604247e-01 -4.205021954216297403e-02 -1.456590634595705466e-02 3.537270686824262739e-02 -6.382184189702545807e-02 0.000000000000000000e+00 -4.745208034473922393e-02 1.144082882428105880e-01 9.953246616107928879e-02 7.494035801109810713e-02 4.070720900308910217e-05 9.406630236697814673e-02 4.385719255052723115e-02 3.393767650019837573e-02 1.246446810040001017e-03 -3.732528134389721808e-02 3.260821161428408520e-03 1.326921088365380086e-01 3.693015821697218093e-02 2.458712879501192758e-02
-1.248965839786166446e-02 2.781823238018646047e-02 -1.967722884708811987e-02 -1.588856477456393815e-02 -1.488828809202641292e-03 -2.115084439365614091e-02 0.000000000000000000e+00 -1.503279836707323465e-02 -2.669930070972101679e-02 3.119321973651074595e-02 1.947381765526910377e-02 -1.577475192562791950e-01 -1.023433233288736227e-02 -1.899084234494021611e-02 -5.445909316376207863e-03 7.800720221543656907e-02 4.975897467237735440e-03 -4.044694901433327355e-02 -4.743320956362805790e-02 2.451316471223677698e-02
-7.584526113068716657e-02 -4.537361831128856014e-03 -1.644032002183155178e-02 8.624782419798186772e-03 -2.121004618652994750e-02 -5.153833602951644888e-02 -5.825779290740381450e-02 0.000000000000000000e+00 -4.579299550532366092e-02 6.929038803785013412e-02 1.826695802342655217e-02 -5.705100170523497161e-02 3.467183250166266939e-02 -2.066576613087170097e-02 1.016982136619107302e-02 8.086777273179146519e-02 5.709702191020134959e-02 -6.247430977273633890e-02 1.254104372517822821e-02 -1.971095113401331173e-02
2.647154555038497281e-02 3.761576189199498932e-02 -7.034375221442160098e-02 -2.158023306768322436e-01 -3.861405553956866188e-02 -4.749702344814957927e-02 -2.246824778966271044e-02 8.896487108153910972e-02 0.000000000000000000e+00 1.010660694517997830e-02 -3.748606858900547373e-02 6.672409314882753184e-02 -6.172611851631314844e-02 -6.770998272990662314e-02 -4.884851643144069201e-03 1.983165473988244762e-02 -3.624265298798536039e-02 6.898912826450127878e-02 -1.283113673085733465e-02 -8.286772084851611042e-02
-1.272707153716938766e-01 3.289846914941180894e-02 3.323281372603885397e-02 3.575144198324615302e-02 -5.282232672265671503e-02 -4.204165419613270505e-02 2.933827429900822195e-02 -9.236267388376726006e-03 -2.352004896523071913e-03 0.000000000000000000e+00 6.293198934583063564e-02 -6.294051079232017287e-02 -2.510961212653543134e-02 1.492750402084178953e-02 -2.052147345329817518e-02 5.495988227440880974e-02 -5.151399001332991612e-02 -1.200252231396686450e-02 -4.037782231748830025e-02 6.825538441969672410e-02
1.645419612178591548e-02 -2.479735781115892032e-02 -1.981405397149182956e-02 -6.082943583093523843e-02 3.820031541879920223e-02 1.015412068031608140e-04 -4.617418824614845027e-03 2.266111080797733948e-02 3.095267970230158872e-02 -4.121390462740510269e-02 0.000000000000000000e+00 7.283820244637545516e-02 2.186408660372064078e-02 -2.994293269101624966e-03 3.046227561068771961e-02 -1.850571558154030100e-02 7.852639522345643275e-02 -1.019297029025068371e-02 -1.015473060041496151e-02 1.367668038886909673e-02
-2.043061660302259927e-02 -1.767555493897209756e-02 -8.294863815607452862e-04 -3.407947678115234857e-02 3.060496359346763506e-02 3.134980434283723971e-02 1.078715666483971436e-01 -2.096654270838481382e-02 -3.357809284013779649e-02 -5.037478891333957431e-02 2.565215857382851031e-02 0.000000000000000000e+00 -6.406466311172913375e-02 5.879921822680437421e-02 -8.296024557903305952e-02 -4.497334587942623113e-02 -3.643840139829909730e-02 -2.030898763836683912e-02 -3.140030507465067094e-02 6.954919797985462115e-02
6.562273018286092496e-02 1.508141343494011181e-02 4.093304831946799512e-03 2.353933408425907398e-02 -8.572389244111898801e-03 2.631394826320876054e-02 2.571678261326900902e-02 2.016934386897071413e-02 -2.012352206080950459e-02 -6.595854570247372539e-02 -8.548823519650164404e-02 -9.792352678133775523e-03 0.000000000000000000e+00 -3.082672008088403401e-02 4.736334726311584864e-02 2.848895710213947968e-02 1.349336190924212142e-02 1.429823812837014915e-02 3.047534985467201946e-02 3.562197076412155355e-02
-5.273248164521193715e-02 -5.735864197020777711e-02 -4.900940855316072292e-02 -8.692230115323277412e-03 1.082818253288929389e-01 2.835180028057950052e-02 4.496995873635398905e-02 4.872585986531335206e-02 4.425790812582264949e-02 -3.523824085567924674e-02 -1.164753279646320999e-01 1.296856173618111119e-01 -1.433369358433351712e-02 0.000000000000000000e+00 3.794106533080871674e-02 -3.993134247197701464e-02 -4.330340275272622635e-02 -7.620669659186964096e-02 4.186085652661911821e-02 -6.093832022644681684e-02
4.206034607931742608e-02 3.626416169355334285e-02 -3.424405723156780795e-02 1.045284875615425657e-01 8.345076516760929070e-03 -1.175006024644016378e-01 3.696730252871162359e-02 5.598081210744261516e-02 3.960437194729412441e-02 -2.553116736405393675e-02 -6.667239781057072989e-02 -6.731701390149567865e-02 3.450096117947031721e-02 -3.012922330907125135e-02 0.000000000000000000e+00 3.548168439327085977e-02 1.500138470033672827e-03 -7.401696610030385204e-02 -1.142559071188599812e-01 -9.047095954879054089e-03
7.667872272446037141e-02 4.382611298864873273e-02 -4.596474460037199700e-02 3.507234219080430926e-02 3.318557041365446415e-03 9.283867990304141976e-03 -6.511112509342140142e-02 -5.436883084907370017e-02 -2.601796090527242790e-03 4.650874459570571856e-02 -4.719704976912850181e-02 1.350272404796314324e-03 5.524613065133930634e-02 -3.068719685657314913e-02 -3.678320397042371404e-02 0.000000000000000000e+00 3.343936696673630721e-02 -9.083350532667769719e-03 -6.655204537105002816e-02 -1.881318008096334246e-02
5.672890663548390590e-03 -3.825860775696013870e-03 3.201943168699414310e-02 4.742480229941017228e-02 -1.770356633582396630e-02 -2.927159731229932865e-02 -1.146112252895657574e-01 8.174440990991143144e-03 2.247663737724972521e-02 2.636046513298738111e-02 4.955945837076815991e-02 -4.941406911383080386e-02 2.027102424047032628e-02 -8.661508040619220195e-02 -7.302150937876060455e-02 -9.015939907301435963e-02 0.000000000000000000e+00 5.052556916050144481e-02 5.683655887609265905e-02 8.256995523949270388e-02
-7.429976715004468768e-02 1.158990799615123093e-02 -1.619002593866450748e-02 -8.447024940292145387e-03 3.594119220186330760e-02 -2.617183131037579061e-02 -5.904455243987880714e-02 4.890960878713430243e-02 -8.888710774643248172e-03 -1.738429706383930184e-02 4.228612015827053899e-02 -2.047113324734145187e-02 -2.138020566366269706e-02 3.528967857898170947e-03 8.254427489919315131e-02 -9.263536464338818777e-02 9.135292448679056820e-02 0.000000000000000000e+00 2.457232386083425119e-02 3.681032519010332682e-02
-5.866388695155709543e-02 1.645408011055650432e-02 8.035274859029720163e-02 2.293415665491322850e-02 -7.907766010237096688e-02 -9.515385764264455010e-03 -9.391405536254386621e-02 -6.429585030391085643e-02 -5.776355683638312311e-02 4.015665469400703236e-02 1.038914516562937512e-01 9.600639320013118873e-04 6.492614853564371291e-02 -4.042462365908281591e-02 -1.741516723451028148e-02 3.089426119402842105e-02 1.429813771441618142e-01 7.128125569466517431e-02 0.000000000000000000e+00 1.488966104885073097e-02
1.544890737088291076e-02 -1.265210297837654312e-02 -5.013325795289354236e-02 1.381845521849639491e-01 -9.840541104923203330e-02 -3.135681680200039928e-02 -7.038941879482733810e-02 -1.159831931613449461e-02 -5.423496393839257086e-03 -2.044527209274718538e-02 -5.183575603944014752e-03 -9.227530797039432131e-02 -6.555735862701869698e-02 3.647921519057809037e-02 -6.870414557420718993e-02 -2.273535163036192758e-03 -3.682505905404908492e-02 -6.388820121257277052e-02 1.056029499196459338e-02 0.000000000000000000e+00
