0.000000000000000000e+00 1.042015020179370630e-02 5.848175206205089710e-02 1.144669471152347101e-01 9.642269138287083707e-02 -5.048406023621233168e-02 4.471863015164005001e-02 3.193372045256493569e-02 -4.805154012152897808e-02 2.272077052076669490e-02 -1.259328464531006206e-02 8.513889605069116517e-02 4.645375613774660462e-02 -1.492873725513888840e-02 1.324191205979705944e-02 3.093134933478935977e-02 8.241422879103044163e-02 -1.789550155283405053e-02 3.228043515549621108e-03 -3.552912647587118389e-02
-1.362187454496330274e-01 0.000000000000000000e+00 5.193760003256913532e-02 -9.785277752615129110e-02 1.026739429322165720e-01 -4.863628739903533976e-02 -1.205670869004852111e-02 -1.170115382144756681e-02 5.957437333345403513e-02 8.023858406022596479e-02 -2.641486284376887150e-02 2.739186094779141184e-02 -6.458562836188788681e-02 -1.120445588943427412e-01 -3.309475522220137883e-02 1.295002224518497676e-02 3.605264814917878702e-02 8.827333688943864165e-02 2.718221443473189426e-03 -1.068206766688046400e-02
-4.185004581107727717e-02 -7.778280039558603531e-02 0.000000000000000000e+00 9.735409759124255547e-02 -1.795648020043020404e-02 -5.591326349486766545e-03 -8.011358403902392455e-02 4.920529559697561089e-02 -1.050018533529523956e-01 -2.264323500652461532e-02 -5.412658256331379786e-02 2.673113470686503887e-02 -3.465481678230727253e-02 -5.435255960946218379e-02 1.481613775907023728e-02 6.215623403941627524e-03 -1.228785744962854198e-02 6.677069996388533199e-03 -3.924983370235141794e-02 -2.461066421275604973e-02
-3.031821200834668509e-02 -9.849487140048122924e-03 -4.152707355007477508e-02 0.000000000000000000e+00 2.659714890450006267e-02 -1.894179753445375536e-02 -6.727701735712336706e-02 1.919515269458538925e-02 -5.066995107588804365e-02 -9.406147455379740979e-03 3.242375425549846868e-02 1.274094808360422271e-02 5.343639224295312906e-02 -5.211265863990728608e-02 3.940027758293268567e-02 -3.681429562230745939e-02 -4.744207274493493498e-02 -2.860259901564333324e-02 -7.719168985631741364e-03 -1.636223962220777466e-03
-5.371087360686428031e-02 1.967580829539397266e-02 -4.995496385947843440e-03 -9.912322730211277355e-02 0.000000000000000000e+00 8.316167421398641679e-02 5.159967259620458491e-02 -7.532954210262887522e-03 -2.502535817026237119e-02 6.740073725229607515e-02 -3.123814955230299825e-02 4.378590128070172088e-02 -1.955850515521957884e-03 5.064565022051764620e-02 4.066779357580686707e-04 4.282396819519559972e-02 1.429078198537986691e-02 9.383805804793513006e-02 1.422740148285283647e-02 4.755876145735177946e-02
1.001052587201220201e-01 -6.831489078629579548e-02 -7.543556042676388684e-02 4.990151601866375103e-02 -9.056280261159713185e-02 0.000000000000000000e+00 -4.065385167305854419e-02 -7.773416966077265067e-02 1.182547424326947511e-01 7.650809370241551388e-02 1.284757043657203668e-01 2.619061858316401245e-02 -7.567837461210897600e-03 8.905952776034316287e-02 -4.486784139874501476e-02 3.634851775638652666e-02 6.731558290334715977e-02 -2.773448475949614328e-02 7.047913640117721423e-02 8.565503777808716745e-02
1.958653378323585784e-02 -6.216276077347808460e-02 2.038649368760342764e-02 8.723960423088197857e-02 -3.513212685680035946e-02 9.190185575352134012e-03 0.000000000000000000e+00 1.068809701748923008e-01 4.900447341424735322e-03 1.126194266056260856e-02 -4.153572742044069760e-02 4.565889807461268046e-02 -4.269606030334073543e-02 2.491170020047465440e-03 -3.968735033272944440e-02 3.239011959542636987e-02 3.850975816987561862e-02 -4.220282294228944187e-02 7.531833883289527388e-03 -5.886308338817258096e-02
-8.317611775213154535e-02 5.289602710842578395e-03 -6.379520880569995028e-03 9.855703402127120177e-03 1.013475383847781547e-01 7.360204720352578334e-02 -3.889545177102177176e-02 0.000000000000000000e+00 -7.487803049308125458e-02 5.609778373242599965e-04 -6.423620117058383497e-03 9.875574585124564930e-02 -5.934493847342194039e-02 -1.662029093936438773e-02 -1.790861495217988680e-02 -2.641342802402743203e-02 6.997877197867848065e-02 -3.626524504651668784e-02 -4.651549322899282968e-02 -5.441968902384226522e-03
-3.365090386075501178e-02 9.000156308367515678e-02 5.236277042452348873e-02 -1.692805391692315652e-03 -5.807836232081702715e-02 8.122332803554378755e-03 -5.579084138254039593e-02 -9.981942284644997054e-02 0.000000000000000000e+00 1.022021977863838034e-02 5.087513131295996055e-02 2.031913979259264078e-02 1.774651159673983417e-02 -4.156837859169079663e-02 -4.782562431680773690e-02 3.290580451196915140e-02 -4.197849098533473072e-02 -3.311707199796899703e-02 -5.065056185384786587e-03 -4.900035811758756202e-03
-9.138598320861703039e-03 -5.579280275211237483e-02 -4.071244447829328039e-02 -1.584205981629581705e-01 3.971596398019155982e-02 -7.528715831521444468e-02 -4.776451424458172390e-02 -3.760469852761056005e-04 -4.395620082524934191e-02 0.000000000000000000e+00 -9.012474697242477129e-02 -5.179878598146267499e-03 8.747123399518117468e-04 -6.763300612881326113e-02 3.299352203113955356e-02 -6.608571783610024675e-03 4.272995158553659356e-02 5.014366278862743970e-02 1.274513971009450519e-01 8.419182356519872013e-02
-2.374971288346643117e-02 -1.474031552891135084e-02 7.199977658644826639e-02 3.029906116458305765e-02 2.720914221303348535e-02 -8.124678755069165981e-02 4.236040694214748131e-03 -2.866929922013336518e-02 -1.617742633649420919e-02 -3.413231551283624904e-02 0.000000000000000000e+00 3.627074157536804878e-03 4.267117914834740733e-02 -3.406656725628334076e-02 -3.877661946258951359e-02 -1.945890348677484227e-02 -1.580205363131237384e-02 4.013155781946181437e-03 1.045277791415330504e-01 -6.569756011782558816e-03
-5.427012534777975877e-02 -2.430059464496882315e-02 -3.522039366466405558e-02 1.621745314659622447e-02 -9.390865690255736919e-02 2.173379266525705608e-03 -2.413481067624111045e-03 1.322586013362605888e-02 -2.767638506596888440e-02 -2.315144653278653972e-02 -5.344546515196626352e-02 0.000000000000000000e+00 -5.254668207299498933e-02 2.080189839979212224e-02 -7.428204346166102090e-02 2.963252421438307763e-02 9.095393195520991292e-02 -1.187141889396628874e-01 1.743590327369271692e-02 4.068128039958679443e-02
-5.390799175805181809e-02 -1.376890795944541585e-03 -4.125709171558586755e-03 1.073686415420370757e-03 4.592498630650093325e-03 -7.393843778088345087e-02 6.096556981540979941e-02 6.797261556313170805e-02 -4.432272614495839924e-02 -8.161877415189776330e-02 1.454966765622608092e-02 -1.164217214213637830e-02 0.000000000000000000e+00 -2.089602805531389634e-02 4.288041516657424557e-02 2.821531867049173817e-02 -4.112904621488711054e-02 -6.448000905480182066e-02 -9.173453388152570664e-02 -2.932236137413087376e-03
-5.801260570006103873e-02 -3.561922349502575497e-02 -5.845217843832541810e-02 -2.564848042330739389e-02 -1.027362718934497487e-01 -2.983803458551989932e-02 2.813996137340345552e-02 5.009328220932840990e-03 9.805272305566116106e-03 -8.882588124875655244e-03 4.937405547661816163e-02 -1.725727077448892532e-01 1.025782646498501482e-01 0.000000000000000000e+00 -2.827601840067423336e-02 -4.957580032077481269e-02 -5.437576128250919821e-03 1.581633271733168256e-02 -1.087664322716767884e-01 1.014230919175709011e-01
-3.381312389487733938e-02 7.178423498337443975e-02 -4.947474122252361328e-02 3.674064298456879846e-02 4.611949092634006625e-02 1.155897807033989463e-02 -7.090346760883506350e-02 5.012283942767004064e-02 3.693910296651462671e-02 6.791446345112517324e-02 -2.450248720850441847e-02 -3.903987859217664721e-03 1.104471402552720527e-01 -8.289445752910970522e-02 0.000000000000000000e+00 6.020630554991120847e-02 -5.587847112352993181e-03 3.128748845576490023e-02 -2.352538725670343805e-02 2.800803023874341713e-02
-8.419763748300285178e-02 1.074234929532328631e-01 3.129926883854086163e-03 -7.226592897945974259e-02 2.904588795664081458e-02 -1.581428113927584728e-02 -7.275499909515947827e-02 -1.007117533873378434e-01 5.358919217082277336e-02 3.952660251099469543e-03 -1.496129475930151054e-02 5.579902567393933699e-02 -7.956597693240784197e-02 -4.138348391055660797e-02 -3.135528983126670277e-02 0.000000000000000000e+00 -4.558507315640156210e-03 2.851398494079602532e-03 1.148657385020207186e-02 -2.676427242065051049e-03
-3.526807206435608050e-02 -4.565303467070302296e-02 7.304642881193516672e-03 -6.611436671703116441e-02 -3.205993123948695095e-02 -3.259965536732332275e-02 -1.115976003398896910e-02 8.738313355176700881e-02 -3.755820125013475258e-02 1.768917173133829554e-02 3.324195470123989665e-02 -4.047294693438580060e-02 -1.494348741732545770e-03 -6.112122611908507586e-02 -1.205360430999399685e-01 2.011933355401375901e-03 0.000000000000000000e+00 2.267421497598462454e-02 -1.171441122053610770e-02 6.289736878578744417e-02
7.318548148993268831e-02 -8.232860562062417273e-03 -3.220874879423239051e-02 -6.253368461490346752e-02 -1.364798538353886176e-03 -2.186380901679002564e-02 1.137445779013979358e-03 -1.004377424963043969e-02 3.944872817862628972e-02 5.538218354945908736e-03 -3.871622439801067350e-02 -6.412633739112397202e-02 6.845703349935385040e-02 -2.528876345809214291e-02 -2.482731982151229443e-03 -3.130089341281857424e-02 -1.064160622829524172e-01 0.000000000000000000e+00 -2.547289723419657315e-02 1.105858696056145028e-02
1.986327976462485059e-02 5.811709311547104059e-03 5.068543470589798039e-02 3.482217738732824863e-02 6.717284678859444802e-03 -4.070276520685945157e-03 -1.061269801810561797e-02 -1.875779120328370173e-02 -1.435089087605600187e-02 -5.996988298235107762e-02 3.109552932168526199e-02 -4.113919179877264382e-02 3.763648044142163529e-02 -2.163128451749089451e-02 3.618696072264432090e-03 2.845136135377657888e-02 3.531057302512061180e-02 -7.411910578193683929e-02 0.000000000000000000e+00 3.508792337545310613e-02
-7.576627074972579201e-02 5.012207432339436941e-02 -9.847630672548045305e-02 -1.073350120521969625e-01 -8.388320463234822354e-04 -8.817093203294841530e-02 -4.182608024080165104e-02 -1.023374538072828743e-01 1.078911235585549994e-01 -1.322049555917162401e-04 3.056580587933929380e-02 -3.769280185451258369e-02 -9.032143043990090506e-03 -9.739182787221574433e-02 -2.673083335917247894e-02 -4.270697402778610846e-02 1.602379277796028151e-02 7.040437781773324633e-02 1.014730006765885567e-01 0.000000000000000000e+00
