0.000000000000000000e+00 -1.016912949306851138e-01 -3.677668252514720848e-02 5.920749045691840046e-02 1.831811557027025056e-02 1.042103131578805270e-01 -1.120850856659623002e-01 1.592797312372729382e-02 5.986092684182272444e-02 2.253955375858550207e-03 1.208269098911760597e-01 -5.839759125530809974e-02 -3.604320939380845773e-02 -1.227469781211144029e-01 -2.233402341605432960e-03 -9.644339313555665150e-02 1.276432476912043035e-01 3.994112916172463251e-02 1.057851522426365432e-01 8.510913140997085347e-02
-7.380455286981366103e-02 0.000000000000000000e+00 8.944062299220031931e-02 -6.169033323098568888e-02 2.422946836141159910e-02 -2.179102706791525776e-02 7.688920433900141641e-03 -3.323794163502399174e-02 1.930748276513861300e-02 -1.496796349384050401e-02 1.863562211607806135e-02 -2.079817330847013798e-02 4.356284613840449849e-02 -4.170387147491914220e-02 -1.660976511611836348e-02 -3.894980530486814169e-02 -1.452899343134887201e-02 -3.758510473759734544e-02 1.563594039299328470e-02 1.623817872261637887e-02
-4.414830906685354717e-02 -2.717356432323941862e-02 0.000000000000000000e+00 -6.447375861188468608e-03 3.146588083919431376e-03 1.078407359789452895e-02 1.617568602846007489e-03 6.658026946513526112e-02 -5.872288288647039417e-02 6.793336871543723121e-02 -4.709833057719373800e-02 7.804430261509273659e-02 2.881330833686876133e-02 8.317422994857197327e-02 7.819926073159043367e-02 1.607735170140733305e-01 -8.566075862994633472e-02 -6.832509847068289621e-02 -5.113873683390365160e-02 5.341903919741476658e-02
1.548115847900543574e-01 -7.079824471364452865e-02 -6.845062466126564105e-02 0.000000000000000000e+00 -1.004976105680734262e-02 1.850830326675413293e-02 -2.959501997827184566e-02 -8.253297800540144308e-03 4.004302741116372300e-02 3.767530569934081364e-02 -1.674034767993159284e-02 -8.170292922922924028e-02 3.768145731762807121e-02 6.661441395971581803e-02 -1.817684712402397110e-02 2.961642473521759744e-02 7.271587075313798443e-02 -2.899334322174726766e-02 -2.863131860692254282e-02 2.039927520422390311e-02
-1.424310109248796974e-02 3.359240468969816595e-02 -6.011591224746080930e-02 -1.265796405185358638e-02 0.000000000000000000e+00 -3.331821554217803683e-02 -9.202628116063590186e-03 1.042135645443193967e-02 -5.781548480952190469e-03 -1.250230755560603237e-02 2.847104802650637229e-02 -1.352148934331055818e-02 -4.921870037507901363e-02 6.222998824486852126e-02 -7.634132884540590150e-03 3.378851796429842638e-03 -3.276436298756880972e-02 -8.193015197163626417e-02 -2.283705854097250673e-02 2.659178646683110596e-03
-8.378022385883435175e-02 -3.756849576449291551e-03 -5.083541168552073442e-02 4.344943757065022893e-02 1.331126209202813382e-01 0.000000000000000000e+00 7.880183645200869447e-02 -2.400305165072777469e-02 -8.139622604148535889e-02 2.777534505296532646e-02 2.771744116952672490e-02 7.080872911546161330e-02 -3.262675399616798890e-03 4.692990512327167851e-03 5.797684357731492516e-02 7.297942030651947964e-02 5.907407456130217560e-02 5.546285518296347654e-04 7.929434391967031537e-02 -6.654728776509773180e-02
5.190361331807889084e-02 8.633599736213998233e-02 2.934054851247168416e-02 -5.182859480370819241e-03 3.998895470459448015e-02 1.518876204368126495e-02 0.000000000000000000e+00 -4.618333776254764794e-02 1.032784560547098246e-01 -6.701851665015361170e-02 -3.205317800092395177e-03 -2.647468135829279465e-02 -3.909680069475764824e-02 -8.926036175638507250e-03 -4.511790010995957861e-02 -7.050808765195728384e-03 1.268976241629924014e-02 4.316230043169721337e-02 -3.803575447987909974e-02 3.575867743501025264e-02
-5.696276470332558434e-02 2.204728858800560423e-02 9.373489218420119617e-02 -5.898651930372532382e-02 -2.427651759394426970e-02 4.342233086353216448e-02 -4.601542267493775179e-02 0.000000000000000000e+00 1.359872381027188567e-03 1.240779170440874622e-02 3.771856180913841367e-02 2.593385565047133176e-02 1.004550602085711036e-02 -4.494398256647497841e-02 1.229252248962427706e-02 -1.780861112613604759e-03 -1.132016200331197216e-02 3.051942077873007891e-02 1.412503795668766139e-02 -5.479594774807871466e-02
-2.108954750729519212e-02 -1.495881000808532979e-01 2.953949688699632203e-02 4.401467221915530276e-02 -2.341456051485230061e-02 9.171860601977077643e-02 -3.525484141748899680e-02 7.928851093629671332e-02 0.000000000000000000e+00 8.231819575905789665e-02 -4.974724683509131745e-02 -2.798458437258046771e-01 -1.117863017947138965e-01 -2.848184229202163978e-02 7.422807928144297546e-03 -7.667655991731872622e-02 6.115928984843351651e-02 4.345791319738085551e-02 -9.637208083003100459e-03 8.807766628142459087e-02
-1.718097726432233838e-02 4.528463176176152072e-02 -3.499781703989091053e-02 -1.551886370726295560e-02 1.886716234398469125e-02 6.843457649742298865e-02 -1.554740814994313124e-02 -9.942216965961714337e-02 -1.081660841836174919e-01 0.000000000000000000e+00 9.396537138207329207e-03 9.522832876835338883e-03 -1.457990941925619947e-02 -1.456085057584282083e-01 -2.920809426145249896e-02 5.772221761181609706e-02 -1.306487318361797094e-02 6.313366883907714326e-03 1.938708874499939228e-02 4.476752503124795807e-02
6.113098652115351445e-02 5.647789748727324866e-02 9.228592385348349456e-03 -7.636116049663121963e-02 4.548247428963927974e-02 2.522602183489154604e-02 8.919031442820331626e-03 -1.040045866905058153e-01 -2.162507551250449772e-02 -3.077994138937037091e-02 0.000000000000000000e+00 2.108115302305754724e-01 -1.613956715896590691e-02 -6.568502387991423386e-02 -2.264013343452189395e-02 -9.002634067584070962e-03 -5.978353456697861612e-02 1.074933620297343906e-01 6.146218157916864128e-02 -8.363121789866198585e-02
-1.069082938974235709e-02 8.276082312143882846e-02 -1.444770455332717966e-02 -7.696197798982179483e-02 -4.975196530976918122e-03 1.640639977433394625e-02 9.683522640895395744e-03 -1.759391462781089571e-02 -6.241179345146630154e-04 -2.455624774370374075e-02 -2.916718167662857297e-02 0.000000000000000000e+00 -3.728648237179120733e-03 -1.033957615055334234e-01 3.831507457687997366e-03 8.964118356855148295e-02 -8.262642039144764416e-02 -1.894317065034353820e-02 8.892062446533236658e-03 -1.495981297784342891e-02
7.659676984119236434e-03 -2.381316838187084485e-03 -6.974739354152813264e-02 2.726291096359332103e-02 -1.353195348042250147e-02 7.222096522921900991e-03 -2.328827831537725462e-02 -4.751377283113287359e-02 1.209691502846062944e-02 3.165462136362159375e-03 -1.139180512212272928e-01 2.970497901105698460e-02 0.000000000000000000e+00 5.793627591089575007e-02 4.494330656626140228e-04 2.208688118587289750e-01 -1.053662862879050643e-01 -1.555338296507084196e-02 1.964996685883982352e-02 7.030589368583504972e-02
3.516061955584259824e-02 3.659533777684503136e-02 4.758074982621759291e-02 6.594490449619397343e-02 -4.548704953783863636e-02 -1.187790208458987251e-01 4.468497640845227326e-02 1.343336781394704749e-01 -8.104950051430234725e-02 -1.338867201491222457e-03 5.050236466939839880e-02 9.481450295230371694e-02 5.688664875012325317e-02 0.000000000000000000e+00 6.083384209270012617e-03 9.033865889145231698e-02 -2.689585553955783567e-02 2.726619880178413058e-02 9.037144127056227078e-03 -2.751992973431560685e-02
-4.071062843949668775e-02 -6.543400316766707046e-03 -5.203377268342612022e-02 2.601585427784963017e-02 2.931129087654903067e-03 3.006200990537963649e-02 7.305350266315713791e-03 -2.563440791885198897e-02 -5.883796178642478752e-02 -6.838836976981391147e-02 3.050030613313238839e-02 7.947738934335664418e-02 2.706405602433490081e-03 1.237405500053507905e-02 0.000000000000000000e+00 1.196927840317218023e-01 -2.388784493398854458e-02 1.110345221396578409e-02 4.520653902101116201e-02 -9.405462675219479138e-03
7.921770895166052595e-02 -8.329240008224189640e-02 -2.375813022493499741e-03 2.808585675590054634e-02 6.575238131983930645e-02 1.786941344140659943e-02 1.212765328677884412e-02 -1.232389897364615135e-02 1.821709339359402560e-02 -4.594439748533788587e-02 -2.024423298081211298e-02 -3.848031954584844178e-02 -7.788179682957233063e-02 2.958980807796915066e-02 -3.311404052884069082e-02 0.000000000000000000e+00 -2.148073956067973397e-02 -2.506706002220417118e-02 -1.527800398546408887e-02 1.348312580214337461e-02
-1.384691254436628757e-02 -2.673123333344887970e-02 -2.261771816460810339e-02 -6.250894679188332206e-03 1.367126104563537274e-02 1.269098228439567363e-02 6.441366344816906730e-02 -5.961090028905637050e-02 -5.626468162347011276e-02 1.796265456526082924e-02 1.353035381250406247e-02 6.068620905238764768e-02 1.316611202797875746e-01 -1.364991353263782063e-02 -1.672028327927461977e-02 2.897001847598251398e-02 0.000000000000000000e+00 -3.408374950709561202e-02 5.502906080677014838e-02 1.775114194970561776e-02
-5.880517039328628931e-02 5.884292132050419205e-02 1.222249655840993918e-02 -1.785220175567989523e-02 -5.523857369306921922e-03 4.830242334405176335e-02 6.073006564519942835e-02 -1.255675600447318969e-02 -3.738607821758794386e-02 -8.674425729674044294e-02 -9.279272661746566786e-02 6.153313607653237288e-02 -1.277718831862663385e-02 -5.251418659252651833e-02 5.419166155006305274e-02 2.940791408799436207e-02 -8.267552603086961160e-02 0.000000000000000000e+00 4.960538289810965951e-02 5.866628371435387429e-02
-1.162931855148589544e-01 1.166028577035664870e-01 2.918952732067207553e-02 -9.400340549763731152e-03 1.176179877497703086e-01 5.139109697868130683e-02 3.200213143624135170e-02 -5.426696046880569863e-02 -1.017556319927764991e-01 -3.396445164896953056e-02 -1.203012170442071052e-02 1.369052227921989662e-01 -7.165721867674969270e-02 -5.401840112651747072e-02 1.619794579751556579e-02 -7.317279673700423370e-02 -7.785567432233446439e-02 -4.427826090152364724e-02 0.000000000000000000e+00 -2.214031044556630592e-02
5.620433210690880740e-03 -1.276928325412688692e-01 2.306876840006082119e-02 7.268576122213207813e-02 5.056672051953509800e-02 2.452897339628289097e-02 -2.044887792621279815e-02 4.854894854826569822e-02 -2.682771064219361887e-02 -4.122131184147541090e-04 4.020452244848562312e-03 -1.022714385468298376e-01 -4.714269258177446881e-02 1.860563557001906204e-02 6.193317447320618313e-02 1.083504854432785769e-01 2.787492678474090546e-02 -3.505883286674840033e-02 -3.628248755527054004e-02 0.000000000000000000e+00
