0.000000000000000000e+00 1.930006799498731537e-02 3.687865441125205007e-02 -5.658132487526373183e-02 8.558588612217933600e-02 6.654261879260915669e-02 3.206548248633256382e-02 -2.923653493801647504e-02 6.874998110735305867e-02 -3.422567647478780284e-02 5.930076043057455615e-02 5.305931107288566762e-02 3.447073844938468995e-02 -3.025792595696442933e-03 -1.922755212304437522e-02 -1.786645108463971862e-03 7.114836995410417364e-02 1.172817064198202891e-01 3.887476469415444835e-02 -1.601265817060635102e-02
-5.541228744296852922e-03 0.000000000000000000e+00 -9.451478748992353518e-03 -1.183130788431771274e-01 -2.932286149798116540e-02 8.376204908513007821e-03 6.965095401454583779e-02 -1.044095607241321139e-01 1.160922772140728261e-02 8.712099702474525309e-02 2.130363779382022163e-02 1.681405932501897973e-02 4.545583107121880378e-02 -1.105284710945481363e-01 -1.448953438689663982e-02 8.602751114249840292e-02 -3.408708143724312883e-02 1.294228640594400348e-01 -8.177450734410739858e-03 2.191051693167698003e-02
8.125206933113561514e-03 -1.340091054164847459e-02 0.000000000000000000e+00 -9.521941932613864346e-02 8.871466359430653370e-02 -5.066005237397474235e-03 6.975033669625771426e-02 1.539709329213195983e-02 7.016352772753334244e-02 -5.603434671968413050e-02 -5.509351447855308920e-02 -2.138765329580380806e-02 3.123263317231234071e-02 -1.614761911911992073e-02 -9.833327802789616767e-02 6.825756955351919286e-02 -2.266553918614834170e-02 1.062736145263491194e-01 -6.704286614455666309e-03 7.182752144204045119e-02
-2.508280108996436067e-02 -7.611633364642451244e-03 -6.055907789881212651e-03 0.000000000000000000e+00 -4.626364628825366948e-02 9.827086033130007919e-03 -2.329829095001094766e-02 -2.555004788137650931e-02 -6.730750845926954107e-02 2.922223657313733139e-02 4.523252935023403497e-03 -3.568064937004818832e-02 -5.455143629911827358e-02 -7.349361283205937956e-02 6.643487110804759121e-02 1.059753299207312760e-01 -9.356195820675426711e-02 -5.218117970141980533e-02 1.095613848616206754e-01 -2.163045097935270208e-02
1.480893225190227890e-02 -4.231360541637049083e-02 -2.874353186923089831e-02 3.205735661643183132e-02 0.000000000000000000e+00 5.460987627607451905e-02 1.000728351657362118e-02 4.230609737541669163e-02 -2.016184436328805063e-02 -6.592046676710723585e-02 1.095586999220689584e-01 1.275726095131008916e-02 -4.178878498094469596e-02 -1.472282201153540544e-03 -9.665953441324338100e-04 -1.381959289550955053e-02 -2.910927828868663594e-02 3.069374091377372396e-02 7.589499230599683344e-02 -1.077369552444260858e-01
1.886881826872936069e-02 7.722085004773922290e-02 5.546903313400735648e-03 9.060902056496787649e-02 -3.106839881326886946e-02 0.000000000000000000e+00 -3.125331362231674459e-02 -5.306853614825544907e-02 8.703900663963265536e-04 4.855879541270512884e-02 1.194349879140438470e-01 8.381415786262969361e-03 5.780394209303313380e-02 -2.310117687359741420e-02 1.533740040965810405e-03 -4.050741780618446336e-02 -3.202537422744814594e-02 4.686197369726475409e-02 1.216423249476471791e-01 -5.843651618421556726e-02
3.836829528365413855e-02 -3.151979208105769314e-02 8.968553265551587605e-02 2.248103783273379397e-02 8.729256002127636083e-03 9.778774442680147894e-02 0.000000000000000000e+00 -5.266850145480887063e-02 6.061544196247023453e-02 3.400993235452625524e-02 3.690235306629044421e-02 4.505913969518311052e-02 4.312225241509381329e-02 4.609146461339078821e-02 -8.669825306935519463e-03 -1.548302067510083473e-02 -7.828178802973247141e-02 1.128892817923687203e-01 9.186949810231952174e-02 -7.192340904165014925e-02
-4.601645338058322349e-02 -7.617098779797902564e-02 -4.869481454481990046e-02 -2.652948744499606087e-03 -2.723810060514843950e-02 -2.760146383184256674e-02 1.022041683541916914e-02 0.000000000000000000e+00 -1.073269303339019209e-01 -7.293997424095942372e-02 -8.147621519289365011e-02 -2.341631232756562903e-02 6.691378969366466867e-02 -2.514752325850918083e-02 2.720662904983808805e-02 -8.683263324679640904e-03 -1.254341147475632363e-02 1.590584137375924273e-02 -8.424664131791218674e-03 -5.865562255796986230e-02
-8.877312809756862655e-02 -3.042687868670277893e-02 -1.884737736476877271e-02 1.095582256950574512e-01 -6.723109642015882847e-03 7.342382158139688919e-02 8.171036307391154642e-04 -3.594732305985229998e-02 0.000000000000000000e+00 1.711927551325951105e-02 1.095724362571457930e-02 2.091085626570870180e-03 3.521429101338797996e-02 -8.333074519644703346e-03 -1.096107156292533413e-01 1.349135854890146959e-02 -6.315603884758065611e-02 -1.105730728900781584e-01 5.470256149189760275e-02 6.210955733666285311e-02
-5.840546358175887492e-02 -5.596139349946480102e-02 -5.441893470265625476e-02 2.592266304843551805e-02 -3.597219804676925897e-02 -1.025806487323388111e-01 -2.308842049777646774e-02 4.237395507464531558e-02 5.200819194718482585e-02 0.000000000000000000e+00 2.134712851859391081e-02 -3.355277981883854344e-02 2.266825721158864312e-02 -5.125010495673654187e-02 -6.718994284292263697e-02 1.124143756069202471e-01 4.029417467064742853e-02 -4.304004169314481348e-02 -2.508145648237352504e-02 -3.730228000021205189e-03
-1.101493810898215436e-01 -4.207535846034454047e-02 -3.530373424233591850e-02 -1.588774012637843985e-02 1.996202807423492001e-02 -4.670823514514367558e-02 -1.029077875970510619e-01 5.070904678629962331e-02 3.176440587107258462e-02 1.364821267632074925e-03 0.000000000000000000e+00 -3.343122487184324587e-02 2.880630235463276304e-02 -7.774337758965206568e-02 -3.177358625937008740e-03 4.138363624563712317e-02 2.196884359622805830e-02 2.670801543843220188e-02 -3.558501395763376957e-02 -7.287455286297586654e-02
-3.697561187838880464e-02 1.480669231022263381e-03 5.466306491945381596e-02 -4.156340131670283738e-02 -6.597400919664966890e-02 5.255269493797950359e-02 2.622485402959061004e-03 -8.557926599965295922e-02 1.647228682356423335e-02 5.669277866221806433e-02 7.674750928694973502e-03 0.000000000000000000e+00 -3.354096721536346803e-02 -5.002955765987898706e-02 -1.102583768947862364e-02 -1.302229428272883537e-02 4.242137200668203573e-02 1.099347599915106652e-02 1.111871669825195696e-02 -2.265855729929898074e-02
-1.235828875636436203e-03 -2.371271891299361022e-03 3.134854886383310613e-02 2.051225251312918663e-02 3.678777457680399571e-02 3.189069130974545030e-02 -3.585209097065376188e-02 -3.517685272076662845e-02 4.033387388681897688e-03 1.273478605635555878e-02 6.934190063951387040e-02 2.072583551094594675e-02 0.000000000000000000e+00 -7.037869117685098541e-02 -4.373309394516031179e-02 -5.623722790762853037e-04 5.313096070069494442e-02 1.199186083139225090e-01 3.086635330408914538e-02 -9.582857505658824715e-02
-1.852531429619657180e-02 6.671620466465970345e-02 8.761354215857485375e-03 -1.451189452577928210e-02 -4.295163607279211399e-02 2.037331455817593603e-02 1.605125139970537546e-02 3.618544433667099315e-04 -6.662776638156586717e-02 6.493555349495248874e-02 4.174574533621955991e-03 -2.528466777791766804e-02 -7.875165371362995853e-03 0.000000000000000000e+00 -2.437400785633507191e-02 -3.183397900843357945e-03 -1.195883943590538880e-02 -2.198410724387951654e-02 -2.959160942613486833e-02 -2.214352810025358581e-02
1.455222881886057140e-01 2.258657121173109593e-03 -1.981212951794728352e-02 1.192625176900524546e-02 8.905460237747300778e-02 -6.757393084947367623e-02 4.500840618009867983e-02 -9.080262874788221431e-03 -4.999314851602223997e-02 -3.770060820109424893e-02 -3.759634472571782987e-02 9.944306184096469992e-02 -5.443994872956717940e-02 8.366169609839203825e-02 0.000000000000000000e+00 -2.392790876661230262e-02 -4.508149979525055175e-03 -8.188760939052081109e-04 -8.989931785397933806e-03 -1.339746124311372300e-02
2.070921128430034883e-02 -6.988081538053933506e-02 -1.235171549167632943e-01 -2.815588064159199946e-02 -5.964078000165711629e-02 -5.824323541469225013e-02 -5.902126287150593481e-02 -4.737177686364247436e-02 -1.396984527066679350e-03 3.921511283345175541e-02 -9.617181868220969765e-03 4.184968798996119288e-02 3.826188356756524828e-02 -1.191939095905556883e-01 6.340383964245576397e-03 0.000000000000000000e+00 -3.591717629564575992e-02 -1.222939632373311672e-02 -3.234323778494122698e-02 -3.981409968186068633e-03
8.532603018977678866e-02 -4.032722775654846298e-02 1.837090109791947659e-02 8.080428778156964476e-02 1.317557447255266693e-03 2.691960286765463992e-02 -9.318341912358935313e-04 3.643104851226404428e-02 1.316509036289954804e-01 8.390045254967545829e-03 9.514916552477457878e-03 -1.357773238163023921e-01 1.610410799189146078e-02 -1.093289179870111059e-02 -6.078371048793091563e-02 2.972070488158228690e-02 0.000000000000000000e+00 -4.751116154011290893e-02 3.971955274645824069e-02 -5.001286181788230922e-02
-3.491843588131433168e-02 -1.011872398246819321e-01 8.052002874292396584e-02 -4.133783635397289546e-02 5.302502469246736516e-02 -5.520307726802087256e-02 9.946685738310023783e-02 4.114219837318235096e-02 -4.501754677566834062e-02 2.583193777703493305e-03 4.895755534063236242e-02 1.913320046035861359e-03 3.645542721091629430e-03 2.552200622801421154e-02 4.371443861396700353e-02 6.112330306588033280e-02 -4.204244706259642472e-02 0.000000000000000000e+00 3.393911882127712693e-02 -6.233533442486922926e-02
8.047245267124124302e-02 3.656474468971879221e-02 5.901195676607429164e-02 -9.492453492921940073e-02 -6.801134027680593407e-03 -5.990116092806081066e-02 6.359158313874023472e-02 -3.093480014497579714e-02 3.006231774549233265e-02 3.354054889030495118e-02 5.235685102876621450e-02 -8.907875956175924370e-02 -1.405221529864965693e-02 8.886466081162205932e-02 -2.376397566749793508e-02 1.241373771523042284e-02 7.538031469871805945e-02 6.045722413283234620e-02 0.000000000000000000e+00 3.335947585991531211e-02
9.993431701404559275e-02 -3.533098266394638781e-02 -9.521038261946118339e-03 5.997830394162951412e-02 5.171298323116810258e-02 -4.196205933043114372e-02 6.951897817851308663e-03 2.260679356115312053e-02 5.025036745973199964e-02 3.257478804608393563e-02 -3.847045778586441478e-02 -1.347235841429560710e-01 7.949627144908932852e-02 5.671049825575290304e-02 -1.632340211036626548e-02 4.161938322042541688e-02 5.481797929687829557e-02 -5.743880751383392130e-02 -6.312114012738169466e-02 0.000000000000000000e+00
