0.000000000000000000e+00 3.935165363692010726e-02 3.376794256184193627e-02 -3.619259489180845502e-02 2.643444759782899445e-02 -2.442807232270545470e-02 1.017832960958931811e-02 -2.632588807034389605e-02 -6.460982784594877446e-03 6.337681294001004662e-02 -6.147924933045247758e-02 -8.372865931725080937e-03 7.213990688320427724e-02 -8.885989855524139766e-03 -3.770786640976464543e-02 3.235677626461143375e-02 9.062896689606522033e-03 -1.887743172370450612e-02 8.323430984351680439e-02 -7.673900805030714478e-02
1.200512611483091178e-02 0.000000000000000000e+00 -9.379627399384170283e-02 -2.332093379979995398e-02 4.596332094899103181e-03 -8.750901262422332294e-02 -3.002763087123939273e-02 -3.435224427615925918e-03 4.877361541959043117e-02 1.067237337146205618e-02 -9.571078461292858303e-03 7.970003533557758549e-03 -3.125271445167837614e-02 -2.701219403066396421e-02 1.304910084041090157e-02 -4.811817655637961461e-02 -6.551071678806122400e-02 -1.131217664961192519e-02 1.360225138750212510e-02 -2.899113019900117702e-02
-1.434619085124424209e-01 -6.128691290015920046e-04 0.000000000000000000e+00 -1.478258176518438757e-02 8.507525185648177543e-03 3.793208868143160828e-02 6.824674158778382127e-02 -1.017117095563197654e-02 1.174452348880773017e-02 9.027542184716760842e-02 6.236293497026310084e-02 -7.629381100948585959e-02 -1.260276193176259607e-01 1.178218598513072479e-01 -1.050674835571206583e-01 4.377240146662236819e-02 -1.839148867515171329e-02 2.061545363150675547e-02 5.700552349367336846e-02 -8.742737264608424486e-02
-1.096141094497647163e-02 6.902691122323953432e-02 3.333273722844638798e-02 0.000000000000000000e+00 -5.264643792698150276e-02 -3.766951104034774872e-02 5.511029036772805041e-03 2.143584579298826037e-02 -1.878987921886402651e-02 -1.140339859129333756e-02 -9.502116295923453831e-03 -3.297745049952355116e-03 -1.180140909019050232e-03 -2.838175749023953698e-02 -1.343779289969027416e-02 9.360465129333353507e-02 -7.501634301112779235e-02 5.519683235618788597e-02 5.382272025286137344e-03 -3.020765927251234037e-02
-1.726813164242068082e-03 -5.625678998238459183e-02 -3.675293381873191104e-03 -1.072989338417889293e-01 0.000000000000000000e+00 8.784079628856260660e-03 5.712252491865470183e-02 -4.925005608810924945e-03 -3.645493693279423797e-02 -2.207060732476026979e-02 -6.149468377096926897e-02 5.995933285054742823e-02 -1.072209865820062183e-02 4.366296608576054200e-02 5.133078327817840181e-02 -4.311619409204388298e-02 2.249207249124254848e-02 2.477355511175982627e-02 -1.344709773940363541e-03 -5.022615058722548764e-02
1.648481454942568678e-03 -6.364203126048913195e-02 7.984640656231270159e-03 -1.258519552817997933e-01 7.649708657656595356e-02 0.000000000000000000e+00 -6.304955893265745681e-02 -2.106034225419188208e-02 -3.264583189521446521e-02 -2.258433274255336465e-02 -2.143888257492747654e-02 -1.411164868648535735e-02 1.321673389460680248e-01 1.769791689607774082e-02 3.666346021194513694e-02 -1.402970351069183219e-01 2.829272617285266602e-03 -6.232076888157640771e-02 9.140638411580484513e-02 1.030838803596964386e-02
1.291363105958736983e-02 5.801532047961654309e-02 7.687467794398668286e-02 -9.684027652570294242e-02 3.047872057238645849e-02 3.021965170322148814e-02 0.000000000000000000e+00 -2.029541457261865509e-02 -1.008141655752682955e-02 -1.205134308301250698e-03 4.515141601017454848e-02 2.465741853853033183e-02 -9.614349076850375875e-02 -1.010001933254913407e-02 -1.788931847833751670e-02 -2.700574605734355413e-02 5.878571642784313767e-02 2.326616463411911029e-02 3.010489085387039326e-03 -2.855792054823931211e-02
4.116560178144036686e-02 8.271608845431949186e-02 -2.892151921964304997e-02 -1.533641388850321037e-02 3.758427875076983393e-02 -9.905509255235252219e-02 -7.940234128599907293e-02 0.000000000000000000e+00 -1.819864431349255823e-02 4.839124462097855323e-02 5.846052946568413428e-02 1.020987191838192004e-01 -4.156284924573699392e-03 9.520161750366387676e-02 4.759597817641518513e-02 -3.986237582424733555e-02 9.160781054430128245e-02 -1.850830738686847984e-02 -3.755246105662971012e-02 -1.149721224411029002e-01
-6.119963213491674825e-02 2.239468869477862292e-02 9.628754259644208002e-02 8.485995833483854500e-02 4.545392508486129080e-02 -3.291660649359463842e-02 1.063580390152808614e-01 1.089906811344958310e-03 0.000000000000000000e+00 9.327949120376352599e-02 -3.394944573018527506e-02 2.082231155784686552e-02 -6.401978976676736544e-02 1.435003856709160877e-02 2.388549347325311795e-02 -7.016757130835962752e-02 -2.149422053270310176e-02 8.484852870036675709e-02 1.537984894494487942e-01 2.564769294312588613e-02
8.332562608674234927e-02 -3.179688599120242265e-02 -1.272035012539966294e-02 8.795116436442768082e-02 7.217423225027919109e-02 1.945548724630934839e-02 -6.155306210458682398e-02 -2.339287035198614126e-02 -1.949003633356166275e-03 0.000000000000000000e+00 -2.294742555391617467e-03 -6.998092230392666778e-03 1.647222148078043152e-02 -1.102275630257225071e-04 -1.792772665735732282e-02 3.855661694767891640e-02 1.088848256742075632e-03 -1.084348002891891150e-01 5.502880623002179283e-02 -9.586671390587064856e-02
-4.406584246793532333e-02 -1.889162834808011740e-02 -4.859351402869052650e-02 -2.285423952373570947e-02 3.319036820173403013e-02 4.444977630763256166e-02 -6.674431883081355377e-02 -3.033256831030605241e-03 2.242478454286652226e-02 -1.197166254833019333e-01 0.000000000000000000e+00 1.508019428796029786e-02 -2.321184645570153332e-02 3.254764561668111161e-03 2.338675045274410391e-02 1.164906632174921887e-02 -1.916384894872335057e-02 -5.649943095329907489e-02 7.623618756604589285e-03 1.426996876467014411e-02
-2.718331068287056784e-02 8.724961307259526677e-02 -5.209286530155794043e-02 6.596165447228319323e-02 -4.154282759624734062e-02 -1.788680844716362267e-02 -6.697651402104130847e-02 4.822161007722654269e-02 1.968315002277255116e-02 -8.301156163238587737e-02 -2.556153728240420642e-02 0.000000000000000000e+00 -3.276153748937531140e-02 4.633925944211668272e-04 -3.665441165160931991e-02 8.490032633776036647e-03 1.024075926210575842e-03 9.314613809581796799e-02 -2.166581711121359083e-02 4.897420564446674368e-02
6.103390196198651280e-02 -1.894712174156918186e-02 4.230065633623936866e-02 6.268604429525416639e-03 -1.187967431076468461e-02 -5.021859058770567451e-03 -4.696028561366959869e-02 1.932659911561151675e-02 8.176599081189661871e-04 7.967354732198629608e-02 -6.778476052422428844e-02 1.763633254772030770e-02 0.000000000000000000e+00 3.060987066715073479e-02 4.597787694122757590e-02 -1.642939469108264591e-02 4.394276938677100369e-02 -6.922602739965512397e-02 -5.245667065206950641e-02 -3.752889158410678550e-02
-6.937996916581716522e-02 3.621356579282684895e-02 -7.255733878374264270e-03 3.172472631160749065e-03 -2.124225777360237363e-03 6.446015921309709851e-02 5.812068441822077630e-02 -8.264620970601316632e-03 9.080493612147708116e-02 1.036450344635493348e-01 -9.477667680881022086e-03 -5.962087617762623637e-02 -1.176255942197772381e-01 0.000000000000000000e+00 -5.475151544806442297e-03 5.003215837842109326e-02 6.259428117919497991e-02 7.920541691854017519e-02 4.759911511152778441e-02 -4.045083776391267955e-02
-5.731111141345436762e-03 -2.534697235573149174e-02 9.331481755807193024e-02 -1.123394934383376183e-02 2.840642873580426567e-02 1.530794127714264243e-02 -6.909492639185936536e-03 -1.991796326238197412e-02 -5.803713087076302173e-03 7.231961806695254291e-02 -3.022846057593033681e-02 -1.101005272131274151e-02 -1.052176567557996587e-02 3.505539813549204270e-02 0.000000000000000000e+00 -4.575185974711555581e-02 4.554225600948379193e-02 -6.980002640462444619e-02 4.206291162079109358e-02 -1.309223126436801499e-01
-2.219655935247844686e-02 -4.055729385346176080e-03 8.677601127359964306e-02 -8.861511347272607239e-03 -6.170193161962871098e-02 1.724429793970136795e-03 2.416774260535629326e-01 -9.118258508091207915e-02 4.500893738304444225e-02 1.344411221004484895e-02 1.423418527387186085e-02 -3.898934374978722806e-02 -3.889172744749493094e-02 -6.891322780805143877e-02 -8.040270312586503265e-02 0.000000000000000000e+00 3.645710024628792418e-03 -1.754888837592713524e-02 -4.107672885681168742e-03 3.364970461417791242e-02
-1.818919670697267260e-02 5.389067352569460595e-02 8.966629108554478866e-02 4.957127429035602939e-02 -2.757804902944746561e-02 1.491242796559652181e-02 1.123512702244926498e-01 -6.716745226274025218e-03 -1.842534863637938780e-02 -8.665155399569206621e-03 -5.918981873813959800e-03 -1.316895536559346217e-03 2.968749625618935864e-02 -6.174615254143392580e-03 -2.378368082831373159e-02 -1.182746394374214159e-02 0.000000000000000000e+00 -1.397632526548073760e-02 3.091938140910040558e-02 2.748230369180132415e-02
2.761098260342402522e-02 -9.637501056352958465e-03 -7.225812251416882659e-02 3.145339593951861773e-02 9.478445442433434953e-02 -2.643240436921612431e-04 -6.256747995078111926e-03 1.535388317838341787e-01 -7.294011097288615082e-03 4.959662043885126881e-02 4.656826993682525173e-02 8.349634461023193455e-03 1.388974962821817524e-02 7.662703445924297363e-03 2.271894175278311306e-02 -1.027597262180210691e-01 -9.900651002710604207e-03 0.000000000000000000e+00 9.800962887950663560e-02 -3.393826448819053238e-02
4.508492010024430646e-02 -3.459016572752267316e-02 -2.351379640111557826e-02 -1.876095083086763357e-02 5.116854156945879750e-02 -7.434033754799629357e-02 2.542083797670150261e-02 1.654448367282321947e-02 -7.519047982141544018e-02 -2.255631504183647912e-02 -6.863277419516559952e-02 -1.416308511942514399e-02 2.052630629812236818e-02 4.849073092379592442e-02 -1.966151382589229404e-02 -7.897902292969884164e-02 -4.109036604811994176e-02 2.808791929542359816e-02 0.000000000000000000e+00 1.228388409390927978e-02
-2.034115442926322931e-02 7.685478985416513420e-02 4.451231915339987771e-02 -6.476542068958603127e-02 -1.072344256967260566e-02 1.280442753846376160e-02 3.818360773736601682e-02 -9.559861438661243493e-02 -1.707830051710094652e-02 -4.978356089867264078e-02 -2.735340913826920552e-03 1.338858703380936196e-02 8.891757349761347795e-02 -8.434399764005583167e-02 7.211641457089423835e-02 -4.894978574144549788e-02 -1.484965411068111529e-01 -7.250476069958425177e-04 -1.757317791404762117e-02 0.000000000000000000e+00
