0.000000000000000000e+00 -7.613029040357351118e-02 -1.291885013769837887e-01 -9.034420221561920150e-02 -1.348996168738282597e-01 -5.452702714301543158e-02 2.315098977166354377e-01 1.298604105352888505e-01 5.644142731570733068e-02 -3.270352171073016012e-01 -3.462196449514290952e-01 5.931678534017712640e-02 -2.003982585899534202e-04 -2.271828074220807736e-01 2.504163724406339997e-02 -2.665285815077929610e-01 3.478301902193569606e-01 -2.086922066805032283e-01 1.177366375435576762e-01 -3.353309982923684263e-02
1.168984466061760846e-01 0.000000000000000000e+00 3.484959504816033116e-01 2.808488131803388299e-01 2.031698753894728704e-01 -1.880312647503360191e-01 2.248556634666837029e-01 -2.289295740398352985e-01 4.064588251786307310e-02 -9.317269191914649695e-02 4.423856450890165659e-01 4.287536641672577420e-01 -2.305401735542058350e-01 -1.080718293942805053e-01 -1.442443063631813349e-01 1.349425809403246267e-02 1.225209707835797912e-01 1.889809419092773612e-01 -2.699339495823563917e-01 8.381684742629975926e-02
2.107153802469479420e-01 -7.854500240165741831e-02 0.000000000000000000e+00 -1.084865588060182628e-02 9.290457975010281422e-02 -1.569442750303436385e-01 4.147111512582785792e-02 1.047261941194895518e-01 8.837689846731918222e-03 1.601338929627324770e-01 -1.077088000552660907e-01 -1.173738678960252642e-02 -6.088333565902820377e-02 6.886759746543585914e-02 -3.936941122278080907e-01 2.571978944455164395e-01 -4.868614709009943392e-02 -2.729316353499628978e-01 -7.683474722203958995e-02 3.463137531400752311e-01
-4.650475700758415626e-02 -5.403996295290298957e-02 -2.786053250291856132e-02 0.000000000000000000e+00 2.926593597548632353e-01 2.120366456691791246e-01 1.770961571524452827e-01 -4.259525226354591437e-02 -1.623610890250098623e-03 -1.510192711983509850e-01 -1.694750711036740465e-01 -2.800122117149098644e-01 -1.710829866817069889e-01 2.968210723219566471e-01 5.501853403072293897e-02 1.516822180957863239e-02 -1.522995449604800378e-01 -2.714194424286408419e-02 -1.849066782733137793e-01 -3.314652504969535785e-01
1.011238145527693227e-01 1.024579209628068560e-01 2.759301204128881690e-01 -2.622186500460389480e-01 0.000000000000000000e+00 6.992653983774195503e-02 2.787283600968536446e-01 -3.227114944263060892e-01 -1.185896951821840267e-01 -2.434920095568151033e-01 -4.894806916367610422e-02 4.554200541263986324e-02 1.661754202876776498e-01 9.878303848763139716e-02 7.378088920890513158e-02 9.019309672412412215e-02 -2.019953277835998817e-01 -1.136833518638579593e-02 2.355434986453560919e-01 -3.107432825374789598e-01
-3.526650674686777065e-01 1.271729073476382810e-01 -2.359935887309881075e-01 -2.753671572468882056e-01 -5.454343490981326814e-02 0.000000000000000000e+00 1.311079896618649043e-01 -4.113187913571869636e-01 -2.900446161752951446e-01 -2.926862417370071356e-01 -1.482158488779974359e-01 3.921388445383259397e-02 -3.678242556058117230e-01 1.907949540175084557e-01 3.814926226684162147e-02 -3.712870850204239570e-01 4.694551928331536228e-01 2.842876256114637568e-01 -1.585261906193294323e-01 3.939949782309940668e-02
-4.619710323380362138e-01 2.455504058846614268e-01 -1.149075340120955802e-01 -2.799497016695749463e-01 -1.301557056309013589e-02 -3.019528353944295751e-01 0.000000000000000000e+00 4.601359326623402635e-02 3.356383520805207854e-01 1.284948432731821688e-01 9.414629772727972634e-03 2.699047867375315435e-01 -7.473964564618004736e-02 -1.052808312415409869e-01 1.713553958124700571e-01 -1.169193916605812678e-01 -1.798695692844467509e-01 1.932966473879766944e-01 -8.151283293606224889e-02 1.183370889658240804e-01
6.684460600716266368e-03 -1.447758356669890389e-01 2.121943294569191563e-01 -1.192129534108557487e-02 2.132872308940035044e-01 -9.576399440425854837e-02 9.885240977801196260e-02 0.000000000000000000e+00 -1.723782417936545741e-01 -5.798986893908610746e-02 -4.264444888916411186e-02 -2.180108651461019342e-01 -1.116455104433513451e-02 -6.093982454404954507e-02 -1.885797958543156128e-01 -1.244500325194292448e-02 1.546214454926127246e-01 -1.705151092742070162e-01 -5.609822811473672011e-02 -3.065536283039272947e-01
-2.542744796727237078e-01 -1.541380202338767380e-01 -1.896752181293981099e-01 -9.954076343707281282e-02 9.145990414353724618e-02 4.902713755067381052e-01 3.478944619568987567e-02 -3.412262873861975077e-02 0.000000000000000000e+00 1.592568999378780603e-01 -6.909451820416115941e-01 -4.256636021877616138e-01 -1.835669244525510169e-01 4.297441883350678477e-02 4.703581318149117063e-01 7.005719652043664036e-02 -3.108115270161185273e-02 -7.976566178104490534e-01 2.590267750562382232e-01 -1.435106248247418337e-01
-2.042723333780934458e-01 -3.612095257700299183e-02 2.939177015875714671e-01 -2.322637479740735089e-01 -2.525782449697722143e-01 -6.023500467547563547e-02 -6.426686846004858733e-02 3.700844809996038931e-01 -6.003571078871910993e-02 0.000000000000000000e+00 9.575339367321583639e-02 -2.922203962755519080e-01 -2.577011592044527177e-02 1.466700014067460478e-01 1.252868419473926465e-01 1.282176567331965167e-01 1.665163216785223999e-01 -3.493138428183409916e-01 -4.382062386297888024e-01 1.637393910491295457e-01
-3.188853173979421807e-01 3.079002116383256493e-01 6.531676185157696268e-02 1.115680564967244520e-01 2.458551903299812103e-01 8.362050400750679902e-02 2.607455493511079414e-01 2.124585590018488734e-01 1.655093084110978441e-01 2.029343349762800508e-01 0.000000000000000000e+00 -1.541638709609398361e-01 9.253369009422272862e-02 -7.775644245347532180e-02 7.050722105499908354e-02 3.813988572275682776e-01 3.259268815043649126e-02 -3.191145579231269291e-01 2.032333958104093063e-01 -1.228152432243395514e-01
3.565163358341311151e-01 1.345664112048713945e-01 -1.450022222150587625e-01 -1.151132239981179084e-01 1.392429049821188869e-01 1.004626782773704041e-01 -3.555135614130059962e-01 -2.453251547814073730e-01 -8.160611519303645478e-02 7.476447710953065817e-02 3.006154099864186396e-03 0.000000000000000000e+00 -3.702557916888663536e-01 2.833848771159268032e-01 -6.330868512632523148e-02 -2.922979686325306581e-01 -3.060436603346871134e-02 -3.728374655818716965e-01 -7.303925233735353295e-02 1.720124513304882863e-01
-7.125283879278855592e-02 5.529880570678013391e-02 1.083745184921701965e-01 2.112807956143878119e-01 -1.722338947628226924e-01 7.808518447136075791e-02 -7.858167509419440588e-02 3.391257488765018202e-01 2.022668765737669627e-01 -1.464710492577922241e-01 3.854323686088255152e-01 -3.370009141938759556e-02 0.000000000000000000e+00 -4.533940803000742481e-02 1.600206918456199279e-01 -1.530931917599253345e-01 -6.314256847656097085e-03 3.573155961896159472e-01 -4.030965074833346706e-02 4.194918689786943794e-02
4.209621137100582472e-02 1.422895761808670168e-01 8.991579466646322516e-02 2.672333880661437733e-01 8.214137509003194282e-02 8.203904064461636780e-02 1.616306003118243295e-01 -4.274668470051861541e-02 -2.051886907705624263e-01 -6.764472849155732659e-01 -5.113928584297914443e-02 7.138174171915067636e-04 -1.701085056998595524e-01 0.000000000000000000e+00 -7.604621545998684062e-02 -1.843684683458863549e-01 3.241810482518446834e-01 1.247161219253410946e-01 -2.419242887351580051e-01 1.519566870011159199e-01
9.763416704964614917e-03 -4.208975408043801325e-01 1.638641653526852829e-02 -1.718021797408179063e-01 -7.049929900784409655e-03 4.491197905553830916e-01 3.938292356048717080e-01 -1.757977973847348052e-01 5.046072411492704690e-01 -8.777823926508884766e-02 1.566085004688076363e-02 1.512532902241093269e-01 -2.131418681798513681e-01 2.268997619493334228e-01 0.000000000000000000e+00 3.599359852299091611e-01 -6.446838298510274012e-02 6.536121014852880329e-02 -8.199482816494305104e-02 -1.532677296818715507e-01
-5.179153603854834420e-02 4.578563491143269187e-02 1.296174264953193767e-01 -1.187139820383387584e-01 -1.059987385142630717e-02 -4.251260097695010454e-01 6.227309155334093821e-02 -1.133352077100960448e-01 -7.112723355852067220e-02 1.858128534792753417e-01 3.689724043696884781e-01 -2.832166360564778995e-01 5.303182521233485575e-02 -1.621703022437975261e-01 1.510846787912044908e-01 0.000000000000000000e+00 -5.057794203063815663e-01 -3.487715420331534699e-01 1.896873799086157553e-01 6.882486573064831858e-02
2.496454648718059721e-01 -1.088340130015837820e-01 6.470807768418881945e-02 2.701925278774662820e-01 -2.088576119256786989e-01 2.410699861161623783e-02 2.936368679756770073e-01 -4.292909883024455947e-02 3.353542722651899899e-01 -5.045149014783230357e-02 2.774163122238341300e-02 9.487540033790602123e-02 -1.989651955981077899e-02 -5.280872231922940224e-02 -5.411951706400287554e-01 -1.913770617644615091e-01 0.000000000000000000e+00 9.035739287673280606e-02 -1.888974781901631983e-01 -3.536207369554089652e-01
1.729405082367052870e-01 -1.493601429281932458e-01 -1.924498704240251434e-01 1.782124097141113070e-02 -3.260263296828420226e-02 -1.126656536317838103e-01 4.399106867773636825e-02 1.744114361759261655e-01 -3.628120697500593073e-01 2.680395400130053396e-01 2.721241223952127197e-01 1.713220943937666385e-01 -2.913345968060289670e-01 7.644850665783983756e-02 1.072138503546191252e-01 -2.640999459813923034e-01 -3.045427785469280169e-01 0.000000000000000000e+00 -8.736933246602346728e-03 -6.450878726319055068e-02
-1.796552308867616909e-01 -2.879649607329519134e-01 -3.772107938854492026e-01 2.927616169983274816e-04 2.185877877654668067e-01 -2.010349535866892134e-01 2.518051215701076484e-01 4.538918645857910050e-01 9.254544402628175903e-02 2.641933412570682260e-01 6.144567597836658734e-02 -1.395193021219497675e-01 -1.584569281384828610e-01 -6.565676742616527450e-02 -1.126679991860092822e-01 -1.163306625307053283e-01 -3.138941976537507061e-01 -4.184497303498418280e-02 0.000000000000000000e+00 2.297149264789260514e-01
1.778176984645103431e-01 5.492160543155301111e-01 -3.582099502663551593e-01 3.028740503991691688e-02 2.107418677347724575e-02 9.302705345237763379e-02 -2.458327901627343770e-01 -3.886487381525785545e-01 -1.232813952689159193e-01 5.426163266990292611e-01 2.507501389229279121e-01 -3.254076204080298945e-03 -4.775015763752500642e-02 2.210117604197988500e-02 1.212086561435848087e-01 -2.540605228971957730e-01 2.121848900662315907e-01 -1.638396924701135682e-01 -7.569211583050605707e-02 0.000000000000000000e+00
