0.000000000000000000e+00 1.770653338932961715e-02 3.890233441174222734e-02 -1.617494792064825410e-02 -4.481816788086385173e-01 3.235094251295624751e-02 -3.356715085146011468e-01 4.720550830191898306e-02 -1.248184449204940566e-01 2.425080712654468507e-01 -4.165551447865724344e-02 3.278383068952007463e-03 -2.405046448183805752e-01 1.436119296639175313e-01 -4.032451453691285326e-02 1.387033533007239472e-01 1.813393740213838645e-01 1.739517479400097266e-01 -5.310430638333633185e-02 -4.230444611579094460e-01
-2.620944009050699131e-01 0.000000000000000000e+00 2.256803931025105070e-01 2.891458072655546663e-01 -1.228341828354107546e-01 -2.195176700479401499e-01 2.045270463798517513e-01 1.952244714968549566e-01 4.944201591275747612e-03 -9.265334427202876226e-04 -3.016737782764631892e-01 -4.655892587280536371e-02 2.966234252909080160e-01 -2.048820941654496686e-01 -1.050981345390133576e-01 -3.341636347126406698e-02 -7.273037314053047708e-02 -4.037720395983339650e-01 -1.118861756041639594e-01 -1.262887915867103583e-01
-7.030836633721969375e-02 -8.869972668483776246e-02 0.000000000000000000e+00 -2.229668901408241866e-01 3.781409154141177620e-01 -7.075832981499945162e-02 3.276140161265047035e-01 3.272712076355706046e-01 2.882544942669414828e-02 -2.634631131876565835e-01 -4.844461863401208768e-01 -3.402877044267468842e-01 -6.549169508858009026e-02 3.588626826898642236e-02 -1.750508114011821159e-01 -1.156946511674858263e-01 6.029711379552545880e-01 6.153745267621794912e-02 -2.709203182528827081e-01 1.313114660918652254e-01
-2.195453109938383385e-01 -5.452762998357333357e-01 3.043679470554731814e-02 0.000000000000000000e+00 4.490271768545786579e-03 3.935167221329642917e-01 1.182824486720458236e-02 -2.012037038701202651e-01 3.551881617891013421e-01 -4.866045367503173957e-01 -2.721776489261136800e-01 3.028685411880773226e-01 3.303180899689536210e-01 -7.294512086117885263e-02 -1.752783848447356518e-01 5.610988655426438210e-02 5.222832907986310613e-02 1.689461411541279962e-02 -1.269791253742728332e-01 -3.113606993714138071e-01
-1.825188424412693411e-01 -1.143472371740424098e-01 -1.139965026035929252e-01 -1.729511114406431516e-01 0.000000000000000000e+00 -4.250076541556138121e-01 1.788452315138572002e-01 2.853164356968161952e-01 -1.567470770154642812e-01 -3.289593072815168440e-01 5.840288895133792513e-02 1.025256277856223808e-01 -4.684936873084859926e-02 2.084024402072652826e-01 -1.312512044547540779e-01 -2.533718808805485168e-01 3.320044061712789651e-01 -1.141876765033923297e-01 -1.002247917990694015e-01 -5.209844567471901833e-01
-8.797568738749265982e-02 -1.428319051922613825e-01 -8.632877444662810651e-03 1.500855378255251393e-01 3.939539148918518030e-02 0.000000000000000000e+00 2.326604385686926180e-01 8.043785488176356802e-02 1.214444574190207266e-01 -1.893727887867841311e-02 1.712852777613350919e-02 -3.142011612672396814e-01 -3.479845708812395189e-01 -1.548202176770492045e-01 -1.646236896184225529e-01 4.076724319567132798e-02 -7.539930330038346895e-01 -1.411000327439528301e-01 -2.013446528212911035e-01 2.298698269014705642e-01
-1.451346779270773768e-01 -1.394616570146426093e-01 -7.752997032804663687e-03 7.938888642012427443e-02 -4.632629473397751330e-01 -3.040447043778575775e-01 0.000000000000000000e+00 4.319980206282141022e-02 -2.620819910494584168e-02 3.126918812497130884e-01 -3.779468746987138528e-01 -9.357912662117762875e-03 -1.413038688693074307e-01 3.477963088390649549e-02 -1.904921417642954362e-01 3.332788135769411408e-02 5.555752936937664588e-01 1.168252424171544596e-01 3.183103047890304543e-02 3.455895986166899192e-01
1.385099174294210644e-01 4.778913313163682397e-01 -1.998929923560684441e-01 -2.478999819201248567e-01 -4.636164814745101781e-01 -2.143117120818308907e-01 -4.353202189776015363e-01 0.000000000000000000e+00 2.564256893542876670e-02 1.202576386902030336e-01 3.912806941684598278e-02 -2.046346472423752130e-03 -5.615593405125076515e-02 -3.375961623787306909e-01 3.416566370588247081e-01 -8.628343510204378175e-02 3.988042020089663242e-01 1.517042908505644994e-01 -3.091835636850092661e-01 -9.631159034282246734e-02
-9.910759742139001183e-02 -1.426778797233892448e-01 -1.499348525405967969e-01 -3.616174931699722706e-02 -1.628834033670723269e-01 -1.922119584441224216e-01 -4.895940952425098525e-03 -2.071284133069398528e-02 0.000000000000000000e+00 6.546621101736248283e-02 -1.281822005292110045e-01 6.105376094051848807e-02 -3.123683684240965291e-02 2.283358726265380667e-01 -4.366104146989508994e-01 3.586841490597436621e-01 -1.296464074983990356e-01 2.404073334667831408e-01 -1.672195309300764932e-01 -7.554498515549293303e-02
6.376291705289925671e-02 -1.308498555054268264e-01 -1.590251918642420492e-01 -8.880740855463496730e-02 2.933926090698403821e-01 -4.411125279735245708e-01 -5.945050092307554990e-02 2.739919193308961720e-01 -1.130117043679658428e-01 0.000000000000000000e+00 -5.551676663180284965e-01 -3.571719663896606445e-01 -1.673419258304361668e-01 -2.454732116322503876e-01 -2.186188563389005468e-01 8.078378983007518388e-02 -3.116232444782827682e-01 1.022520562098507869e-02 2.614441724305398111e-03 -1.012485521579436498e-01
4.293984073313705796e-01 -1.389323439596494014e-01 4.235055445714030475e-01 -1.960718733892964916e-01 6.485133485081880089e-02 2.749850318914944663e-02 -2.258344710065034733e-01 1.213608446218410047e-01 2.437084370798188460e-01 1.170926121995947561e-01 0.000000000000000000e+00 2.736539629811535201e-01 1.290574517362364504e-01 5.190513525025568925e-02 -7.053791654264590649e-01 -8.853812799837147696e-02 1.491373309007986425e-01 -3.176511499723180809e-01 -7.494120920476630143e-01 -2.612406401775690390e-01
-1.093085404443951830e-01 -4.517498359357954296e-01 -1.741043446293975006e-01 2.547461542374500993e-04 -2.920349933697745648e-01 -2.081701066295107705e-01 2.409965110005525268e-01 -9.593354607322558680e-02 -3.258016376053526897e-01 3.411217955917800193e-02 7.723474262012919311e-02 0.000000000000000000e+00 -7.684533541484911412e-02 -2.245817559783694906e-01 5.817581269445274428e-01 -2.608291211611752369e-01 -1.434136924007929810e-02 8.758674979179717490e-02 2.184354456305649395e-01 -1.107666985822502309e-01
4.221395748595809655e-02 -1.532831411109939757e-01 6.586757893035997957e-02 -4.412815795188956836e-01 2.657116066588232628e-01 5.870503158387774950e-02 1.480709215429572845e-01 -6.045627628144289306e-02 -4.886966679756671317e-01 -2.477095127984547951e-01 -9.665283035523743183e-02 2.966259953944256900e-01 0.000000000000000000e+00 2.123741920053210386e-01 -8.730789583388397571e-03 -2.059466085836445526e-01 -1.186040798078563385e-01 9.009942190936440221e-02 1.293895688934817989e-01 -2.137075504105603041e-01
-7.450619436668757482e-04 7.064097538555407819e-03 1.456248507292344785e-01 2.704466767298000507e-01 -3.190248203110399583e-01 -2.086150509075423432e-01 -4.505047900696813601e-01 3.888119116230813743e-01 4.166629325094198776e-03 -3.716004449382446229e-01 4.622314866472420625e-01 -6.843418193388595139e-02 2.672979823629251413e-03 0.000000000000000000e+00 1.520472726325361457e-01 -4.597967437253737133e-01 -5.442666916319124915e-02 1.600779702437656604e-01 7.159870251580290057e-02 -4.237720410663025489e-02
-1.511113068335211695e-01 -3.650654012858813857e-01 -7.150436778151126882e-01 -4.283919641383853727e-01 8.061245829988035461e-02 2.919830887396760583e-02 -1.494527533414802822e-01 2.199838037389995060e-02 4.182106839561779421e-01 3.028254716478368143e-03 -9.892363410758413245e-02 6.811818830063731678e-01 4.758850802118939211e-02 -1.274150694131992168e-01 0.000000000000000000e+00 -1.416037146045585060e-01 3.527296279146551611e-02 9.665340857199813951e-02 3.632792963873149872e-01 -1.278878194778374500e-01
2.080033762733406177e-01 -2.964701384238941917e-01 9.447414347317682759e-03 6.101148945146939867e-02 1.156131927792880265e-01 5.150039970794284550e-01 4.426957354463925687e-03 -2.793494806630217797e-04 -4.395324006383966725e-02 -3.847282184485286555e-02 1.474922693775878035e-01 8.278312584341679381e-02 3.004121509971274806e-01 -6.436849014753757980e-02 1.994884210246711254e-01 0.000000000000000000e+00 6.806183244503175023e-02 1.310356461546824391e-01 8.965156130798863920e-02 -1.103041880441578589e-02
-6.808623960557687836e-03 -3.312737780974200907e-01 -2.360342981575025700e-01 -2.662845539308274223e-02 1.118148936052495157e-01 1.112329844234954956e-01 -5.954291937796582501e-02 -1.903309288742938699e-01 4.377661072354683408e-02 -2.965578456863496998e-02 -2.555480845855520600e-01 1.435094685962757799e-01 2.227338605906965807e-01 -2.300194228951621400e-02 -3.487905188542914647e-01 -2.685962978288482239e-02 0.000000000000000000e+00 -3.162578435231381269e-01 9.822746287828644507e-02 -4.323171357854442912e-03
1.928289795546225260e-01 -1.370892499897076178e-01 -2.287560679429967089e-02 -5.216237947143919154e-03 2.127600451482850041e-01 -2.253160016192094772e-01 2.599753260511633319e-03 3.959161539555450249e-01 -4.229832109420628844e-02 -2.547568888855000768e-01 2.674067568333676204e-01 1.728195239030791142e-01 -4.010653901519249942e-01 -6.029492285959552056e-03 -3.569344694200995427e-01 -4.814486609831792469e-02 1.766424072582344351e-01 0.000000000000000000e+00 -3.003096689709359723e-01 -2.414476550937389998e-01
3.149233096684206368e-01 7.325508005123906874e-02 -8.898232005692251201e-02 8.944048240457250915e-03 -2.655251626895376860e-01 -4.261131215003368111e-01 -3.663735245011005559e-01 5.649647550698280729e-02 -2.393092976714134013e-01 1.164393780791789929e-01 1.743973672190705648e-01 3.395237689781325369e-02 -2.056951047150809841e-01 -1.511824727117894174e-01 -1.969853080343683116e-01 9.816339124758188470e-03 2.520831376734125051e-01 3.549995945511735806e-02 0.000000000000000000e+00 7.894394144304807404e-02
-1.335075185412136489e-01 -3.427211649212580924e-01 -2.116666958496349893e-01 -3.337451547195822710e-01 9.127582650693265298e-02 -3.353635655262954957e-02 4.136945483868312290e-01 1.498095956058173028e-01 1.647272897509670375e-01 -2.012470309530521029e-01 -1.493846547483229648e-01 1.168131282375730051e-01 2.803803620065340244e-02 -1.806650875504493825e-01 -1.142255420855743248e-01 4.693298284486927680e-02 1.582618347472184162e-01 8.822166239178588776e-02 -6.864068447049431754e-02 0.000000000000000000e+00
