0.000000000000000000e+00 2.296196523307840465e-01 -1.877368795165038351e-01 -1.321922061067358767e-01 -2.139667278187878663e-01 -4.971353657333958675e-02 -1.386172320869788477e-01 4.109679572673259340e-01 -4.591163544731949320e-01 1.942210747268549587e-01 -2.058824796104783139e-01 -5.194651190129106338e-02 4.814157976008496820e-01 -2.984393776218346450e-01 1.707900905465563682e-02 -2.786340329058508702e-01 2.688362605866252975e-01 -2.347740750814590605e-01 2.362652027419609169e-01 -9.384278003242156607e-02
5.131423474298669740e-01 0.000000000000000000e+00 6.311875193930353012e-01 1.522513917628589009e-01 -3.527829796027634468e-01 -4.419037377353204343e-01 1.192584099692969579e-01 -6.504044482845065811e-02 -1.148264886993780737e-01 4.433286681332326284e-01 5.053537118132179345e-02 -4.114152557731506898e-01 3.594861253699174197e-01 8.682471646635889218e-02 8.938280686907316974e-02 9.066732406066041472e-02 4.852307131373358173e-02 -1.416412892836610982e-01 5.514625035433377842e-02 -4.336955619209584278e-01
2.550450919826958290e-02 -4.215751538442262802e-01 0.000000000000000000e+00 -1.577502738828972517e-01 8.153321344745792509e-02 -1.124635226846214253e-01 -5.047958023582869991e-02 -1.264580815410661918e-01 2.311982771375602208e-02 4.513298433440969260e-01 2.446813515489795476e-01 3.717316321282045366e-01 -1.403028636207664936e-01 3.625112590680446556e-01 2.634384743732470224e-01 -8.382543587404459040e-02 -1.217156607757816228e-01 6.434535616450751117e-02 -4.602274949733661802e-02 2.660893740165454213e-01
1.629930060762190547e-01 -4.964967952168673065e-02 -3.628480432846851178e-01 0.000000000000000000e+00 -2.594781155667241213e-01 7.011407600397281947e-02 1.055419309437740094e-01 1.292138054345429166e-01 1.130123857161260958e-01 -1.400869250143590983e-01 -7.745053584549314862e-02 -4.619586378461359444e-01 1.719393808537346136e-01 2.524221816649857564e-01 3.732523785166080854e-02 -2.162848808952836377e-01 1.100137068057896739e-01 -1.231754086548859511e-01 -1.893817011199918146e-02 4.399616551867474024e-01
-1.401458033862441714e-02 -1.903197465936104504e-01 9.537291191923144562e-02 -6.206446839441416563e-02 0.000000000000000000e+00 -2.128656507448871416e-02 1.864072860676250498e-01 -1.754764288192544874e-01 2.339250841709376583e-01 -1.444016912375539197e-01 -4.229699991699572004e-01 -2.176428716778658345e-02 -3.038582354178027689e-01 1.114254643762372238e-01 -2.565486740574410285e-01 -1.199697597173094016e-01 -2.049332549129830039e-01 -4.743771880038701733e-02 4.312133992659412246e-02 -7.215412306935121978e-02
-3.863150898289257063e-01 1.708506790751574134e-01 9.957517841386569202e-02 -4.775293198047667054e-01 2.281603694382643432e-01 0.000000000000000000e+00 1.074140685962827156e-02 1.252577005213305616e-01 3.184591686731361171e-01 -7.135653277456103713e-04 -6.658258504423156254e-02 5.203857368005134626e-02 1.502534009355211420e-01 -3.010376971607555685e-01 -1.345493102936746177e-01 -3.783340782670831931e-02 -1.472185160785834945e-01 -4.383236503496792946e-02 3.970188756736765107e-02 7.221137726925953328e-03
2.914174122721732707e-01 -1.206323353226531475e-01 1.184933413449550249e-01 8.559602495724275006e-02 4.026315022291864221e-01 5.620620568720583465e-01 0.000000000000000000e+00 4.667307532739691650e-02 -6.727244588689751392e-02 3.421009925144413016e-02 6.927081520694634842e-03 -7.266190191825450118e-02 -1.738034531889104117e-01 -7.545435559454208296e-02 -4.517998578359145312e-01 3.174704995243365913e-01 -1.658917227008631645e-01 -3.488082048958406900e-01 2.160689367713049258e-01 -4.076227384374590118e-02
4.533718982672383935e-01 -2.437987048045759386e-01 9.615816833877055547e-02 -1.634456342320906863e-01 3.670179681128623445e-02 -1.505343097841701228e-01 -3.771523866489590732e-02 0.000000000000000000e+00 -7.881342132555933799e-02 3.776237549058897858e-01 2.065285338945483870e-02 2.506657087044222854e-01 -1.008967115962828703e-01 1.949969469952210488e-01 -2.553904099682327011e-01 -1.922284883992247118e-01 2.081089527638450010e-01 -3.978567190783009744e-02 -4.826334724276411525e-01 -6.468046377076688835e-02
-2.023153072004107711e-01 1.090342933797607272e-01 -9.384750985932329564e-03 1.452075261394865369e-01 4.276370102551513112e-03 -2.186434886168852898e-01 -4.411462965587527596e-01 -2.831171843737770866e-01 0.000000000000000000e+00 -6.819761593580286885e-01 8.826217199749819553e-02 -4.354383136488380046e-01 1.192562616423592237e-01 8.478335357650511328e-02 4.561738001561727041e-01 6.869994600673866303e-02 -1.496348266356162249e-01 -4.395564709532746167e-02 2.063579159529100593e-01 3.862245743479486570e-01
-1.733085379267002568e-01 3.056158420142655596e-01 3.787610307772098506e-01 -2.868437254439927253e-01 -4.320627643319304156e-01 -4.614117668658440641e-01 -8.844558850860993748e-02 4.305896555654183944e-01 -1.126342378446384407e-01 0.000000000000000000e+00 3.085801150169147911e-01 -4.850781474504351487e-01 -2.839154816275903936e-01 2.024411365896687520e-01 1.648383250408801126e-01 -2.818251158734016437e-01 2.686732347448267388e-01 -8.216425170533965538e-02 1.965170188928243578e-01 1.887432309229064575e-01
3.022839417146362395e-01 2.495024651758756540e-01 -2.303610944948727146e-01 -9.934449555939818544e-02 1.284019941874158487e-02 -1.258339044198071022e-01 1.006440940936405119e-03 3.882785006582747944e-02 2.170390025541864276e-01 4.175369709129622686e-01 0.000000000000000000e+00 1.432473644168295590e-01 -5.709824563706310530e-01 -9.837939420709974903e-02 -1.407686737621076899e-02 -1.499836306946116665e-02 -8.869564223754572430e-02 9.069155848881392534e-02 -1.675246055749360641e-01 -1.462200725721903294e-01
-3.736048528985295991e-02 3.153832515655579649e-01 5.796965052517541461e-02 -2.212424273807583885e-01 -3.539718748553004057e-01 -1.207073978729085173e-01 -5.924740607035286488e-02 -2.586050898446320412e-01 -3.296306577276075095e-02 2.377216086379008719e-01 1.228313039276258817e-01 0.000000000000000000e+00 -6.400680017977657121e-02 3.518701744322204616e-01 2.153234502782747084e-01 1.804549193917188710e-01 -1.258309092510307425e-01 -2.064786266847107032e-01 -9.263938905747017005e-02 8.591101586818346595e-04
-4.688122704026155829e-01 -4.156127050954548929e-01 -2.164994556445801466e-01 1.021620165227698079e-01 -2.474168966482413745e-02 3.098807800382196720e-01 -2.421076532658270608e-01 -2.436283380595012926e-01 1.331809471126503552e-01 1.819587413354894004e-02 3.766310963745912455e-01 6.823602460767004552e-02 0.000000000000000000e+00 -3.963663519309940791e-02 1.633176505215337970e-01 3.301692174985099149e-02 -3.362532311996912354e-02 5.449927666932941062e-02 -5.885397462412771119e-02 -8.458717372488218367e-02
7.602663995187770862e-02 3.454036192824968543e-01 1.295769713241287646e-01 2.910294755405941070e-01 1.909232927561284321e-02 -1.849038771003717052e-01 1.521696973000499220e-01 -2.312995232464975237e-01 -2.483636780937269195e-01 2.215762004293879428e-02 -5.392058105213118901e-01 -1.778588450104685581e-01 -1.334329637220202369e-01 0.000000000000000000e+00 1.455098233544207253e-01 -4.598685450936561281e-02 -3.056852538531346086e-01 3.871246186545758694e-01 -8.957376978247022503e-02 -4.197698665426413123e-01
4.466474674164220837e-01 1.365823540729632635e-01 4.353725884061931950e-02 2.634675251478489910e-01 2.471360818329186235e-02 2.117526128054077195e-01 3.531510553547708570e-02 2.951530589460483189e-01 3.128223470766921532e-01 1.102478655199597840e-02 -2.473919918296192677e-01 -8.418794217107934685e-02 4.610343267900843811e-01 -3.457872228686671989e-01 0.000000000000000000e+00 -1.446134161606389412e-01 -3.886504278974855370e-02 -3.935717230872923939e-02 6.481261725089142167e-02 5.414253261931015887e-03
2.973741278805837607e-01 -5.615617803610673670e-02 -1.996070688883610778e-01 -1.982514307344398208e-01 5.332660674708271376e-03 -4.810460388690089295e-01 7.088563991812753262e-02 2.094201470251079444e-01 -4.010155630907632496e-01 9.107936288041273976e-02 3.147323360225568467e-01 1.496415434661325650e-01 -1.424416791498481737e-02 -2.536638348530483311e-01 1.439504386359180543e-01 0.000000000000000000e+00 1.308038474876162538e-01 1.280894062764224017e-01 1.656440691198638945e-02 -1.002132252025885323e-01
7.287345307346707740e-03 -2.451910559177097049e-01 1.666863271957182702e-01 2.486953414517212302e-01 -5.226330027127509825e-02 -1.953016092568283235e-01 5.163833868561720775e-02 -1.800951396527924464e-01 4.847024245130542031e-02 1.868679751518733390e-01 -1.363856137360832943e-01 -5.600110350350739896e-01 2.836958339154609376e-01 6.176680512626868402e-02 -1.342614760689705977e-01 -2.640686155192077944e-01 0.000000000000000000e+00 3.069451145345928889e-01 -2.704487382456526312e-01 3.985058178275267815e-02
1.653160743162676860e-01 -3.050962737092221839e-03 -2.568011693969127762e-01 5.583119519009647203e-01 2.487758793765421639e-01 1.909032939599381376e-02 6.450259980501396595e-02 8.043389325515970523e-02 -1.224556026793754970e-01 2.490170512110940204e-01 3.275578639872532838e-01 -2.853808913520078372e-02 -3.355831069773428880e-03 1.045666179555405778e-01 -1.217293489133755846e-01 4.473055026829197804e-03 1.577781072249935246e-01 0.000000000000000000e+00 -8.362174605324237953e-02 1.046014008538082435e-01
-3.767042281279553428e-01 -1.377840311589888234e-01 8.439234146876389842e-01 1.675105369988985626e-01 1.986084988517404504e-01 -6.877283394258669469e-02 2.002463686428815060e-01 -1.125077783260733932e-01 -5.639073424948718438e-01 2.775223912019797456e-01 -1.322956269931553630e-01 -1.470943877467110472e-01 1.990936498229232132e-01 5.327917875459629166e-02 1.840010845579541920e-01 4.174674415665500238e-01 2.202935451414924917e-01 -2.168280690806218686e-02 0.000000000000000000e+00 -6.941827646597356627e-02
-1.378574007590187452e-02 9.719192572837323518e-02 2.530471358519048239e-02 -2.746709072463524373e-02 -7.255849418696866653e-04 -4.216930706089153796e-02 1.061835674885683728e-01 1.312246920881141865e-01 1.614131744043327821e-01 2.198356006491643255e-01 -4.660217103734391048e-02 2.119649415661639669e-01 1.501835537767588595e-02 -2.248453114309495113e-02 2.385809237530776006e-01 9.742541123861706009e-02 -4.268484578458997536e-01 -1.729712237465932945e-01 1.297975020267343460e-01 0.000000000000000000e+00
