0.000000000000000000e+00 1.599412409631166265e-01 -3.455620105608827597e-01 -1.874685835333251638e-03 1.389349474485148672e-01 -1.610160263383505763e-01 5.937019544213397587e-02 2.427218823560556293e-02 9.595931289243731432e-04 -3.904179397715955985e-02 9.682759967739815177e-02 2.690073347316931374e-01 -2.157952442026897233e-01 2.299290737870245960e-01 5.112325126633614908e-02 9.953579616306403033e-02 -2.541519809030830523e-01 3.021752464782753028e-02 3.319525651220328055e-01 -2.414517127052273338e-01
-4.422334876574862683e-01 0.000000000000000000e+00 5.949509734897494295e-02 5.332949075586234100e-01 2.512650028345412845e-01 3.740096969632455970e-01 2.217043865234033170e-02 3.126014931479664249e-01 -6.065289398515307656e-02 1.371166241433500466e-01 -5.977394054282363089e-02 -1.228292296193241734e-01 2.967447704973979680e-02 -1.064685912321245292e-01 2.925834755539315490e-01 4.360629488803435816e-02 8.948967390066428496e-02 -7.549688571253704295e-02 2.809557393599572683e-01 -1.636733563931369317e-01
1.476322629432170741e-01 -7.845734006534788030e-02 0.000000000000000000e+00 -1.094191280874638739e-01 -1.799120488209822732e-01 -4.756063788103950113e-02 -7.583406441038453849e-02 6.980331981281447107e-02 1.263719787017701379e-01 -3.296417175381550352e-02 -5.792609410102024167e-03 6.464342916067768174e-02 -1.207206303129377822e-01 1.583493943503490875e-01 1.883271767355594317e-01 4.552205017378498086e-02 5.354720180649696903e-01 2.051500550838051551e-01 -2.510488775920288046e-02 -8.098600999313182447e-02
-5.191753074602419027e-02 -1.121899925770289824e-01 2.524040334346193681e-01 0.000000000000000000e+00 -1.813947174979249274e-02 -1.183542017339090507e-01 2.339335984718207417e-01 -3.171987711235688678e-01 -8.105728153241595346e-02 -2.725894122820779822e-02 7.141026666110243670e-02 1.030610219164863617e-01 -4.825208681084074136e-02 2.211633249641517251e-01 7.038108455979692757e-02 5.517835506936941137e-01 -3.372709377220526883e-01 1.387705269368698369e-01 -2.336987399379131525e-01 -1.784401962959373533e-01
4.438784087515330601e-01 3.901523043790078860e-01 -4.150556913494644617e-01 -4.981371347933911259e-02 0.000000000000000000e+00 -4.766653183024272544e-01 -1.091883427295261243e-02 8.795376997472714731e-02 4.858196336252931097e-02 -4.459600043043067674e-01 2.476910912210301685e-01 5.468169552730261368e-02 -1.384395065699877726e-02 -1.685755907990436342e-01 1.591988758132256987e-01 2.053312244349024540e-01 -1.077993029922374862e-01 2.003239916920740091e-02 1.849225137571522681e-01 -4.370421963170592061e-01
2.626835637572856944e-02 -4.265203265996370119e-01 -2.063687853266600314e-01 1.050396139137695500e-01 -3.228138958198940867e-02 0.000000000000000000e+00 -6.618400154143792846e-02 1.896652108872964870e-01 1.580520945391744869e-01 -1.760386835661977845e-01 6.550353741023386134e-02 -1.052757018621455487e-01 5.376235494919285873e-01 -1.653251926927926940e-01 -6.995063667225183413e-02 -7.801236852548371070e-02 -9.816925080938322667e-02 3.155185117006246986e-02 6.105568409432145238e-02 -3.619234218508786682e-01
-1.281520435260657398e-01 -2.952610473336068075e-01 2.764239143501021068e-01 5.512634470124707642e-01 3.093001293910011551e-01 7.742007819867714746e-02 0.000000000000000000e+00 3.729990964010130444e-02 3.704530991787452487e-01 1.493446566817320798e-01 -5.141763266782091446e-02 -2.525753254820039539e-01 -1.430999886112715169e-01 7.017463796201503512e-02 -2.741052582195413478e-01 -4.959445299321513928e-02 2.996166313905542777e-01 6.553850606979704299e-03 4.439457489815010205e-01 3.235960657793460205e-01
-6.431589212511043541e-02 -3.039510843999211898e-01 -1.074236689421603080e-02 -1.075073175256518326e-01 8.446815789288263099e-02 3.609925973606982197e-01 -2.511336968566038608e-01 0.000000000000000000e+00 7.431570794710957994e-02 2.537877167649775778e-01 1.141992140974414510e-01 9.263976886276219236e-02 3.006503909754387749e-01 1.103533797304547814e-01 -5.299574675464072820e-02 1.280934898501391063e-02 -1.581059820591322607e-01 1.222379737636097446e-01 2.107494983211503914e-01 -6.662580925631573781e-01
2.723863636098160512e-01 -1.263841789501138520e-02 1.030577909608540177e-01 1.481113316745522324e-01 -5.132007058946488343e-01 -2.674179236716943686e-01 -7.448368419243782401e-02 -1.769603560649171403e-01 0.000000000000000000e+00 -1.151373588934865438e-01 -3.826071511178880113e-01 1.369138413187190040e-01 2.459964064338093503e-01 1.261930612273103602e-01 -1.593867995068872778e-01 -5.832995266222838759e-02 1.226322437006225341e-01 1.348794080278913621e-01 2.251409949867942129e-01 -6.583565668677676674e-02
-3.177185419789788079e-01 -1.518171141154640580e-01 1.193802725773629170e-01 1.663577340385203884e-01 4.975362245720018062e-01 2.620256212548309829e-02 5.469746955960178014e-02 -3.964522197661679570e-02 -9.072388043022501514e-02 0.000000000000000000e+00 7.903999729898264492e-02 -4.634910204143318641e-02 -2.414276745660676460e-01 -2.751925025279145301e-02 -8.742627443365376394e-02 2.806653787674684986e-01 2.117838294062499294e-01 -2.285956202057123909e-01 2.609867812939123954e-01 -1.278979036065150954e-01
2.977044933578512284e-02 2.689417061718146762e-01 -2.291417294457856191e-01 3.586634318736265509e-02 -2.527819588927159855e-01 -4.340878051464807097e-01 2.206099785036813310e-01 6.311831210668666058e-03 -1.838869851242574960e-01 -3.547637587077778765e-01 0.000000000000000000e+00 3.001204117586248610e-01 8.999482518828863520e-02 -8.335198665419427111e-02 -1.502690086416232640e-01 2.366030099721450411e-02 -3.459880036043480600e-01 3.007078774349016270e-01 1.125165215681678127e-01 2.670649136075646801e-01
-1.260036986501222034e-01 1.911455208236727266e-01 1.538201728622512754e-01 -3.428045868275322872e-01 3.330862533603413944e-02 7.046099926130185154e-02 -1.285554978286656547e-01 -8.053671401174705702e-02 9.753399738331076929e-02 -8.478696174396064406e-03 -2.246614062353991803e-01 0.000000000000000000e+00 5.094151120126874654e-02 5.571804175760097094e-02 2.141331070909431589e-02 1.004043113205992238e-01 -6.395199308284020556e-02 -1.929186205603830584e-01 -1.658770766888453263e-01 2.472141158683019424e-01
-4.511756066849283431e-01 1.208685779100636265e-01 -3.225078345398278423e-01 -3.597498776931230546e-01 -2.250755728190073635e-01 -5.758626915480040409e-02 1.633464309873823850e-01 -3.797741187325046619e-01 3.743346719411997925e-01 2.602165300604056264e-01 -2.964435651901333249e-02 -6.490093582418635099e-02 0.000000000000000000e+00 1.314898741285955297e-01 1.538447655315966500e-02 3.157471773292225281e-01 -1.534424762091516070e-01 1.225239868273899912e-01 -8.135382771970787671e-03 -1.893985919855456224e-01
4.253681150961749480e-01 6.252166637899926604e-02 1.386931228734362420e-01 -2.389390034695364207e-01 -1.615829082070441014e-01 1.881417654525644606e-02 -1.306881460014609198e-01 1.346162721374086768e-01 9.802144737563839305e-02 -1.749372564214479175e-01 4.314179759079900950e-02 8.999976808483751110e-04 -3.668835033827035075e-02 0.000000000000000000e+00 -1.868253810656634595e-01 4.705821345706526909e-02 2.267338562496328813e-01 -2.169428283797185386e-01 2.721700707204912084e-01 4.084119543925335272e-02
-2.839402926432281205e-01 7.231218660965228751e-02 1.980652794364746727e-01 5.912045033763665969e-02 5.185726330691793340e-01 6.902018997045959725e-02 1.995833848739912708e-01 2.464749928605251741e-03 2.191512373201263686e-01 -5.356661866940097827e-01 -1.917478635865327019e-01 -8.145505635678129686e-02 1.126814806797170332e-01 4.211213980897113296e-02 0.000000000000000000e+00 7.981400176499700572e-02 4.636030064299364456e-02 -3.243741665834287691e-02 3.665010507902760617e-02 1.854846303296965593e-01
1.688902049383796122e-01 1.966589789325277615e-01 -5.365585958106842968e-02 -1.554193907343770498e-01 -1.054082630105847018e-01 7.814530063127274329e-02 3.603328052206991039e-01 5.351788694251861239e-02 1.084498845803370803e-01 -3.708752871698979270e-01 5.992461622244146247e-01 -2.467550500175547390e-01 4.064685481402164902e-01 -1.243359654618003129e-01 2.141507434757261574e-01 0.000000000000000000e+00 1.438225501219545302e-02 -3.720937225258201531e-02 -2.103491003982515817e-01 -1.198409490730765678e-02
2.462215402716727286e-01 8.320913074871186255e-02 -1.975478822610679253e-01 2.589482035766223489e-01 -2.691451028559727621e-01 4.692145855654403230e-02 -1.992754538538540343e-01 -1.750143007428774933e-01 2.414351192943124114e-01 -1.034943682959460348e-01 -3.387812210083338549e-01 -1.204611257792982393e-01 1.691857907142381989e-01 -1.630986244181210076e-01 2.716336583466606447e-01 2.254589254108037844e-01 0.000000000000000000e+00 2.624545463808275469e-01 4.165686566926229961e-01 -4.435546051392696421e-01
2.586435076543581180e-01 1.362396564892493500e-01 -7.226999262213519570e-02 1.485074724049596229e-01 8.871062889940020679e-02 -1.288236463899271600e-01 3.327757490051876377e-01 3.136015278075048041e-02 2.657157040711558005e-01 -5.495033917152065961e-02 -3.657282860957465909e-01 5.473851667508364965e-02 -5.256598461551822282e-02 -2.819296681364552026e-01 -3.783355304494466220e-01 1.378426167289744653e-01 2.839116016260316289e-01 0.000000000000000000e+00 1.194563330906548704e-01 9.172437063663053860e-04
4.235556436463722846e-02 1.001192402634669409e-02 1.776970294135099271e-01 -1.102696220336601002e-01 -2.821000416119619492e-01 -4.902808550752554145e-02 4.411141025911517743e-02 -5.708244485700320059e-02 5.770752894409741235e-03 4.921510570762588355e-01 1.977506078507907106e-01 -3.101029460119066883e-01 1.461633369171532193e-01 -4.867044867497115623e-01 1.384011869546316054e-01 1.067128342951379205e-01 5.835361089040113670e-03 -2.168327802558701889e-01 0.000000000000000000e+00 9.224511951618792616e-02
-1.373627395318293420e-01 1.871771752459797378e-01 -1.394454494570200043e-01 -8.121090348810811044e-02 1.698229523375359429e-01 -7.586307755056755434e-03 -3.720832604215330158e-02 6.027822636239633242e-02 8.392087244945049818e-02 -1.876401903376702374e-02 5.056338884256256216e-02 -2.591171908836836790e-02 9.203709730753957541e-02 6.435636957167492622e-02 1.127585301939926371e-01 1.798396483882866992e-01 -2.304510022197193697e-01 -3.035904037132396982e-01 -5.959162863374894981e-02 0.000000000000000000e+00
