0.000000000000000000e+00 2.199627746674555906e-01 1.298982939165129746e-01 1.571607875178216915e-02 1.738615919358283413e-01 1.301299314379795458e-01 3.291023666454459540e-01 3.718985794758460917e-01 -5.840097974553265514e-02 -1.539928168179199586e-01 -1.553895653763376072e-01 4.338918760799624907e-01 4.037031093329067066e-01 1.020348792275726779e-01 -1.285318795494189426e-01 2.553153675058456376e-02 3.384469488954137129e-01 7.851546641694344408e-02 -1.988607117837444191e-02 2.050371986573450989e-01
1.130656873095929049e-01 0.000000000000000000e+00 8.701679799630158973e-02 -9.502449716826510961e-02 8.860006122969927775e-03 -1.180563219087528010e-01 -1.141073716073489480e-01 -1.986265977586119946e-01 2.432002839798054206e-01 1.505750877224135698e-01 -2.386593447825111070e-01 2.723642564133094690e-01 7.521489914642178753e-01 -1.860975183606685956e-01 -7.610421149127437335e-02 -4.155892314738222626e-01 1.840430630282086013e-04 7.861444422595288695e-02 3.402197210727247456e-01 -1.521586427601186731e-01
2.097560801822983545e-01 -1.523689618123694745e-01 0.000000000000000000e+00 -3.910579671823343449e-03 -3.997893058345347028e-01 -1.904549048351602270e-01 -3.640996889594226293e-01 2.162272676693448581e-01 1.187700794957595972e-02 6.478178088757372000e-02 1.396297845419390560e-02 -2.455490489490778916e-01 2.918808038605949506e-02 -4.144262729024546232e-02 -2.997973991995156462e-01 -7.245300287749813217e-02 3.319137425667074148e-01 2.936154653270064974e-01 -1.413561709192315274e-01 -8.755845123776896666e-02
-5.296117399010122906e-01 -1.320809381842862618e-01 -3.830387855275512732e-01 0.000000000000000000e+00 1.014682041717050315e-01 -3.987636583967513748e-01 3.187550308104169505e-01 -7.730055881974491616e-02 2.233065901651492546e-01 1.622013175624933967e-01 -2.075987202961566691e-01 -1.520487621756602403e-01 -2.487912824626066222e-01 2.789530799465463149e-03 -1.176867968276529008e-01 -1.519477276626493567e-01 3.264542089339043662e-01 3.055751421702607717e-01 3.819430727550253146e-01 5.344882768300381060e-02
-1.028445007380056342e-01 2.590063724253281463e-01 5.672321674985497664e-02 4.555831137666076919e-02 0.000000000000000000e+00 2.210597546093749644e-01 -1.814406339240346167e-01 -3.406111758788613053e-01 -6.730441182896873542e-02 -8.734328113022446494e-02 1.046562878859719076e-01 3.384397152739019310e-01 9.495241450865983535e-02 2.735744627245116287e-02 -3.102873278402812351e-01 -1.044335648171514225e-01 2.847848640567943179e-01 2.721778044104661981e-02 -2.722332750823476255e-01 9.017796037106584617e-02
-3.293940779866804114e-01 -1.805553188664530684e-01 -2.309312581357312877e-01 1.907019014375319621e-01 -1.777806385095887232e-01 0.000000000000000000e+00 3.803920300449828984e-01 2.561188079295883407e-02 -6.276523789586273272e-02 -2.593385379936133939e-01 4.489448734626088067e-01 -1.592955370244853288e-03 1.329125205257541409e-01 1.940404893813428913e-02 -6.936557538732018857e-02 8.656010824794078962e-02 -2.932986151518254814e-01 4.177469464308211089e-01 -1.305398282030793278e-01 -1.423488513472082745e-02
8.843618214266028019e-04 -5.222837795195406363e-02 2.940030885655701698e-01 -4.170792233514154512e-01 8.701692315345795070e-02 3.264167888423142316e-01 0.000000000000000000e+00 -1.012250998931322477e-01 3.076446355946320654e-01 -3.263034554363031942e-02 -3.341698659301519658e-01 3.912169556865111586e-01 3.240445768314084707e-01 -2.251318051237001794e-01 2.814243489729328362e-01 1.183208475525601294e-01 -1.149863805876736866e-01 -5.319032587936214362e-01 7.984899625458033445e-02 3.383967034909498017e-01
-1.311554939820005483e-01 -1.546587124766999333e-01 -6.704334737797711108e-02 -7.758900190959436283e-02 1.320007423427555504e-01 3.934480056998564956e-01 -1.797331010950581065e-01 0.000000000000000000e+00 2.716410470941623134e-01 -1.647892325020655982e-02 2.340609910578957120e-01 3.268767872490838111e-02 1.781683698191923459e-01 -9.703241778868287870e-02 -1.913635754262491551e-01 2.935148725129489988e-01 2.704119466489983137e-01 -5.829054605027274988e-02 1.081472216657266006e-01 -3.888547380412180621e-01
-1.011045772385405078e-01 -1.104706319472732040e-01 6.117863364339800603e-01 -4.347046977966747411e-02 1.361147760168469611e-01 3.336218234691624707e-01 2.116797118013744733e-02 2.046927029370654294e-02 0.000000000000000000e+00 1.877023536077242205e-01 8.750462643604962898e-02 -8.703815570143164093e-02 -2.003487343672188115e-01 -2.396883812681455672e-01 -7.735307893116444289e-02 -1.137570084827282391e-01 -3.465213093681264178e-01 1.247796321694717298e-01 3.991121314654901692e-02 -2.963431633900583118e-02
2.435582762934057066e-01 2.187056726477423219e-01 1.410063985241079287e-01 2.043274425023437063e-02 1.964513653795796691e-02 6.739686293010983820e-02 5.752977155976903845e-01 -8.663184144499486150e-02 7.416708247265284271e-02 0.000000000000000000e+00 5.508496981385680585e-02 2.582217113455491098e-01 7.073316162000516105e-02 6.416468787113610572e-02 -1.758850825471032775e-01 -1.743579393929796661e-01 5.547976148758436421e-02 6.886115488158831011e-02 2.479328940130511028e-01 -3.160356041945112660e-01
1.537831312565638431e-01 1.648751696730597072e-01 -2.506257443420399911e-01 1.229889654599393423e-02 5.743172955380125844e-01 -8.017877064404668741e-02 -3.817032043215631831e-01 1.889651059778249889e-02 -3.923852646735775940e-01 -1.415669977806850895e-02 0.000000000000000000e+00 8.820091169944888065e-02 2.194982209710117094e-01 9.425449254926390741e-02 6.454862220325714717e-02 -2.826912508470044716e-02 -1.985607907384423498e-01 1.978235502228820886e-01 -5.709769249968313365e-02 -2.125179582893694796e-01
3.929979858066022791e-01 -2.974538648673208385e-02 -2.757162652769882261e-01 2.049867054757823215e-01 -3.113230756176403255e-02 -1.024503762808790519e-01 3.669061190824532970e-01 2.652025762645194851e-01 1.010050310115949979e-01 1.437587314086465062e-01 -1.017896535406585534e-01 0.000000000000000000e+00 3.096453143892503035e-01 2.319815677006343280e-01 3.246318523026110459e-01 1.621252996399808605e-02 2.987626202640116801e-01 1.139749906017737402e-01 2.988108017359682456e-01 -1.108693304962787007e-01
8.599907649742707938e-02 -2.382244183675488181e-01 -5.520122215752967278e-03 -3.883539529664489787e-01 2.464594201479064772e-01 -1.125080429146515237e-01 -2.594047966458919441e-01 -1.660475898189852847e-02 8.647241373040390200e-02 2.161181076998281714e-01 -4.556034610399017359e-01 4.026731925011203250e-01 0.000000000000000000e+00 -1.754319026247196447e-02 -2.627261148146295411e-01 6.476903828429803056e-01 -4.420914083668939232e-02 -2.455950431688365410e-01 -2.084923870337067886e-01 -2.754419769484320879e-01
1.766516358943072962e-01 1.690246405752668379e-01 -2.142829641380177841e-01 -4.947795135444508774e-01 -3.017169798035318137e-02 -9.832182353194307556e-02 1.820027591219991470e-01 -1.142838056075962533e-01 -1.385264757409756381e-02 4.641850235649159356e-03 -1.414080415762044018e-01 2.392115984290032193e-01 1.810102827725850183e-01 0.000000000000000000e+00 -3.039736360823943120e-02 1.813456827557713980e-01 -2.642944251165861222e-02 7.387120002143642006e-02 3.302876696049521499e-01 -1.360389290599496939e-02
-2.231951699183779281e-01 -7.914189869430307556e-02 -1.501926022404632445e-02 -3.999356023364418200e-01 -3.155359410164674250e-01 -1.670539060737271930e-01 3.453551934774704707e-02 -2.043202212358075920e-01 1.669224991791914969e-01 1.099464070580152275e-01 -2.872610667877187884e-01 -1.909626657388364956e-01 -3.857996943120599320e-02 7.737185560464489298e-02 0.000000000000000000e+00 1.104583795811862473e-01 2.408599591069916779e-01 8.322741035834776589e-04 2.741911912406686525e-01 2.517880499782962356e-02
-3.176938177892672521e-01 -8.579313871348850928e-02 -2.649513527342542765e-02 -2.041180152362135139e-03 -5.301898801670855699e-01 -1.354969729259982714e-01 -1.135755380282819048e-02 -4.235257547304101255e-02 -1.644013449953616035e-01 -2.127444344845086932e-01 4.571651254800903064e-01 -1.661639686456957976e-01 -1.309460975224877033e-01 -1.956988456608764124e-02 1.829904262454510808e-02 0.000000000000000000e+00 2.938165833579098885e-01 6.170085355519427245e-02 4.428380762853871833e-01 -1.323965895067156021e-02
-1.575051986082512401e-01 3.567568863101727161e-01 9.582880030420046907e-03 5.995723917109933854e-02 -1.218102768188050050e-01 3.785168159299761442e-02 2.328972159766843908e-01 3.194443689223767646e-01 -4.795032944962449029e-01 1.701923300608160564e-02 5.193352448158943674e-02 -3.716879386043627220e-01 -1.099273308204210958e-01 -2.226268030535975828e-01 3.709570469304019347e-01 -2.793417685043268067e-02 0.000000000000000000e+00 1.283570438427610871e-01 2.054251404123128288e-01 -3.624906958003272506e-02
-1.837036805609208179e-01 -3.265494156306263385e-01 3.730043344539345218e-02 6.842942531152555741e-02 1.119949774907616352e-01 3.159040882984150422e-01 -3.970257939690972071e-01 -7.471879651416465928e-02 1.014788001223724534e-01 3.408594340164875502e-01 1.134761044217376946e-01 7.522921566575144214e-02 -2.007202015656326666e-01 3.126029448121082910e-02 -1.317021665704277422e-01 -4.039715827090099576e-01 -4.119570536173566278e-01 0.000000000000000000e+00 -1.302758015791584834e-03 -3.013915787202922636e-01
-4.135039841633953994e-01 -3.958592651467635060e-01 1.208293181113064829e-01 -3.937291121206787925e-01 -6.371759432902529552e-02 3.407958764556914821e-01 6.456252791617496378e-02 4.583460007859618823e-01 -1.436884380382753290e-01 1.051841081395718108e-01 6.060809832321738255e-02 5.583298927492676145e-02 3.215339307909573924e-02 1.484618334901657288e-01 9.823230791254501659e-02 -5.242314350066926698e-01 5.993726252007985228e-02 -3.682203449640318680e-03 0.000000000000000000e+00 6.464674928123853581e-02
-7.762172638587960805e-02 -3.343794690926140539e-02 -1.026395545273382087e-02 -2.789349223823235635e-02 1.069588514451013800e-01 -1.162964614782804190e-01 -3.311034863005277162e-01 -5.245234170162327292e-02 1.456633950898082730e-01 -3.084805381309820849e-01 -2.156906838937038273e-01 -5.902280453385976011e-02 -2.305145952040885404e-01 4.127910949152113207e-01 -8.601581027208764219e-02 -4.982178539329482625e-01 1.252245307932741691e-01 -1.928220584380379021e-01 -4.245606400802016123e-01 0.000000000000000000e+00
