0.000000000000000000e+00 2.753037369233293785e-01 1.837824861031677193e-01 -1.787128936236749566e-01 9.213790334536142712e-02 -3.938981640708519999e-02 -1.636174981544277068e-02 -1.264868499357382492e-01 -2.089946364119723773e-02 1.916983498713132339e-01 -1.927989879750123536e-01 3.685285891671045977e-03 3.499694788073750562e-01 -1.048984378895147646e-01 -8.772111031012387594e-02 1.826122925079847192e-01 1.707803451663442509e-02 -2.238149953014334850e-02 3.630831297466751151e-01 -2.988597980041020064e-01
-3.021649046247478626e-02 0.000000000000000000e+00 -3.566472584289741565e-01 -1.943052107020895869e-01 -7.317051230675467206e-03 -3.415440681963849978e-01 -2.786097530060746563e-02 -5.857361296851455734e-02 2.225672959802466877e-01 7.100485218907995333e-02 -8.555295390742624975e-03 -1.524953208210599875e-02 -9.889588315699279764e-02 -1.071740158185472691e-01 1.151900982353196504e-02 -2.179972396064196738e-01 -3.204689625673314279e-01 -8.027923374634175768e-02 1.015837155407168929e-01 -1.801148274858027643e-01
-6.024424577893600086e-01 1.120468029113194514e-01 0.000000000000000000e+00 -8.786370633945768394e-02 -3.471722948485567867e-02 1.005570496252629481e-01 2.655539868654801516e-01 -7.481667522029229744e-02 -2.576757289382937757e-02 4.106764531754690806e-01 1.629171550809518365e-01 -2.531477362373348305e-01 -3.171177357536512642e-01 4.832535119511711663e-01 -3.926683470415063826e-01 1.590459075756346374e-01 -1.546115681375329065e-01 5.747958988568314942e-02 2.336716910514085033e-01 -4.298051617551479353e-01
-3.278410802692099252e-02 3.048321552675619106e-01 2.141506773358284044e-01 0.000000000000000000e+00 -1.920837033850006370e-01 -8.881565502205393536e-02 -4.088822435229180069e-02 6.092477573775232497e-02 -1.276616629527005387e-01 -1.139484871328634019e-01 -9.562633782054259790e-02 3.306977490938114994e-02 6.036350508812268756e-02 -1.221651696873778392e-01 2.774364354460059218e-02 3.980151302502605848e-01 -2.873093223647883998e-01 2.411778022880098904e-01 4.801623033891531944e-02 -9.414349857967684032e-02
-3.142249816669822476e-02 -2.315794583332938528e-01 -3.363608381574269973e-02 -4.487893501347799408e-01 0.000000000000000000e+00 -1.987487141966695625e-02 3.146746168319824455e-01 -7.650791031954828902e-02 -1.651009676868626930e-01 -1.465633113657262288e-01 -2.761790373902325846e-01 2.777913895589754212e-01 2.957405181667541530e-02 1.376801359994427876e-01 2.647471303753342609e-01 -1.382595914021295669e-01 -6.827059627902763717e-02 7.308117460424516654e-02 4.051653184307817124e-02 -2.136808297716839555e-01
-4.644622330989464642e-02 -1.235957794015233868e-01 6.572333020757983868e-02 -4.410235115762564662e-01 2.408155992065320050e-01 0.000000000000000000e+00 -1.343458931698698067e-01 -9.993026512826352903e-02 -4.612601691346912558e-02 -9.055976289889056119e-02 3.754398750347503338e-02 -7.974451614593543181e-02 4.627993781497694581e-01 -5.128694008817502592e-02 6.323109917090952159e-02 -4.414464629989341971e-01 -1.123292490967705247e-02 -1.852631047402669706e-01 4.424029077635966423e-01 4.229468005153735194e-02
1.857193317609402983e-01 2.869507745299400003e-01 4.555508145583120339e-01 -4.369184540187211474e-01 9.056612210625121506e-02 1.002713040427604535e-01 0.000000000000000000e+00 -1.002215530226138046e-01 -7.703804242090656063e-02 1.388077251232199688e-02 1.499565743629327208e-01 1.678309562284585887e-01 -4.082089994864405713e-01 -1.121037029767949361e-01 2.119996520767502071e-02 -8.797654304037379192e-02 2.958293817384335944e-01 1.276962507938360636e-01 -1.121126189403555129e-01 -9.529973435651224734e-02
1.754859666702441867e-01 3.193200938285084556e-01 9.980693696383961463e-03 -1.908475831967122449e-01 1.709252040432034658e-01 -4.354748121273824268e-01 -1.715541013053376307e-01 0.000000000000000000e+00 -1.710404821718535529e-01 1.888626656770863166e-01 3.078286192254646725e-01 4.127234476832155607e-01 1.321961132939568351e-01 3.132847660133744050e-01 2.346335664441024094e-01 -2.811598536380596758e-01 2.662522212826463619e-01 -5.834533864406397236e-02 -1.220619934991270805e-01 -3.569585771930531282e-01
-2.355037520301780374e-01 3.236905603270776033e-02 3.794139716090931258e-01 3.391787661483568472e-01 8.843877871524978562e-02 -1.103182064065836160e-01 4.045282918140291062e-01 -4.446548162022842532e-02 0.000000000000000000e+00 3.666007769698823582e-01 -1.637992622723840330e-01 1.081303463351531158e-01 -1.611258573296759644e-01 -1.071956526721208267e-02 1.501124682851853187e-01 -2.215029560019904087e-01 2.546641136228515803e-02 2.701680714317266641e-01 5.565586167011991048e-01 2.251732043175294906e-01
3.411015141714978660e-01 -6.581806494506060867e-02 -8.286566071073377115e-02 4.187653768226781703e-01 3.444674838117302573e-01 1.441661630692211427e-01 -2.707890525365770351e-01 -5.124592761542494379e-02 4.381040064949736496e-02 0.000000000000000000e+00 1.413126636465985297e-01 -3.680283884741334527e-02 7.127246950172835653e-03 -4.510244447392654926e-02 -4.637907398386902774e-02 6.596970906494981080e-02 -6.672580040360536098e-03 -4.661241732192754617e-01 2.240748904512747941e-01 -3.980392310342482087e-01
-1.404071112700476520e-01 -1.920999219429813526e-02 -2.148404998367269558e-01 -2.484924702763734519e-02 2.090316967406275206e-01 2.475405886944370415e-01 -3.475797283753919165e-01 3.947265694781237205e-02 1.136040144817194730e-01 -4.492143542244455001e-01 0.000000000000000000e+00 4.273586756050788693e-02 -1.724810746496845959e-01 1.651482148398782449e-02 5.216707027942702607e-02 1.100923763801369137e-01 -7.921100016813864553e-02 -3.177264502671688362e-01 7.406701609328689151e-02 -5.988290774771899000e-02
-6.737373931056789278e-02 2.953454621239154920e-01 -1.316732865263441632e-01 2.349436255445008503e-01 -1.121299341088139861e-01 1.137327983985046524e-02 -3.368602099910132375e-01 1.364714227604441610e-01 4.690592640772082295e-02 -3.458238602242407200e-01 -1.409150968996420450e-01 0.000000000000000000e+00 -1.906050253558606300e-01 6.681893502987194811e-02 -1.871453842529095524e-01 5.673377320572394605e-02 1.074663146845318273e-01 2.845355735454550561e-01 -1.093987469774330978e-01 1.170241872881478823e-01
3.148530291320656982e-01 -1.569529575704817492e-01 1.346083853118224538e-01 -3.679921216767543385e-02 -3.998176515713059570e-02 -4.762034540540534960e-02 -1.811267326936377431e-01 1.529916840944707257e-01 -6.052288151249288553e-03 2.894241820691670908e-01 -3.330825480997092747e-01 9.530782435701568023e-02 0.000000000000000000e+00 1.048273084704767349e-01 2.685210022259404972e-01 -1.877345999120537678e-01 1.388080003109627703e-01 -3.160390400401413280e-01 -3.032580705390146569e-01 -4.859156480990845656e-02
-2.577555077610849676e-01 2.056524121472725342e-01 -5.742780717297878146e-02 -8.283147640119190025e-02 -9.860806236394163704e-02 2.536666409424200297e-01 4.143605156719378652e-02 -4.584664889841201518e-02 3.259821690401748517e-01 3.505668452453096773e-01 -1.246645663760338196e-01 -1.898427820350828410e-01 -4.366031610956047637e-01 0.000000000000000000e+00 3.117776077049791081e-02 3.164129286308539624e-01 2.524615140823917581e-01 3.426534934883759820e-01 -2.371197737785792070e-02 -1.880843375996568978e-01
5.377452500708347627e-03 -2.323791573772700236e-02 4.371167403771541449e-01 -8.401209502961293207e-02 8.913422318738510597e-02 4.798197310675396399e-02 3.670356014539945255e-02 -1.129756731245620816e-01 9.757880124056759899e-04 2.452073231515201346e-01 -1.116223319597983432e-01 4.544339227509657485e-03 5.916288324112966429e-02 -1.227449230786554352e-02 0.000000000000000000e+00 -2.589436557777340941e-01 1.058633816258216231e-01 -2.867833292134278067e-01 1.520803023658813535e-01 -5.020173643559265875e-01
-7.210264230340811265e-02 -8.442926724971924757e-02 2.158809631895951264e-01 6.719047057150167104e-03 -2.674455278833562377e-01 -6.612302203106006082e-02 9.395788639670979991e-01 -3.184861221545430832e-01 2.162670491064771772e-01 6.906812774535575628e-02 -2.733273664349196788e-02 -1.437796211995973350e-01 -2.371618503723283908e-02 -2.360331376618905186e-01 -2.732699736687875247e-01 0.000000000000000000e+00 2.460110501245692249e-02 -1.217937292928774895e-01 -3.711210807278744750e-02 6.671193446682094352e-02
-5.368431883104384655e-02 1.540842594249426656e-01 3.467787019209676580e-01 3.408863861533551476e-01 -1.161959597569544034e-01 9.308758613846582208e-02 5.125229286676079576e-01 6.763377867151410677e-03 -4.845000779578323424e-02 -6.086191586905109058e-02 -5.257274976322769827e-02 5.881066289966182907e-03 2.078688045730490985e-01 -5.112590474332534551e-02 -7.865959067976299735e-02 -5.251978755672507410e-02 0.000000000000000000e+00 -1.025813643494851990e-01 1.664387423973959501e-01 1.803189156230653456e-01
-3.347829614242289753e-02 -5.708903424640724561e-02 -2.835367301461436118e-01 2.156878923155936545e-01 2.579367083284901940e-01 1.291026735763514122e-01 1.745044147601902129e-01 6.212873697812852924e-01 9.817407889168838775e-02 2.802812222940252451e-01 2.257243503362231229e-01 -1.261477267651506806e-01 -1.151454100099636065e-02 -6.902352102292302893e-02 -3.994296313859634767e-02 -3.278108265565762292e-01 -8.777370377729033779e-02 0.000000000000000000e+00 4.388421946871751689e-01 -3.374079726413401620e-02
1.251080363506213711e-01 -1.778019969994575344e-01 -5.187200585888022270e-02 4.452521570238306310e-03 2.230405029940919492e-01 -3.219111340053906201e-01 2.053062441598932641e-01 2.079466771949521620e-02 -2.732911777623723837e-01 -1.222430741908296786e-01 -2.724803869529437428e-01 -9.910697622327230283e-02 1.113043835144330168e-01 1.707437693263225142e-01 -1.400887110199043328e-01 -3.921145982432920896e-01 -2.092329594476506904e-01 3.534541463966704017e-02 0.000000000000000000e+00 1.005771208399821176e-01
-9.448851126719465254e-02 4.368964083795302544e-01 2.457776935345829528e-01 -1.523537563881405821e-01 -6.626707296301816152e-02 6.106984135473655928e-02 3.088752622749806886e-01 -4.313630352484181807e-01 -8.716062274490526951e-02 -2.358147055151535165e-01 1.393951581055864232e-02 8.780509675498332500e-02 4.465465992486418734e-01 -3.785041104712874027e-01 3.169962852254870622e-01 -1.151944629785681962e-01 -5.951848653795709376e-01 6.192899385235890730e-02 -3.232199192577107916e-02 0.000000000000000000e+00
