0.000000000000000000e+00 4.897441355658489481e-01 -3.016280094469607140e-02 3.589291203802039837e-02 9.899024708968649777e-02 1.393945638358105588e-01 2.255976777665881228e-01 8.815670957810688158e-02 -7.521835350858442626e-02 -1.444290757961668448e-01 1.801058181469720187e-01 9.311944955704508364e-02 1.284888819574439567e-01 -2.463411988641472095e-01 -2.224343986417080810e-01 3.008673026136620687e-01 1.301095984756996671e-01 1.201302281350546119e-01 4.622057298847732087e-01 -6.491844588355696888e-02
1.344693182695438916e-01 0.000000000000000000e+00 -2.611619302206253934e-01 -2.285266471556147705e-01 1.975609767118234883e-01 -1.193488965365912119e-01 -3.019658162977816307e-01 5.145058614315083795e-02 2.000956238446608693e-01 3.065112368654823172e-01 5.509004263789236688e-01 2.522064126499912184e-01 -1.831818526333954256e-01 1.508544094085733679e-02 2.408728770406595721e-01 -1.237764162609063939e-01 1.515198384172898871e-01 2.328850694377297414e-01 -3.916298307087390240e-01 2.653530413437823338e-02
2.546213160118976915e-01 1.514008400361453732e-01 0.000000000000000000e+00 -3.414974387424993003e-03 4.624163101061807279e-01 -1.012227041439118201e-02 -3.584696294482115353e-01 -1.045924754244606097e-01 3.324085759629973047e-02 7.890431990033748566e-02 -5.604723795484669452e-02 1.925881344979223087e-02 -3.805002268933058845e-02 1.902151663448736485e-01 -2.501638328478707485e-01 -1.651653220628905919e-02 -3.160008711809255688e-01 -2.504158859751849930e-01 8.328461479864762707e-02 -9.907439987140206905e-02
2.169154473773956815e-01 1.279021303194400466e-02 1.195099442571100207e-01 0.000000000000000000e+00 -1.243093212668654329e-01 -5.123160749984760898e-01 -3.365564078302628048e-01 -2.778850333362576364e-01 -1.031693582990464153e-01 -2.758058811420260881e-01 1.083250793602454770e-01 1.315090165820580748e-01 -1.211124228610240272e-01 1.191562913856962502e-01 1.060499514008600291e-01 4.616209992054843836e-01 4.852461836489110891e-01 -7.892680544223985850e-02 6.775769757580106800e-01 -2.020374591832677091e-01
-1.949430028122824121e-02 1.838350656671934313e-01 2.790163917769664104e-01 3.691323075364056905e-01 0.000000000000000000e+00 -1.787312602564968267e-01 -4.058089390832171350e-01 7.994301949170848354e-02 5.857539449029289802e-01 -1.028025553606106424e-01 7.050139462429519388e-02 -1.961065276496308518e-01 2.277519236982711859e-01 -4.900876911644982958e-01 3.722832960419414916e-01 -4.159833278027530445e-02 2.667135288804413640e-01 5.282035705693302052e-01 -3.492316851990704962e-01 -1.251923363461876215e-01
-2.694364948708691809e-01 1.670003316148212236e-01 2.590944181704604721e-01 1.585388848586148369e-01 2.690962165623735913e-01 0.000000000000000000e+00 -1.979738116364953837e-01 -9.783708164873645974e-02 8.046302019137634154e-02 5.976233158442621068e-02 -6.589894007397478250e-04 2.993955713465875079e-01 -4.151342142998525886e-01 -1.629642928756880327e-01 1.106266531210454707e-01 7.239661226699026404e-03 2.359253387170805738e-01 -1.208092610050637561e-01 7.656773292964619282e-02 -1.541380867276594679e-01
-1.455158060436096412e-01 3.264539599143342352e-01 2.125996196898044810e-01 -3.050175928123921576e-01 4.559629177609144518e-02 6.909457511355175663e-02 0.000000000000000000e+00 1.008820670997523788e-01 4.561322086025140082e-02 -4.669914288308220085e-01 2.132000200070720553e-01 -6.823372086328818864e-02 1.001325355669644562e-01 4.007805637758363182e-02 1.250299403425695899e-01 3.973010779483636679e-01 -9.954751845759496343e-02 2.582483960680351937e-02 3.980430074904740129e-02 3.172077317324251688e-01
2.179809968612859694e-01 -3.448973949337932887e-01 -2.352182121425944739e-01 -3.379963574738141519e-02 1.663730081985413389e-01 -4.692343709709359545e-02 -3.416358131650305135e-02 0.000000000000000000e+00 -1.340329914081122842e-01 -1.960391006431982663e-01 1.408489917009357606e-01 -1.812860888454301267e-02 -3.153185750361326561e-02 -4.611129737822880492e-02 9.639640079199549016e-02 1.439620318744656499e-02 7.811281801170445738e-02 -1.451376932166373313e-01 1.384151545078783629e-02 3.635276248749048089e-01
5.130592321293145353e-02 2.851476159086428069e-02 1.307511942127548843e-01 -2.840394803253192268e-01 -1.642713004977455205e-01 3.720994557729011554e-01 -5.331551522442477646e-03 -1.407403957775265335e-01 0.000000000000000000e+00 -3.525935380586995432e-02 -5.128455434056396894e-02 2.731922570857889948e-02 -2.228887645703619136e-01 -1.327866762546876245e-01 4.382057392503457133e-02 -4.174673321084845234e-01 -6.465831682160812222e-02 -7.334560813077350624e-03 -3.751867279257416476e-01 2.777952487195840536e-01
2.979947561833093395e-02 3.984638010697235111e-01 -1.691549998537833777e-01 3.193646708482261037e-02 -7.545407973272391135e-03 3.347931693893884675e-01 3.835981353990989273e-01 7.003574801853092169e-02 -1.439097892960162772e-01 0.000000000000000000e+00 2.534444198467093456e-01 1.678161525171409374e-01 -1.907041061523607473e-01 1.428747677603056654e-01 1.284798132388951242e-01 5.555994825739986320e-02 5.211583622842370922e-02 2.697769388543765356e-01 -2.531890050427281769e-01 -2.665784531923251488e-01
1.888384661805759535e-01 1.215926955470496146e-01 -1.046908641869979395e-01 -1.675643041813457690e-01 -2.630316285482875438e-01 3.137806941772722236e-01 1.522271808271892790e-01 -8.476455827788739739e-02 4.342333648531453427e-01 6.106898393049840779e-02 0.000000000000000000e+00 1.435402778708672888e-01 -1.246297842708794373e-01 -1.584148611342340862e-01 1.759111378094817546e-01 -5.919219675937965192e-02 1.529765032856730267e-01 1.181054834812059255e-04 -3.054348442405813713e-01 1.022412040879902839e-01
3.205703292252021219e-01 -2.045746810901136470e-01 2.304359255317832075e-02 -2.156158287717379329e-01 1.498121826743412932e-01 5.205079381874708200e-02 1.296145494328764802e-01 -2.350698604213904419e-01 -2.169891999501057378e-01 2.331498935244959159e-01 1.472538441318962076e-02 0.000000000000000000e+00 4.184269233020382894e-01 3.022376768059967245e-01 2.304027167878234250e-01 8.894308148464188934e-02 5.537736520236213184e-02 -2.928945267653382811e-01 -1.353311679580339842e-02 -1.240968038294295722e-01
3.218546769556917542e-01 -1.970203268133051411e-01 2.924573565757642712e-01 3.805411985023340882e-02 2.711627494689591300e-01 -2.338138210722019994e-01 -4.185590269083871995e-01 -9.522131027041701168e-02 -1.191014220090621939e-01 7.374432245300260869e-02 7.071092716881210993e-02 -3.062662618090729594e-01 0.000000000000000000e+00 8.676965179083169499e-02 -9.478305597539485317e-02 6.996336343791145426e-03 -1.841170508886519896e-01 2.382018300631779661e-01 3.140445504880109429e-01 1.098097017195507306e-02
1.767438474853962882e-01 -1.293692547784725151e-02 -1.086932724638962622e-01 -1.180383621436397884e-01 -2.897085580266058891e-01 -1.746072923944268773e-01 3.800282601188321729e-01 3.392674380592394234e-01 3.745749650899992539e-02 -7.964743392617834594e-02 5.646909933930090164e-02 7.809673594881568967e-03 -4.511248959994636487e-01 0.000000000000000000e+00 2.655097652295170252e-01 -2.714141057708582133e-02 -3.345694410696806731e-01 1.146576282204505026e-01 -4.357307912862787291e-01 -4.419623004839627889e-01
3.272755709503145649e-01 -3.361305382161476618e-02 -4.931468184470351734e-01 -5.059872277197265816e-02 -1.891892685888784398e-01 -2.855107345031396848e-01 -1.924647541696090092e-01 2.779268047658019214e-02 -4.226647447876706321e-01 -7.813066440982292804e-02 7.853634385044337696e-02 -2.251957911503973120e-01 4.569725481026319647e-02 -6.180705068817245185e-03 0.000000000000000000e+00 1.596306056965072773e-01 -2.760730061430045068e-01 1.850468421003689246e-01 -5.754659428010682615e-02 -3.172453636065216687e-01
-3.333241919651081520e-01 -1.985638228001762040e-01 9.529503747563136673e-02 -2.378641431677088747e-01 -2.411880372788156868e-02 -4.198553438322558673e-01 1.555603284551196064e-01 -2.158965011649948140e-01 -2.378828050929883697e-01 -1.977951246818072939e-01 1.397811861376387077e-01 1.052636402703516355e-01 -2.890804619065065473e-01 9.930672429980072491e-02 -1.253003353326123670e-02 0.000000000000000000e+00 -1.087782814907089501e-01 2.206095019532628224e-02 -1.280602837419559381e-01 -9.779676325639091727e-02
-1.232072592953258605e-01 3.805673188184642217e-03 2.771033868906863651e-01 -5.056696714006353455e-03 -3.996538259928097275e-02 -2.826460536672541907e-02 2.210667309795168733e-01 -1.248314781166985493e-01 -3.095834914142909233e-01 -2.821283368925243673e-01 1.205861221748056877e-01 2.743796455928006472e-01 -3.833847954610480335e-01 -7.465926662730489050e-02 1.675389881288663063e-01 2.539567857337753365e-01 0.000000000000000000e+00 -7.543358093207508386e-02 1.452463430890515161e-01 -4.207067183586973291e-01
8.826863452454124515e-01 -2.157691563130811618e-01 2.698148514690110189e-01 6.294904673403058093e-02 1.568852821614257209e-01 5.409193649136243565e-01 -5.605742415743707185e-02 5.570610867136551597e-02 1.320793768394624701e-01 1.280173963017557648e-01 1.473809911624559266e-01 2.550119634303097960e-01 -1.924618732124639894e-02 -7.124808744165514462e-02 -4.161161096092739209e-01 3.649443242189878700e-01 1.330088023176006218e-01 0.000000000000000000e+00 4.157222476160011837e-01 3.474641735590966451e-01
-3.896901438769290738e-01 2.013908574293801212e-01 -1.297797869710906049e-01 -2.181461668375777596e-01 -4.042089998354070901e-01 1.817723674813116197e-01 -3.588468572853383831e-01 2.478164088163901102e-01 -2.347497045404100396e-02 3.788801106797491380e-01 -2.393214146410739540e-01 1.102221153856523111e-02 1.136069595322636017e-01 3.163814127122201447e-01 1.397335991051169846e-01 3.735867543135318325e-03 -1.766463430643664401e-01 -2.289079631880379939e-01 0.000000000000000000e+00 2.036695085250358334e-02
1.235249686564124649e-01 2.831458905711380925e-01 -3.139359072411816998e-01 -2.126387913037239286e-01 9.395487221611296264e-03 -4.902832523043416935e-02 -1.956132676038964402e-01 3.660042468399886118e-01 -1.084166262541398466e-02 -7.981101379242262761e-02 2.621491793032481362e-03 4.487240815387846249e-01 2.384245305023693640e-01 -5.482222214382526104e-02 -6.630414388017356886e-02 2.940671083731598578e-01 -1.519189028525313179e-01 -3.945147291389361488e-01 -1.185321151011920482e-01 0.000000000000000000e+00
