0.000000000000000000e+00 2.920095388623092925e-01 2.066591837810352328e-01 1.432004321150283366e-01 -2.358463592208735193e-01 4.019915166299125042e-01 -2.264660020801740059e-01 1.841677741083305730e-01 -6.588582196874386010e-02 -1.324804472568557601e-01 -3.116468445333401838e-01 2.469020805349526893e-01 -2.084776257433094138e-01 -2.108961906184612656e-01 9.762812134804770003e-02 1.777580731075795450e-01 1.608925041609811646e-01 1.960187647520363410e-02 -2.957755353522242836e-01 1.158148574893950143e-02
-4.102726920911611841e-01 0.000000000000000000e+00 1.064898829462724572e-01 3.766179009525752464e-02 -1.928410360924483202e-01 2.029107584412215282e-01 9.456093840441930076e-02 -4.947141535272634449e-01 -3.698916485529313292e-01 7.186169361559678614e-02 -1.034571306707145200e-01 -2.416630925860874801e-01 -7.016203058710780704e-02 -2.275986010056893771e-01 1.116743106106721783e-01 -6.696183069290117564e-03 1.052966749486090522e-02 -2.618119783157245029e-01 -4.276541032281171995e-01 6.071868622814154820e-02
7.201599008532001689e-02 -2.528993239086868572e-01 0.000000000000000000e+00 -2.058071501411890825e-01 -1.667905193683145437e-01 -4.566343503402341131e-02 4.396970131584872488e-01 1.841057875480689721e-01 -2.364606065708664828e-01 1.232183841007192387e-01 6.129582216751125467e-02 8.212998620292456808e-02 4.380218678205986815e-02 -2.538579046527801239e-02 -4.670982909252320847e-01 -2.100706592040119114e-01 6.168135034559273089e-02 9.561580007083622657e-02 9.318731285991037339e-02 6.747422633337102349e-02
-4.285790466146096045e-01 -4.026544897373385973e-02 2.839010587412165720e-01 0.000000000000000000e+00 1.247024283159989116e-01 5.342013127333644640e-01 1.409231763688143131e-02 6.601026270407919783e-02 2.105915483692218926e-01 -6.159814760094651717e-03 2.282873591104078725e-01 -5.022322417761144742e-01 -9.105838736714182147e-02 4.900818289723232746e-01 4.488006983652615411e-01 3.195670270882927655e-01 2.435996992055483867e-01 -1.759944121778501680e-01 -1.697639599568177490e-02 2.579941243228198178e-01
8.692578950070632693e-02 1.961663158733173706e-01 3.110609852030332134e-01 5.239727121173879537e-02 0.000000000000000000e+00 -1.282417563811008403e-02 1.226324432046364127e-01 1.277194248842146995e-01 -7.940447784278036047e-02 -3.921733461815314903e-01 1.177973065107376233e-01 -2.658981503989313322e-02 -1.131547907421174975e-01 -3.860703452414795261e-02 -6.556673730698134306e-02 -4.780873055664700000e-01 2.209219862660997957e-01 1.834663839806481289e-01 1.299432492994168631e-01 3.974500873689635339e-01
-2.201621941020977802e-01 9.015836563937307258e-02 2.085929904157904080e-01 7.727850955127078640e-03 8.104213734749264597e-02 0.000000000000000000e+00 1.644136599557330658e-01 -1.228800999735525923e-01 -2.491462503133501719e-02 5.066148548012794350e-01 3.233941321845147931e-01 -8.965074588297523503e-03 -1.861465762127110790e-01 -1.190121325449045170e-01 3.935191894112208266e-01 4.784279591482255151e-02 1.812867924697474653e-01 -1.201258586451702248e-01 -1.055509329278077196e-01 8.355141968647727957e-02
2.418277867438782536e-01 5.173181460935292186e-01 -1.805494950211885274e-01 -2.248639136549221706e-01 -2.490950488899391913e-01 3.016294871251770093e-01 0.000000000000000000e+00 -3.249778116884493029e-01 -4.362314496660495665e-03 -1.441231781594977390e-02 1.863622123073491732e-01 -1.851170208308506593e-01 -3.754212054491003481e-01 -2.572241021283074303e-01 4.879805631140927136e-01 2.008709683992535577e-01 8.601090968794637692e-02 3.425697353310055288e-02 -8.236188751899641003e-02 3.552958334138600627e-02
1.095757080013544105e-01 1.344832713374405075e-01 1.104200346368787167e-01 -2.276796592017332199e-01 -4.675072782679137035e-02 2.436501035068353027e-01 -1.647483702987760090e-01 0.000000000000000000e+00 1.211280289970715907e-01 1.128851012966654022e-01 3.481177841041168119e-01 -1.143349896985434815e-02 -4.742233260538715814e-03 -4.111144016763659814e-02 5.605196999454762491e-02 -1.177477160341415113e-01 4.854715589698210820e-02 -3.955145411083056672e-02 1.102982661721985391e-01 -1.275423495243191985e-01
1.029906401194721766e-01 8.601638718458573876e-03 -2.164576678944672705e-01 5.704810775912125265e-02 -2.188161816857198128e-01 3.748611042721542441e-01 -1.586991156599004971e-01 6.601018965317655418e-01 0.000000000000000000e+00 6.326375152271678237e-01 -4.012543504476792644e-02 1.277681789499681420e-01 -2.559206801690007849e-03 5.606971427332035213e-02 -5.034580897124615317e-01 -9.778600435950320080e-02 -2.540724464502919777e-01 1.012016356030926052e-02 -7.271778273665012449e-02 -3.593823526721656170e-01
5.320684609010118554e-02 1.179646548661310024e-01 1.016363310624641414e-01 -5.363080780606888781e-02 3.896288609407485004e-01 3.214004121892424792e-02 -3.283840876193134806e-01 -5.453623280475861090e-02 -1.142813940950662410e-01 0.000000000000000000e+00 8.378639360583997608e-02 -1.582273591205418661e-01 -5.226217197971462156e-03 4.688741755588585886e-02 -3.170711783177190268e-01 1.658128490416511669e-01 -2.088312292585277063e-01 8.204402339736167893e-02 -4.975619317372390743e-02 -9.642604335771269575e-02
-8.504442924283002470e-02 1.811707620274204678e-01 -2.299319681389025705e-01 -3.149218973921822373e-01 -8.009716439360442530e-02 -9.805232349327769326e-02 -4.230204668749204533e-01 -6.346304353999522585e-02 -2.131589870075503990e-01 5.268089006677861494e-03 0.000000000000000000e+00 -2.279384735529076667e-01 7.597468709068230797e-02 2.725307382587929816e-01 -5.944737431610971901e-02 -3.690682984112636511e-01 4.766013266877683341e-02 3.588739295805294938e-01 2.645074550696806526e-01 4.133044379987961259e-01
-8.421572190797997626e-02 -2.701582942948107524e-01 5.885887588611535270e-02 8.062947076944863845e-02 4.770460444878925343e-02 -2.831163880103151897e-02 -1.422032263081993153e-01 1.734888395269400252e-01 -1.455730677395570410e-02 2.399225930472188850e-02 -2.342687179157292021e-01 0.000000000000000000e+00 7.164376363851369944e-02 -2.448776621612161752e-01 -3.100950925571765993e-01 -7.914553586541948904e-02 -6.387150638157071403e-02 4.604623109974302353e-01 5.205030226708667884e-02 -3.605093727648134849e-01
1.606698227452071567e-02 1.489970528776217162e-01 7.426330203378547767e-02 -7.524480124670630821e-02 1.113014813109192147e-01 -4.011704885011979638e-01 7.737557208416609433e-02 3.041739087918117757e-01 5.216585328800750210e-01 -1.588147743901953401e-01 2.586848801187435765e-01 4.002121295614771701e-01 0.000000000000000000e+00 -2.894130077689625047e-01 -3.001384295786264089e-01 -1.206516052047354876e-01 1.108321908941873740e-01 -2.580248280528171234e-01 1.137303151742787288e-01 -1.370737971104487307e-01
-2.535732134514746550e-01 2.750398940590329522e-01 6.503269186580336314e-02 -6.141500985940508833e-02 7.335945797455530049e-02 -2.870261525536780267e-01 -1.713222556605106112e-02 2.260668616920044616e-01 -3.841549811771831080e-01 -1.171207414543600916e-01 -5.374269329397268063e-02 8.669036576737626509e-02 -5.430864620850469615e-01 0.000000000000000000e+00 -3.592071818106861159e-01 -3.691399942675143708e-01 1.098533974378154005e-01 -2.992989205454993917e-01 -6.620736359632237167e-02 1.372298204377074560e-01
2.033542750974105806e-02 -4.746080773226072497e-02 -6.583570411354093543e-02 -2.816951397146332317e-02 -2.322912428931205864e-01 2.335808388411471925e-01 -2.704304920087020059e-01 3.417907097133788819e-01 -2.069924454308674777e-01 1.550716981743280876e-01 1.378357310910069411e-01 2.915637972162533550e-02 -7.462453213655993907e-03 1.309619570858702731e-01 0.000000000000000000e+00 2.270376805201874959e-01 -3.158116157627552378e-01 -1.054495413325378106e-01 -1.477050582130597367e-01 -3.390383544877675903e-02
-1.183344475039423138e-02 -4.771031577217088593e-02 4.148619188114954781e-02 2.472885209273879004e-01 -2.714116454026166414e-01 2.284715360136839735e-01 6.052064151136592879e-02 1.741097130113944125e-01 1.890089344123800641e-01 2.025256338180793092e-01 1.686712526217651609e-01 5.485083022330397053e-03 -3.360662469729219781e-01 2.211643504204902355e-01 1.484058075688956813e-01 0.000000000000000000e+00 9.577883700652554955e-02 2.473301572081260113e-01 8.413050112535183644e-02 1.380399659736132045e-01
9.337996966402192789e-02 2.318303897987105955e-01 2.811288855112906160e-01 -2.504302949982935012e-01 3.030522429240639082e-01 -5.491668479360487659e-02 1.181581818071811285e-01 -9.413680563806101423e-03 -9.354007569665923061e-02 -1.136113448879365085e-04 1.097093587697090672e-02 2.149484628259080154e-01 -8.283352852638317925e-04 -3.029183132600263839e-01 2.453539387696193619e-01 2.731546351344038906e-02 0.000000000000000000e+00 -5.041314902998078606e-02 -7.002673630145009320e-02 4.468999345136419055e-01
1.832772590975716709e-01 3.008465607705205352e-02 -4.711914341651352034e-01 -2.442251768539531187e-01 3.117242796460875098e-01 1.221426215425237549e-01 -4.261338048927041933e-01 -4.190718738447305608e-02 1.898562420970953402e-01 -1.271253458281189873e-02 -9.352157981418446342e-02 2.296577609283770305e-02 1.535637645840467191e-01 2.544964104715287667e-01 1.841805659204710788e-01 9.196327675109292055e-02 3.231954422809041882e-01 0.000000000000000000e+00 3.524225885706314121e-01 -1.786416486597941222e-01
5.284971180409626934e-02 -1.110741532445143759e-01 -1.217066179480671972e-01 -1.473732810864032683e-01 4.621533751994345157e-02 3.845630459658164746e-01 -1.319028976336047987e-01 1.377310717924764005e-01 3.057631287171592160e-01 -1.023307143941476899e-01 9.474339592674367594e-02 -4.374419450970752909e-01 4.188031218324514970e-01 1.534055882179515273e-01 3.368825689476339647e-01 6.315006651883892097e-02 -3.389741111154593312e-01 3.586595319093032752e-01 0.000000000000000000e+00 -2.511510163963016073e-01
3.461316700267513258e-01 -3.012676476203715592e-01 -3.036035610514369876e-01 4.355435396251671198e-01 2.335746428418978560e-01 5.272929898313416519e-02 1.941309294327210611e-01 -2.179486555156659802e-03 -1.631035492125200159e-01 -9.283281198377954513e-02 -2.858246955874157447e-01 -2.596188284258379442e-01 3.000994493160006882e-01 -2.690766407152377928e-04 -2.669443017119163541e-01 2.837372151326025826e-01 -2.911350700817242343e-01 5.215702174994046175e-02 3.084361025489466002e-01 0.000000000000000000e+00
