0.000000000000000000e+00 -1.671054254742518896e-01 -3.490897884800597817e-01 -1.038101539087744191e-01 -7.872353335809516295e-02 -2.865502949231661933e-01 6.468927661129490747e-02 2.191410356674675652e-01 1.068671049355701536e-01 1.008059991442121911e-01 1.682514702321121769e-01 -1.141673237951195269e-01 -1.578109753866023257e-01 -9.488022204953500127e-02 -5.191302953139499687e-02 4.058777493711957507e-01 -4.684001978441975078e-01 2.316468291902516186e-01 -3.206836010217744004e-01 -6.221382807862516073e-02
1.330784444379978435e-02 0.000000000000000000e+00 -2.876258811731598956e-04 2.819786655567759759e-01 -4.166331275884978258e-02 3.197415585425087414e-01 -1.768957798632291301e-01 -6.657651357159775907e-02 2.150984689142954875e-01 -2.393578101090894639e-01 -2.695508872571828474e-01 1.440096448063226398e-01 1.272818224616349692e-02 3.171965532644073771e-01 -2.555702311496759749e-01 4.825871796206276237e-02 2.069718835781958477e-01 9.105367268388586677e-02 1.247024365509603883e-01 -1.219382193299824030e-01
4.621662409082082090e-02 -1.442387513935711185e-01 0.000000000000000000e+00 1.875728802699333786e-01 -2.907452024369096000e-01 -2.167805657410703732e-02 4.729417295728495507e-02 4.896650198459723269e-02 -3.273551853997951344e-01 2.522433353866941896e-01 3.144631130891838433e-01 -3.047529902521627088e-02 -5.774199977805257594e-02 1.437658971407368251e-02 -2.988503370608107113e-01 1.201745325809076975e-01 1.086219318609263351e-01 -2.619705944124789149e-04 1.241535950944886169e-01 -1.371746604995385532e-01
3.027215626296340112e-01 3.991195490706564986e-01 -3.920758854671882454e-01 0.000000000000000000e+00 1.848321803514967610e-01 -4.827978460437436226e-02 -1.336777274766810519e-01 4.363948084071794103e-02 3.562461888968610491e-01 -4.248757127061986508e-04 -1.904546118268253541e-02 3.113967511276614086e-01 -2.987092514595044920e-02 1.509614772972721064e-01 -3.107696496237237829e-02 8.181100538486148210e-02 -1.518648878729835228e-01 4.517643441286490757e-01 1.634062456310916567e-01 4.166642099523253928e-01
-4.647662240177904969e-02 -1.121249321930684190e-01 -1.279428025075354282e-02 -1.776465430158161163e-01 0.000000000000000000e+00 -1.820367215860890509e-01 -1.702227691850491040e-02 -1.427646733474436519e-02 4.678101724243693277e-02 8.405097871881481164e-02 1.331216034078843424e-01 1.012729034543276285e-01 -4.299207828680865623e-02 2.763004381924062947e-01 -5.969720717667077736e-02 -2.874508491974269719e-01 3.325222649055228907e-01 2.570690377699795803e-01 -7.125812881152134015e-02 2.946395297024734794e-01
-5.307386087626719123e-03 -1.136077106036695178e-01 -2.748156964728210028e-01 1.795717232026378674e-01 -1.926703215171275962e-01 0.000000000000000000e+00 -3.038964263705534186e-01 1.175840229399551136e-02 -3.315525574923088858e-01 6.108524845957252758e-02 -3.692291298979290433e-03 1.674054668002546500e-02 -2.080806995550739946e-01 1.765010812654083938e-01 5.278668225244771001e-02 -2.205962022388931465e-01 -4.433518419864315718e-01 -4.651724165727507548e-03 -2.522231813224476427e-01 -5.220548437531408181e-01
-9.672761984691062576e-02 6.181702548478304471e-02 2.083169519186818253e-01 1.388106006866573761e-01 -7.314099588096535653e-02 -2.056262573396845095e-01 0.000000000000000000e+00 4.448631656428022052e-01 -2.066212021212296412e-02 -1.800966442406041479e-01 -1.349116894837829039e-01 2.432375022354375249e-01 1.450675258102083198e-01 7.803050252346372707e-03 -2.048478259954289449e-01 -8.969477913742644748e-02 1.157062040749996801e-01 -4.676131270271453866e-02 4.071513333841613735e-01 2.481481256444645345e-01
5.569892335409608840e-03 -5.117972873842790288e-02 5.241408837239113216e-01 8.837081357943422921e-02 2.717052271731920099e-01 -7.973761891099714894e-02 1.351745488000521134e-01 0.000000000000000000e+00 3.471129500852314642e-01 1.769953007095988184e-01 -6.715596815478225290e-02 1.866780094740550233e-01 4.075699346514307653e-01 -4.846891124409315466e-01 1.695315430324079164e-01 5.316781561391024924e-02 5.195525478778767470e-01 1.286774550006078432e-01 -6.283181453159586427e-01 3.085486841363950794e-01
2.698390249466861568e-01 2.777916097180846422e-02 3.520331255488855504e-01 1.538567704041065576e-01 8.545131946858805505e-02 2.196739470819722082e-02 -2.663974957065469717e-01 -2.705106473313612439e-02 0.000000000000000000e+00 -2.950125466156232057e-01 1.293514124543347910e-01 3.840019790645314290e-01 -1.930298667081562503e-01 -2.859693137284549103e-01 -3.023860007298412866e-01 -4.668846235094666064e-02 -2.381788461120437073e-01 -1.528046220067175720e-01 -3.785135019308139004e-02 1.375605222456550147e-01
-1.686948670967223229e-01 9.880725571567540444e-02 2.596032171860893634e-01 -3.529939157408266692e-01 -4.108732661296438660e-01 -9.083734689614736402e-02 -1.277177775482193633e-01 3.636612668646606594e-01 1.387323223103568148e-01 0.000000000000000000e+00 2.426400299382533432e-01 1.863198060963797420e-01 -1.114859862914275024e-01 6.641100210641513735e-02 6.381669837783188193e-02 -2.114030842675982957e-01 2.232445705912344813e-01 -9.834955208779944114e-02 -1.864581581877232941e-01 1.722269790252488608e-01
1.044764405085143177e-01 5.544594703730191254e-01 4.364992905041762544e-02 -9.210457814780050045e-02 1.998010729588061141e-01 -6.771813224279885080e-02 2.195748878165332263e-01 -6.664725937462621930e-02 7.955634056797028508e-02 -5.506899184482953735e-02 0.000000000000000000e+00 -4.937549653613880762e-01 7.821044275116312283e-02 6.732152713836229985e-02 -2.411660677390217167e-01 3.497896366056711670e-02 -1.182703001015415895e-01 -1.492166360526611234e-03 -2.046564435578711316e-02 -6.048805827843466432e-01
-1.975712206081904621e-01 -1.374786958419350891e-01 2.510459969673559111e-02 7.643326742817542485e-02 1.678198844457696459e-01 1.309262727050176933e-01 -3.537501287307646680e-01 3.266798667244545928e-01 2.257686738448601571e-01 4.825632868744018228e-02 4.192139272157689445e-01 0.000000000000000000e+00 -7.467701928185384308e-02 -4.559093042769293835e-01 3.198356628537080693e-01 -1.916699066085401915e-01 2.472572344625226792e-01 -1.973664222913250055e-01 -6.133463282111037418e-02 1.411177119217418008e-01
-3.135306893523220895e-01 1.418851363182272937e-03 -3.414323657169738291e-01 4.842721240271873895e-01 4.194229618072654597e-01 -1.823104810342945914e-01 1.461801668012963351e-01 -8.060808530962559892e-02 1.531287402512003515e-01 -2.263105817555890464e-01 1.528087428259041758e-01 -1.145098669930162405e-01 0.000000000000000000e+00 3.319317726270466506e-01 -6.454120059014308020e-02 7.081484025450281161e-02 -2.483192533477411243e-02 -7.014907617423904451e-02 4.609247452217130753e-02 -5.326598049980839633e-01
-5.732441270138458611e-01 1.336778616362608862e-01 4.202002476228944294e-02 3.345007325162886042e-02 2.558883870240369895e-01 -1.741321787518435305e-01 4.572977798564402396e-02 -1.349552739537344948e-01 -1.797462132202282126e-01 -2.719372564432486206e-01 3.391799440764244333e-01 3.027187533813098241e-01 6.490500753790376387e-02 0.000000000000000000e+00 3.121345177138891147e-01 -4.680035940853068815e-02 -1.231072042877827261e-01 -7.006412260367506084e-02 7.342341453969861154e-02 -2.361158164494546116e-02
2.519784464570973270e-01 -1.728322038213676581e-01 3.104303444060134698e-01 -8.388785176258947707e-03 -3.948061522703937704e-02 -8.920491860045797611e-03 5.970491431576874924e-02 4.562182899847471579e-02 -1.158093431608241825e-01 6.277994152857166443e-02 -1.410913006742736675e-01 1.939039966559311934e-01 -9.640661390264321229e-02 -2.663077054624949924e-01 0.000000000000000000e+00 -3.872439276794990559e-01 -4.839841614586098267e-03 -9.285457136303827685e-02 2.921710223553541930e-01 3.344232731973243999e-01
3.947838892378201237e-02 -2.009532562559866176e-01 2.911436901182664627e-01 -2.678301082528896648e-01 -3.580675164785099979e-02 -3.132579679526844019e-01 1.333703656115990122e-01 5.500469130449572863e-02 3.377836510198095610e-01 -1.020759793708838070e-01 8.368648642109059732e-02 1.163056215798824594e-01 -4.067029793609755473e-02 -5.041491042785414267e-01 -1.099156384603064973e-01 0.000000000000000000e+00 -3.389090811201921072e-02 2.066774555101524857e-01 4.163172755119580459e-02 -3.735166589932418790e-01
-6.725982448771196560e-03 -4.237043235724540641e-02 3.213068698938314482e-01 -3.009279425883055747e-01 7.910496784559484240e-02 3.141447341749704636e-01 -1.859386491813377063e-01 1.624187411808259429e-01 7.175740771728290890e-02 -9.264522061383138885e-03 -6.252504598807458180e-02 6.919494234859011050e-02 2.398885121269939136e-01 -4.774901470895526190e-01 3.054667703920841415e-01 -6.184042571042321912e-01 0.000000000000000000e+00 -1.829322756776299574e-01 1.500550193758704853e-01 -1.007469011475993631e-01
-1.146869711624720345e-01 -1.065231464902090808e-01 1.758632567483963127e-01 -1.334177255015867036e-01 -1.464764018247437516e-01 -4.252017502790864101e-01 -1.159915058446893826e-01 1.579853467133864875e-01 -1.914235209787877035e-01 -2.610828764818322045e-01 2.787628487462456839e-01 -3.143464631999776104e-01 3.446431845479459022e-01 2.929532089312906207e-01 -1.328629481273259638e-01 -1.496414775298493538e-02 1.093473051488328546e-02 0.000000000000000000e+00 -2.947574605318896146e-01 -1.222464803151123020e-01
-1.007436840837423048e-01 -9.295221702678083120e-02 -4.725320728634953560e-01 -3.134341121911330408e-01 3.392079550461318815e-01 -1.671257181662040570e-01 1.544199039622627112e-01 -4.586336111330081844e-02 -4.080647513295159179e-01 1.453687446005634543e-01 -4.666841281558507526e-01 -1.672703074506102505e-01 3.390366017984985936e-02 2.389354871677359660e-01 6.997018852835580616e-02 3.452145928557564386e-02 -1.151719150968375377e-01 -1.686066638895362957e-01 0.000000000000000000e+00 7.107394537360425812e-02
-2.122084940008735765e-01 -2.262039625526102160e-02 3.234931695582343031e-02 -1.916081856717833376e-01 -2.278445489278243044e-02 -6.287397856859554268e-02 -7.282636582634950673e-02 -2.854710152104892873e-01 1.648970882203121546e-01 -1.081129430974210465e-01 1.803050427472635830e-01 4.154560005607393358e-01 -6.703273584528450513e-02 -1.613975290308657107e-01 1.485258648069926468e-01 -1.036699832682600603e-01 -1.695092643478282313e-01 5.850656914163077787e-02 -2.576669390531468595e-01 0.000000000000000000e+00
