0.000000000000000000e+00 -3.091683762802726818e-02 1.448275599440611017e-01 3.405598290690088348e-01 -5.235828630423602220e-02 -5.235461517833094741e-02 3.531227206413360964e-01 1.716036222680043521e-01 -1.049776640645524034e-01 1.213201139333465739e-01 -1.036233463104781344e-01 -1.041403388127319640e-01 5.410440872119167549e-02 -4.278224687062264775e-01 -3.857033529100737934e-01 -1.257313138283215614e-01 -2.264759234795040987e-01 7.026783974310177316e-02 -2.030403558071830206e-01 -3.158007081060272281e-01
3.277290278447476113e-01 0.000000000000000000e+00 1.509976560807176765e-02 -3.185833795192817841e-01 -1.217276777814850358e-01 2.480304508315792425e-02 -2.573699880781936122e-01 8.400863080328856147e-02 -1.343068940574865533e-01 -6.522470531495820623e-02 -1.345456887456037698e-01 4.141819933801882403e-01 -3.018071202161202917e-03 -2.365113537689843837e-01 1.839266338009320212e-01 -2.729889391234164853e-01 4.670331964556186100e-02 -4.381955610470611995e-01 -2.969914292103750242e-01 4.401951055379800526e-02
1.651261471981524120e-01 3.831911259280725707e-02 0.000000000000000000e+00 -6.732883316140533814e-02 -3.306075676689856913e-01 -1.609620583180093323e-01 -1.030019604938040845e-01 2.363797158351405858e-01 7.683538537872865171e-02 -3.942277634452863166e-01 7.246737859847229846e-02 -8.610701559415197270e-02 -1.513643608149257136e-01 1.367749762072976716e-01 2.305385017070769871e-01 2.082405652437921417e-01 -1.876547429834828085e-01 -6.914198918875301414e-02 7.407275510782075634e-02 2.181385219364268824e-01
-1.071466168888720594e-01 -4.151460924533421915e-02 -2.473840207762941779e-01 0.000000000000000000e+00 1.816862972347347560e-01 3.032644897690616737e-01 -1.610195269216510572e-02 2.243967777343921499e-01 8.086427351193264945e-02 -1.442531624925040834e-01 8.081051406865109865e-02 3.439154314498280574e-01 -8.010945881441770486e-03 3.498649574963901832e-01 -5.857928136466931113e-01 1.837829870660318832e-01 1.946431618226137153e-02 -6.686007614137830235e-02 2.051833340015507892e-02 -4.444339203013070727e-01
-4.912012739503859166e-02 7.985279855200197452e-02 3.304671547584145386e-01 -1.158887438773529288e-01 0.000000000000000000e+00 -1.121962857644348416e-01 2.046901361929101271e-01 7.351098288775421985e-02 -1.184579827397238966e-01 1.147700871078290719e-01 2.170719994313086848e-02 2.165956044896180377e-01 -1.569838441723801215e-01 -7.326748334461111178e-02 -8.767804849354014773e-02 -3.272518910110495671e-01 6.621450690324638677e-02 5.837373344789422575e-02 1.143403665254038573e-03 -5.245527768736381324e-02
-3.164865192589046416e-01 -9.405915361206826364e-02 -7.663329558298316579e-02 -1.793946510782439552e-01 -3.606458150846272859e-02 0.000000000000000000e+00 4.217639893308448018e-01 3.903678568552269856e-02 5.759001812877322796e-02 -1.664661283003732173e-02 -4.290502870678540859e-01 -5.928682785141171051e-03 1.346788437272187014e-02 5.507976808557283332e-01 -4.301321934680329279e-02 6.742803558923575469e-02 -7.761787668024188076e-03 -2.613243535928330141e-01 2.555429499493219181e-01 1.681373375615198285e-01
1.768801205962266532e-01 -2.033452166806553330e-01 3.136743437703094495e-01 -3.134634270733865913e-01 1.312252354815374722e-01 4.898007681007954806e-01 0.000000000000000000e+00 -1.266280218895592946e-01 2.228272263866150349e-02 -1.125805787619993253e-01 -3.467388842086931988e-01 1.533114724058825575e-02 -2.375383316642046827e-01 1.058984868529619927e-01 -2.055895087907473051e-01 3.465758690284909127e-01 -1.751407605264341250e-01 -7.201514431725407339e-02 1.819079798905054168e-01 -2.752296282625135149e-01
5.086158759324900525e-02 2.922860054871813662e-01 -3.594441785170143788e-01 4.128538586263117566e-02 5.811155941220663701e-02 1.748209087658167682e-01 -2.765905874340079951e-01 0.000000000000000000e+00 1.167096821002050061e-01 6.640779176249662907e-02 5.601190412510616279e-02 7.746817471183257975e-02 -1.520581503829873393e-01 5.193350548776538150e-02 6.553299726298432437e-02 -1.597338330530327088e-01 4.171998637606114668e-01 1.059522621136038539e-01 -2.663835601578352641e-01 1.468098499778036081e-01
-2.179454471051323616e-01 1.759974678011607951e-01 2.590698473091283538e-01 -1.835101451766547598e-01 2.154174512890926485e-01 9.230062124453841665e-02 1.838182399342032647e-01 4.241358048458805374e-01 0.000000000000000000e+00 -1.685405300603300682e-01 -1.989014731609622944e-01 -1.824207253926194705e-01 -1.724046634313724721e-02 7.628390063483120320e-02 6.186994360506758300e-02 1.849637974693686682e-01 2.907311407510249166e-03 3.250201004136184513e-01 -5.917906698298955326e-02 6.082483166793337670e-01
1.399034720904555051e-01 -1.916662563574418887e-01 -2.394588422259208704e-01 1.078841117752268042e-01 -4.996779784300450777e-02 1.596553640758354708e-01 1.058191498056971214e-01 -1.628503994281623249e-02 -1.893488316520745285e-01 0.000000000000000000e+00 -9.984377857919193855e-02 1.914965919956145013e-01 4.787281654325826336e-02 -2.785556591407573057e-01 3.872443226095935442e-02 8.615958539857784815e-02 -1.976365309764416822e-01 3.437397867425574793e-02 1.301586513284016915e-02 -2.555759282212453631e-01
8.000368592289743008e-02 1.253952321689395244e-01 2.421776202855574489e-01 2.356373023178813531e-01 -3.080562357271225959e-01 -2.097040540251668139e-01 1.151653868288331634e-01 1.148860312124068972e-01 1.151681638234310634e-01 8.614969512158051623e-01 0.000000000000000000e+00 2.539201964356885832e-01 2.133212793825477460e-01 1.456555117868413018e-01 -7.049634622308240117e-02 1.697106769852972374e-01 -1.728089714431869095e-01 -5.295425030074497191e-02 -1.085305886746345816e-01 1.830761412671101304e-02
5.175733899784193959e-01 -4.175331902654385030e-01 1.534524435929358888e-01 -3.606142316372855650e-01 -1.055271732653480649e-01 2.434967558958006928e-01 1.437344922924392934e-02 -2.409910585845343456e-01 -1.599467718463034593e-01 1.519626763973770389e-01 -1.633149437017071548e-01 0.000000000000000000e+00 1.019017318846651005e-02 -1.457022671409099190e-01 4.794004723690309389e-01 1.417486026133279453e-01 -4.528356487896167959e-01 4.169245225225832324e-02 -1.479799521811385188e-01 1.906098882891193447e-01
-1.772130244713848723e-01 -2.565584826164118634e-02 1.129185883572952770e-01 1.935887466037921334e-01 -2.683944359325473594e-01 -7.479675018980495860e-02 -1.062010001350687516e-01 -1.460888575722589511e-01 3.947675692433779693e-01 9.055666353528682433e-02 -2.819422233631901364e-01 2.052401707574792178e-01 0.000000000000000000e+00 2.308662506999396291e-01 -3.397414526844714788e-01 -1.082780303950524464e-01 2.832899451033665805e-01 -1.582397030724543852e-01 9.924104110700501802e-02 1.732134401154201142e-01
-2.072679544864530210e-01 -1.331027425390641540e-02 -7.247694105644374440e-01 -2.290600401334145497e-01 -5.647595554665646445e-02 -2.790128016054392868e-01 3.650182642830205881e-01 -3.197893338555193865e-01 -9.839693853784575728e-02 2.923448182292652173e-02 3.222785048506538463e-01 -3.210685376356306464e-01 2.600913218782207048e-01 0.000000000000000000e+00 -2.194720064247338287e-01 1.033294781091497888e-01 4.451110108826929895e-02 -1.342125738569705795e-01 1.560822070089000133e-02 -8.615873952378454159e-02
2.538325006071035644e-02 1.480569198216848403e-01 3.546441414358793009e-01 -2.767839598979645599e-01 4.769607624007189406e-01 -4.365001017780295589e-01 -3.394017904708301892e-02 1.315517266032293076e-01 6.283169173801628205e-02 -1.392398455875325236e-01 -4.653754994290972696e-02 -1.102383602868082235e-01 -1.317859660069898298e-01 1.899768042765382636e-01 0.000000000000000000e+00 -1.549392957264688897e-01 2.011566474019091666e-01 6.871426181332142280e-02 1.817614954058427157e-01 1.407892891135666402e-01
-1.853689197429934099e-01 -1.252602885586966142e-01 1.670999300206498506e-01 1.364829404953817604e-01 -4.673738494193452851e-03 2.623520047006107359e-02 2.856945559448103023e-01 -1.322793838980875769e-01 1.223346934608318254e-01 -4.521165153931754055e-02 -4.867499678400111218e-02 2.456939733146581983e-01 1.845687066076924510e-01 1.819062846448537829e-01 2.919139355982418582e-01 0.000000000000000000e+00 1.524893201273501975e-01 -6.937775589013488176e-02 7.248580001823146102e-02 -2.910087163655936462e-02
2.168895712669077769e-02 1.330811566163510318e-01 -1.829597068306366980e-01 4.678720183688281908e-01 -2.249523251579672867e-01 -2.715008275699539730e-01 2.589614638627811272e-01 1.770211598951736964e-01 1.395574337033351209e-01 1.405023272071653784e-01 -2.738461659069972402e-03 -2.006321767751168272e-01 1.695041451255107495e-02 -1.514179618701183561e-01 2.180434010123564748e-01 -3.288303016319021194e-02 0.000000000000000000e+00 -7.186405889420767468e-02 9.233428018081421551e-02 -1.260526420655357083e-01
-1.838540696973307298e-01 5.449011701432838334e-02 5.477619052141401157e-02 -1.133559400859443234e-01 -1.053273671368890746e-01 5.188794341062426957e-02 -3.238015024741036085e-01 -3.147184675374404272e-01 -1.606490116762346043e-01 -4.772823408314010724e-02 6.952104513961132604e-02 3.298996792126125399e-01 1.917785219036571009e-01 -3.576334252196099878e-02 -4.252153354468092734e-03 -2.241723808769814363e-01 -4.139663055568191564e-03 0.000000000000000000e+00 7.216206385168355553e-02 -1.849744622874285316e-01
1.161294109720823753e-01 3.427308401232899704e-01 -2.431950851925024359e-02 8.982547179717376151e-02 1.543208879729098815e-01 -8.971562491012731455e-02 5.010860225747270497e-02 2.815746414801480104e-03 2.184103961321562717e-02 -1.728502423973242441e-01 5.480641578336144237e-03 1.113558031903564005e-01 3.244855752144006900e-01 2.144994775958901090e-01 4.814662342955892682e-01 -1.715841312986473577e-01 1.950568241883335607e-01 4.099651879621109968e-02 0.000000000000000000e+00 -1.807409912150641507e-01
-1.877675121307565420e-01 -1.340282700426263240e-01 -4.749175216677880562e-01 -1.175623967990057361e-01 -1.697472235174409816e-01 3.362907299543888007e-02 7.641895935544999741e-02 4.195245533889550016e-01 2.125212309620268802e-01 -1.289995790529264719e-01 -2.008916277118061033e-01 1.099964706923924340e-01 -2.952131197050708589e-01 4.095266298438205443e-01 2.637308285323355928e-01 -1.049108651493912137e-01 -3.830685261649293127e-01 3.027350661492893003e-01 -2.561188801171601637e-02 0.000000000000000000e+00
