0.000000000000000000e+00 1.507798674142847017e-01 7.751263142411908558e-02 -2.907662432534736663e-01 3.395495785804895084e-01 2.213313091317029857e-01 6.209133620499553141e-02 -1.003076290186522695e-01 2.151021912579715034e-01 -1.850522093992110484e-01 1.195529542737455708e-01 2.746755020753783860e-01 1.161843778121161158e-01 -1.416656820395352685e-02 -7.780031217535392229e-03 1.018876607389940063e-02 3.237882627547631342e-01 4.234007087716610274e-01 9.012076309095333471e-02 4.302778117280550707e-02
-6.790783035717155858e-02 0.000000000000000000e+00 -5.978057793209505533e-02 -4.626755423994973748e-01 -1.587901716740798275e-01 1.389828717542098413e-01 2.731326307552952581e-01 -3.838106126473570523e-01 -8.851485788177672343e-02 2.848249219660018983e-01 -2.161857935901539095e-03 -3.086693452355995793e-02 9.931814008329235832e-02 -4.577381948885804741e-01 -5.054914391936674717e-02 3.640214820034683996e-01 -1.773376401899211530e-01 3.933306656652448274e-01 1.352277526388594511e-02 7.996417366089671186e-02
1.488490696264140392e-02 8.106359297196361058e-02 0.000000000000000000e+00 -4.590161639589718789e-01 3.751699050541830727e-01 -9.267683617707819788e-02 2.147730282333783769e-01 7.668545762650323672e-02 2.810986901479738953e-01 -2.416299400402013020e-01 -3.017626986246209064e-01 -8.316497975096590056e-02 2.282201900127259209e-02 -1.077358427519529566e-01 -3.886180008188561130e-01 3.564173729516860734e-01 -6.736878863392045669e-02 4.352372573427547020e-01 -1.770807415127418488e-02 3.382951222996392060e-01
-1.865534176118274767e-01 -9.076874921493593984e-02 9.515464231331763334e-02 0.000000000000000000e+00 -1.415223252685030852e-01 2.386896167088880250e-01 -4.725693566829246295e-02 -6.656656485187735506e-02 -2.370085411109963958e-01 1.272121480518455250e-01 2.908127951040266265e-02 -2.311520263844912548e-01 -2.115160383183606330e-01 -3.248641594799147603e-01 2.090582364003401861e-01 4.794655676019009549e-01 -3.888927802239973697e-01 -2.536026351120623246e-01 4.982638478689281336e-01 -1.971485465587796415e-01
1.826146985783329568e-01 -2.258630308018105826e-01 -1.723468629497850180e-01 1.922280097706016155e-01 0.000000000000000000e+00 2.136486243144780917e-01 1.073090963386027219e-01 2.077225705885123175e-01 -2.413710593319961378e-02 -2.891566249043503456e-01 4.485153582555360674e-01 1.830398771158781371e-02 -1.841502460329340618e-01 7.505283357320083858e-03 -9.808683411634647187e-02 -7.019806371858381723e-03 -9.709481133672782927e-02 8.938448617873587243e-02 2.530960749175840130e-01 -4.217230275047141874e-01
1.905445650499841270e-01 2.456512123451932150e-01 -6.467593208054978060e-02 4.944291254791501333e-01 -1.269213590114194878e-01 0.000000000000000000e+00 -1.146364844811807032e-01 -1.442336525431779926e-01 3.725133716680919388e-02 1.257171747990780686e-01 3.721548862904623389e-01 4.725423675299047360e-02 2.968649004270315639e-01 -5.314386228250145283e-03 -1.110725940947354488e-02 -3.008432964378322527e-01 -1.714776706963730968e-01 6.699221993802330355e-02 4.020548003652928970e-01 -2.022135188966065478e-01
2.690956212111045298e-01 -2.072944964679001856e-01 2.953197039579375516e-01 1.305910890489269394e-01 -2.176287851482869296e-02 3.988007585921986564e-01 0.000000000000000000e+00 -1.790459860255926849e-01 3.108494325109479872e-01 1.421630517373098923e-01 3.460542258792419397e-03 8.493955063106507775e-02 2.129224309295892348e-01 1.943844943395241776e-01 3.044014077837510837e-02 -9.126623535887473659e-02 -3.289683257137536176e-01 3.835906978321136362e-01 2.552721503654518109e-01 -3.175491828707368014e-01
-2.832678575011187139e-01 -3.405157487089933155e-01 -2.362052301416406874e-01 -4.887598082501352220e-02 -1.027372121869246091e-01 -1.018995983292264734e-01 9.072887505050322710e-02 0.000000000000000000e+00 -3.714358973809409048e-01 -2.685752265777736070e-01 -3.331992817989237743e-01 -1.779782089860061922e-01 3.634593283694687038e-01 -1.721562612881825105e-01 -8.963006153359952266e-03 1.043167841366859222e-01 -5.732027632334999595e-02 5.010417967668667760e-02 -2.568798865885826496e-02 -1.921034117175957900e-01
-3.469217595068492255e-01 -2.035737665661056239e-01 -7.482074993872993296e-02 4.066238616383274218e-01 1.325083322076302528e-01 2.508112163024263097e-01 1.406770415959692211e-01 -1.054085557456605482e-01 0.000000000000000000e+00 -2.280228356751514210e-02 -1.903421526656663698e-02 1.340289660876074207e-01 1.554627609613336570e-01 2.208396243143092783e-02 -5.126660046860515019e-01 6.866382292484742023e-02 -2.582629395697572106e-01 -4.260149769604252290e-01 1.664840088780641381e-01 3.135126327174852512e-01
-1.430732332318318534e-01 -9.235042010644496646e-02 -1.265700826101343879e-01 9.303004887755771113e-02 -7.286544677431874839e-02 -4.039102787560230889e-01 -9.321922293767454437e-04 1.436034749363929997e-01 1.891373494840548897e-01 0.000000000000000000e+00 1.719033878908803881e-01 -5.749273513251264289e-02 6.775249588817333635e-02 -8.596733536709669221e-02 -2.476064814758218435e-01 4.067695036559012545e-01 1.972278753125374096e-01 -5.873972939776097441e-02 -3.869517342902100560e-02 -1.377927596531546874e-02
-4.009297092155208464e-01 -7.285854642106139034e-02 -4.790323813564847238e-02 -1.496029459576393994e-01 1.135350258127011264e-01 -1.162352582417914421e-01 -4.400022706076330836e-01 1.413398655292190942e-01 2.139431000322410126e-01 8.967182882707705471e-02 0.000000000000000000e+00 -1.789503161325744773e-01 1.696395379526845770e-01 -2.777103214374029294e-01 1.265204049588127162e-02 1.812410427504114185e-01 1.490052805609566600e-01 2.454684282511749582e-01 -1.355646942643605468e-01 -3.386968416170114682e-01
-1.896477741830236985e-01 -4.657109595946196112e-02 1.872017443726161912e-01 -1.969491636321439587e-01 -2.791210482931814063e-01 2.816621919537850571e-01 1.873557650816440323e-02 -3.644988412795622801e-01 -6.821591771866203358e-02 1.995630882250199190e-01 9.910269729579316428e-03 0.000000000000000000e+00 -1.407236980810032678e-01 -2.444009470438571197e-01 -6.514114892711535439e-03 -4.862006460121860024e-02 1.701120818143863900e-01 4.696269491579671551e-02 4.460288409308656860e-02 -1.722822045412456538e-01
8.486140845175930980e-02 3.732861674598824536e-02 7.270910694835933108e-02 1.333242656152869299e-01 1.674882509456312174e-01 1.295783612455435607e-01 -1.885258719113462877e-01 -1.964106302003365834e-01 -4.200348474315095809e-02 6.649714263852443685e-02 1.846957034761467498e-01 1.196649350649091753e-01 0.000000000000000000e+00 -2.411405220534311722e-01 -2.103877993941978830e-01 -8.290382035565192764e-02 2.692892412284455528e-01 4.969543562403729298e-01 2.494597543334819284e-02 -3.673954303479682326e-01
-5.214864360733508647e-02 2.351436536666784705e-01 5.815185323759251151e-02 -3.262505795929624905e-03 -1.320231490877301350e-01 1.177213120599297086e-01 9.383226513185205508e-02 9.708830442737471575e-03 -3.032216403186408504e-01 2.420489883393727726e-01 2.774030502276699992e-02 -1.113590583796914973e-01 -6.305001690140973891e-02 0.000000000000000000e+00 -1.224269468004844097e-01 -5.312584960944242291e-02 -4.664951398995675208e-02 -1.708868480138537316e-01 -1.046327660486493227e-01 -9.893246744896379286e-02
6.305179624783372461e-01 -2.734102453374881881e-03 -1.634968517407001110e-01 1.878287956425616079e-01 3.897892882075609244e-01 -4.720058503896989999e-01 1.266742538112521632e-01 -1.090089000074499943e-02 -1.864287030969599412e-01 -1.343520929616050241e-01 -1.940233943473842482e-01 3.794970886551123912e-01 -1.401327974280914823e-01 3.544954035035219331e-01 0.000000000000000000e+00 -9.694363647785907145e-02 -6.948668468270732812e-02 -6.664285091023822161e-02 -6.428678669715003069e-02 4.662110328658789979e-03
1.453164515965374437e-01 -2.842712224234164031e-01 -4.988429947265970443e-01 -1.539650359482595821e-01 -2.617441021624804520e-01 -1.827765666263183597e-01 -1.455256731732507414e-01 -1.997851674773898079e-01 -1.362040303233599467e-02 1.899064541269414319e-01 -4.856901318858413558e-02 4.385155584900986975e-02 1.963549892564648292e-01 -5.201303479669207031e-01 -4.088900411969928483e-02 0.000000000000000000e+00 -2.836041340515864095e-01 4.546743521313028127e-03 -6.208215589990242339e-02 -6.488600179132539281e-02
5.062782607191642636e-01 -1.884255093982479812e-01 1.549051790418526087e-01 3.069107885005812331e-01 -5.875255837727595687e-02 5.461029142599524433e-02 2.803967872272762965e-02 1.347930769532906803e-01 5.829365929859166018e-01 1.355109866895398141e-01 1.453075660838180558e-02 -6.732684625312717053e-01 1.077303642345474322e-02 -1.440771060232230033e-02 -1.789981379143071316e-01 8.264117263828273108e-02 0.000000000000000000e+00 -1.977927943693292279e-01 5.887715538807165860e-02 -3.084689937587318243e-01
-2.103566668683125862e-01 -4.135099622517810491e-01 4.229804527069965792e-01 -1.288734565751912531e-01 2.162733891210582848e-01 -1.977049525592508572e-01 5.131812808722461261e-01 1.360828536302066405e-01 -2.245998766950672021e-01 1.027659277045954861e-01 2.765838555730273929e-01 -6.526897800206163391e-02 3.502370801787382110e-02 8.172715056503117304e-02 2.276894006443429819e-01 3.312569864876866443e-01 -1.673027530651366723e-01 0.000000000000000000e+00 1.939565731676445026e-01 -2.218581029582117892e-01
3.038968560130406726e-01 1.754748546917679064e-01 2.102955902195126070e-01 -3.385858516043793731e-01 -1.464567505355913457e-01 -2.375679847749563589e-01 2.113943981141083450e-01 -2.009854205376755409e-01 -3.453856412340450266e-02 1.226572328708914750e-01 2.528002775174769678e-01 -3.276241599129976478e-01 -1.394717330055353366e-01 3.406276757606016004e-01 -1.361989669975199359e-02 -1.024631205211398374e-02 2.828526915296561417e-01 1.761314477341641704e-01 0.000000000000000000e+00 1.155431576820472039e-01
3.732898722367963829e-01 -1.142088265057611268e-01 3.378445745689287461e-02 1.472044082032909207e-01 1.321119202833343220e-01 -2.318774769463603225e-01 6.026465939188713206e-02 2.023974383944019198e-02 1.567594806771759330e-01 2.018797953919807264e-01 -1.618900693565489546e-01 -5.640933773207730262e-01 3.047027634078199321e-01 2.740136951937429122e-01 2.167158560177727400e-02 1.273104626911677473e-01 2.538904242826667823e-01 -2.168777655899347678e-01 -2.900797315745208826e-01 0.000000000000000000e+00
