0.000000000000000000e+00 1.630102329061623168e-01 4.870620890505161088e-02 -2.010430375091813437e-01 -5.560610582171129357e-01 2.042092482038538603e-01 2.520191106247212098e-01 -3.385615383489293251e-01 3.665566296357922749e-01 -9.612713194145020013e-02 5.883722193915427168e-01 1.345715461273177538e-01 -7.510541234032688807e-02 2.767665955776523745e-01 2.484901351070551920e-02 2.887909696911881985e-02 1.702265158782376164e-02 -3.468771077614221654e-02 1.418170980376610990e-01 1.812679693961016525e-01
7.933761686642805400e-02 0.000000000000000000e+00 -3.033172108200895556e-01 -1.036712592274886546e-01 1.843982054530675929e-01 -2.630580761083368135e-01 3.498305228922589105e-01 1.593657039291310751e-01 -4.047430571959845236e-02 1.194506452760647347e-01 -1.311706454635987451e-01 -3.313524641691425465e-01 1.916863948375633619e-01 2.108833445277698559e-01 2.558988264679784227e-02 -4.909663707567111547e-03 -4.756439803959763846e-01 -1.865791819839747734e-01 -1.040908225136960297e-01 5.225927680142748027e-02
3.097032916482008735e-01 -1.161921488753526327e-01 0.000000000000000000e+00 2.136808004428308594e-01 -2.833911564816432235e-02 -3.060311307829193805e-01 2.724605553580846107e-01 -1.917431506797910301e-01 -1.255487047128968081e-01 -2.311020751148116781e-01 8.022362454025963596e-02 2.400824466890060793e-01 -8.396540897058932251e-02 8.863048374394388862e-02 -1.054185922782240464e-01 5.224813904780921670e-01 3.360330603226961976e-01 -1.331488409501060677e-01 1.181406517644079113e-01 2.101512134333481940e-01
9.532031025370168997e-02 -1.695290657030504022e-01 -3.630635967559141947e-02 0.000000000000000000e+00 9.929997061318419915e-02 -1.915913665868235471e-01 9.993623382355652784e-02 -2.268821871758948949e-01 -4.768020065271407204e-01 3.887696387805278375e-02 2.126950666763725850e-01 9.881125967048151604e-02 3.284822751594027035e-01 3.912037488427778653e-01 7.905185021567825987e-02 -1.438545918626025488e-01 -1.056252636272676793e-02 -3.240151464671613968e-01 -8.092277640643266018e-03 -2.031400358906078688e-02
3.941971838712998027e-02 2.447645656356009780e-01 -4.754941734827472510e-01 1.680290670817502219e-01 0.000000000000000000e+00 1.773699108794782875e-01 3.883006903564550222e-02 -2.315301449650716825e-01 1.954923550795943099e-01 -1.653733438683287760e-01 1.169341358441735451e-01 -1.323476046104942183e-01 -1.067693627406305634e-01 2.516240060040503268e-02 4.259133313141758581e-01 1.552173621543254667e-01 -4.378520327286548018e-03 3.718229653638106535e-01 6.844252755018995563e-03 -6.652284475717376577e-02
-2.164821566378990481e-01 3.735725665266020901e-02 2.607299211678521661e-02 -1.525573755657068931e-01 -4.279881402917599664e-01 0.000000000000000000e+00 2.569791885117300376e-02 -8.832572296064346296e-02 -2.131679971473636748e-01 -2.398914895138880288e-01 -1.083253305133664718e-01 3.047621693579101176e-01 3.414202333381911869e-02 -3.650650638621945054e-01 1.438465763087879989e-01 -1.001523774092180352e-01 5.230239535652801974e-01 -7.006112245504771130e-02 -1.333089236456743050e-02 4.341735891507055717e-02
6.414816127044985217e-02 1.159617982237460057e-02 1.152714158494072723e-02 -4.910120273899953175e-02 -1.237119138104052218e-01 -8.360901225739679477e-02 0.000000000000000000e+00 -1.181031129628098142e-01 -1.483706877828916137e-01 -9.698642623193413914e-02 -9.955960167462023225e-02 -3.174304792281737453e-02 1.011599260672267908e-01 -6.919793340086305422e-02 2.030281835199629348e-02 6.043344650996437806e-02 -7.032251029628165673e-02 -3.241752451164608972e-02 7.946327391361479586e-02 -3.798899686411925658e-01
1.469672604345504396e-01 -1.056264018568358054e-01 -8.251617784044232851e-01 1.193706068890738187e-01 -2.686303383032362380e-01 1.993796123420769062e-01 -2.201918591805746839e-01 0.000000000000000000e+00 1.489574402350494209e-01 -1.780465210266794496e-01 -2.225826393445462514e-01 -2.551960872786029899e-02 3.063819027579178789e-01 2.458899619690958216e-01 3.131795345591580348e-01 8.602333389492934634e-02 1.091836472473258629e-01 2.393285315405921376e-01 1.271324056789968904e-01 -1.799957739837893256e-01
1.750014746453043835e-01 -1.103317400409562915e-01 -1.833320743920114626e-01 3.101732374673001405e-02 -1.782719705808086599e-02 1.951339350834561948e-01 6.227825017058663537e-02 -9.560087995488329715e-02 0.000000000000000000e+00 -1.271178464218654103e-01 -7.237234589148247577e-02 2.831093204781423012e-01 9.247557482050942912e-02 -8.348958821169912004e-02 -7.159135970797672610e-02 -1.326426212145598305e-01 -4.196148253154628749e-02 -3.323673768159007280e-01 1.368237508828265836e-01 -6.033896696914653468e-02
1.548461657909632194e-01 2.149606665322482957e-01 7.045529065728337037e-02 -2.268861039278018132e-01 -2.733762408586451476e-01 1.839864895323460592e-01 1.870414626639442246e-01 -3.081512706594295437e-01 -2.114043080192372082e-01 0.000000000000000000e+00 1.656875671040512407e-02 4.540918186647688870e-01 1.155811699697376210e-01 2.076988205118092956e-01 -1.882121059301884378e-02 -1.003023392405556075e-01 -3.242137408563351419e-01 -6.052881256436561941e-01 2.494767129315957621e-01 1.775668865025952226e-01
-1.127575251707473580e-01 2.353483758543032378e-01 -3.280431100029227998e-01 3.519803900388601692e-01 1.056178498612912187e-01 3.749729565302979406e-01 -3.781662544106567658e-01 3.192674496575494958e-01 2.076324305603373388e-01 7.590782345064286951e-02 0.000000000000000000e+00 7.934411360078597042e-02 5.876583374398122034e-02 -1.361843192063683095e-01 -3.065765674998469081e-01 -2.389517638812269085e-01 -1.186682889099848898e-01 2.542280200973420778e-01 2.654342801238518956e-01 3.780958015756987201e-01
1.096302461318062887e-01 -3.232303754189867484e-01 -1.661623924433497101e-01 -2.580521766213789703e-01 -5.761767325233565357e-02 3.078649793690341752e-01 -4.002130825710774331e-02 -9.629177605773033000e-02 1.183042015010538628e-01 1.639852049175319071e-01 2.161642356457025571e-01 0.000000000000000000e+00 -1.963733377524096713e-01 -1.019039369524386424e-01 1.661568238851315604e-01 4.322271135783248980e-02 -2.171945021194432168e-01 4.241535148801484079e-01 -1.214864562454103097e-01 -2.768133212488421008e-02
-2.159568658465051832e-02 -1.833608403329962111e-01 -7.955197716834394583e-03 1.260033393342946048e-02 5.858232526888140779e-02 7.056409575232594489e-02 -1.191355427793403116e-01 -2.069039137412349572e-01 2.446078977307144520e-01 -4.875001586225156947e-02 2.454615880365312308e-01 1.013877023339172928e-01 0.000000000000000000e+00 -2.144566318985037870e-02 -3.698848244781471339e-01 -7.052200093518752599e-02 2.709322706252522694e-01 4.251162196037215901e-01 3.914926115879603374e-01 1.495758194995118751e-01
3.586036067386888515e-01 -2.191026896379160149e-01 -1.232575385750854235e-01 -2.037102114073614523e-01 1.389486521200483937e-01 2.979628388408111506e-01 1.573282755610367484e-02 1.010304227345539402e-01 -9.431781243280523697e-02 -7.379288689101412557e-02 3.669180292139117422e-02 3.542609606115977861e-01 1.156687224947743065e-01 0.000000000000000000e+00 2.501329877646954469e-01 1.538053266137756336e-01 -1.510938802940612613e-01 3.990656201350173404e-01 -2.041888354856788435e-02 1.367873234430005795e-02
-7.354271973428526052e-03 1.445755869501733903e-01 -3.881729104041835993e-02 9.188019604784891659e-02 3.922976547681499282e-01 -1.670845580634515715e-01 -4.069550561391293009e-01 2.943988426633324385e-01 6.766106609651455217e-02 1.595190902311656167e-01 1.648405967507290959e-01 -7.517661509487012783e-02 4.692230106174315879e-02 -3.787741169553194842e-01 0.000000000000000000e+00 2.267270011237174435e-02 -2.584683635175378802e-01 -1.521979722184894634e-01 -2.568587714049934759e-02 7.309088555482715077e-02
-3.765608779705705011e-02 3.115139164942188343e-01 1.663345412280843871e-01 1.820678592583238331e-01 -3.927373298219057896e-01 -8.939278964195414290e-02 4.526984139856582434e-02 -8.443563818820092048e-02 5.113462312595212778e-02 -1.270630370701123502e-01 -1.867110268644515403e-01 -1.098632886469093697e-02 1.956272328165074154e-02 -6.558122245022175723e-02 -9.178322578114208458e-03 0.000000000000000000e+00 1.129761443146802824e-01 1.825353448433331416e-01 1.351991324511295223e-01 2.671910828618520584e-02
-7.093776492297777791e-02 4.123523096241560326e-01 3.454664079963867124e-02 1.801334503716752744e-01 -1.315232959246621092e-01 -3.104220068938628452e-01 -2.655372521480357517e-01 -6.156206769105183191e-02 -2.554709549695238224e-01 1.851399425293381307e-01 -8.360255797957696910e-02 -9.618869704472063353e-02 3.709559320322578513e-01 -7.035943986556089658e-02 -9.290462892227623060e-02 6.069537551399797337e-01 0.000000000000000000e+00 3.352057867121768786e-02 -8.619484930320354954e-02 2.910430541063251941e-01
2.764493198060208878e-01 -5.249484920512901276e-01 5.345284645929367778e-03 7.265148810569997673e-02 1.388998998227151949e-01 -2.728734563172090510e-01 7.207255753067566724e-03 3.974674105034298188e-01 2.693652764977389480e-01 -2.075075963227440978e-01 8.857270333398155338e-02 -1.485488669673843687e-01 2.009502084822071544e-01 -6.338305293818421449e-01 2.195698167184613470e-01 7.742807304552523640e-02 2.559924942371445411e-01 0.000000000000000000e+00 -3.557626876372997626e-02 -2.220321261916310129e-01
1.316616974935159168e-01 7.333241963123127150e-02 4.572078249821320273e-01 1.959114977775086586e-01 -4.703976559782023781e-01 9.832648332248999923e-02 5.525638101141205211e-02 2.573049304159212847e-01 1.813585708554398823e-01 -1.459180207556501074e-01 -3.905767712582083190e-02 2.773048583587501836e-01 -1.401570099085714116e-01 6.189372678798633204e-02 -2.039975185412760683e-01 2.776550184878149863e-01 2.833438934503119122e-01 4.164633785917769282e-02 0.000000000000000000e+00 -8.663290213980159860e-02
-2.142135674300548603e-02 -5.472063158852032150e-02 7.945604714074916419e-02 -3.101596025289497516e-01 -2.668055462150433765e-01 -1.949305536732703348e-01 2.051249948931118672e-01 -2.510013774206292791e-01 4.372366938423374871e-02 2.040706820433649260e-01 -3.161746952619171602e-01 -4.229491960645083148e-01 -4.112186702022886386e-01 1.120080239339445033e-01 8.505956366748421149e-02 -5.027943334613647203e-02 -2.335137005474977046e-01 7.062245728652375397e-03 -3.482362882207523103e-01 0.000000000000000000e+00
