0.000000000000000000e+00 1.578735761294430828e-01 4.284272038695548512e-01 -4.789110879636043205e-01 1.607860086187690163e-01 1.044406118905352038e-01 1.714443701098601891e-01 1.972233075982257333e-01 1.808421451082707077e-01 -2.117924984372120956e-01 -2.885387102234874754e-02 -1.410646825798677895e-01 -3.216411241854665870e-01 1.458374594348857967e-01 2.202405328017474628e-01 -2.558970512517980134e-01 8.649925926412757593e-02 9.538728237266680399e-02 4.710190606903942867e-01 -4.424407759300730963e-02
-5.554399493404972576e-02 0.000000000000000000e+00 -6.117127006777251658e-02 3.013047844687493093e-01 7.674617826894843120e-02 -2.002790384115119005e-01 4.736553920512444060e-01 -6.397341141745675752e-02 5.438761676043994686e-02 -1.384070775423538457e-01 3.662343887527579889e-01 -1.299593977067695257e-02 -4.107523325892576960e-01 -1.740786064839417724e-01 1.863092352305081023e-01 -9.903045158991713101e-03 1.239665198377473687e-01 -9.133776348720054616e-02 -1.037746505274229347e-01 9.346964154031091321e-02
1.284704053447230931e-01 -3.905704417215026814e-01 0.000000000000000000e+00 -2.824848795659212763e-01 -5.754783508914330242e-02 -2.162794452930158484e-01 -2.698194075195640140e-01 5.967202352873808291e-01 -5.525636227655289501e-01 1.623752652573246316e-02 -9.114511538708802707e-02 -2.560523338768804225e-01 -5.195346029799132737e-01 1.887765009296223789e-02 1.589563673094128715e-01 1.851198824183500347e-01 -3.562115802109632190e-01 -1.135899946677616096e-01 5.704531970556773190e-01 -3.769931481236973303e-01
-1.069800802316775434e-01 2.637421198971481306e-01 -1.559192943465519945e-03 0.000000000000000000e+00 4.936461726243689813e-02 -1.377672147092603647e-02 -2.321629366105537329e-01 -6.677103484659349664e-02 8.373904400058972131e-02 1.896230502253776484e-01 -2.449379371103355685e-01 -9.228751325330027122e-02 -2.746355829342771449e-01 2.067006888565897094e-01 5.201457859782158272e-02 -1.442122696921366576e-01 7.419640263480886677e-02 3.532589658332178084e-01 3.366504637070161232e-01 1.031011942208992227e-01
-7.838315912098421379e-01 3.982209874690180451e-02 -8.458628559678748812e-03 1.858610233023469949e-01 0.000000000000000000e+00 -2.775045572639400215e-01 5.229147511500217838e-02 -2.421100046585767662e-01 5.448664466661704009e-02 1.495001674802989566e-01 2.900098534698251629e-01 2.215107673975750258e-01 4.228150540685727821e-01 -7.100882671372797661e-02 -3.784773227057544598e-02 -5.167038239993170246e-01 -1.251078996433857005e-01 4.407698064990540898e-02 3.826741997929821171e-01 5.678331853375546967e-02
4.206781199855282871e-01 -2.035852246840246793e-01 -3.597655145252348086e-01 1.184109397772633576e-01 -9.831934325282055964e-02 0.000000000000000000e+00 4.915872910322512945e-01 -1.287184700994281061e-01 6.396000071946179866e-02 2.461670551143673169e-01 -1.973145508345101329e-01 -2.649587714219517331e-01 5.361209899512812266e-02 -1.589660096008739809e-01 3.899932584843414096e-01 1.513556952022512836e-01 2.567798065290067266e-01 2.478941029115571681e-01 4.091548561365433712e-02 -7.656851659700590618e-02
2.070783227267779941e-02 3.857789003845102371e-02 -1.618028866395427590e-01 5.194689474458552558e-02 -1.916518501276422148e-01 2.809485777150144692e-01 0.000000000000000000e+00 1.779960566585477300e-01 -2.811855379741893396e-02 -7.331293432874710914e-02 2.197164625359293577e-02 6.010512390501665525e-02 -2.277188812046498922e-01 1.113652601719829077e-01 1.057894962934692734e-01 -9.610219618848164780e-02 8.128685971458565751e-02 1.351304298791466685e-01 -2.535348933857113907e-01 -1.842867341780702328e-01
-3.117251335086849706e-01 -1.454313973191465326e-01 -1.229936607448197800e-01 -4.933534580125621682e-02 -1.284157011289176475e-01 -1.761906777532632196e-01 7.038835934130758219e-03 0.000000000000000000e+00 1.640178651839774293e-02 -6.897265359617634796e-03 1.507779351979699201e-01 -3.555943041041121355e-01 6.054488923177062110e-02 -7.194903357808135440e-03 3.240418058770590942e-02 2.634993668348445395e-01 -1.829524720046720940e-02 -1.687745760621139068e-01 -5.825399440801297679e-01 -1.120689382466119738e-01
1.722257707406184279e-01 -1.411792764619720364e-01 -1.843587676745498116e-01 -5.547194071468303928e-02 -1.916423468721980411e-02 1.332185194504393599e-01 1.228475744089916749e-01 3.232594806116124708e-01 0.000000000000000000e+00 -6.598901430025487513e-02 4.272422588694377993e-02 -8.728864357039306521e-02 1.008880146457540594e-01 -1.606972861913550099e-01 8.074577300449745088e-02 -5.829383365177554649e-02 1.187561796977327534e-02 3.244090404342198086e-01 -4.042064139960051261e-02 1.542848933152219104e-01
7.348794146150057494e-02 3.541482447721323000e-03 -3.926326030059308914e-01 -1.646533112006494937e-01 1.535584757134398071e-01 -3.852057807139698808e-01 -1.232302406951252677e-01 8.270285974134858331e-03 -1.273267870685771963e-01 0.000000000000000000e+00 -8.168910711300944594e-02 -3.818867524609993735e-02 5.340247527816185391e-01 4.871506898100357030e-02 -1.458818624188816804e-01 1.728159120352157352e-01 2.200635686744633890e-01 3.325848079129136575e-02 7.417178615769447203e-02 9.057471816048677515e-02
3.245943397052932777e-01 1.040083310986092552e-01 7.701470016981147582e-02 -5.717042595767515140e-02 -1.801710861168763778e-01 -1.070409235467171399e-01 -2.389776482637590294e-01 -3.490050526574066669e-01 -2.256069299708192422e-01 -1.370898200655735200e-01 0.000000000000000000e+00 2.664770308124306819e-01 -2.125113816969674829e-01 -2.996840026158589798e-01 -3.527418184375395033e-02 5.635795622558470441e-02 1.610719374582788854e-01 1.399366005121718270e-01 4.889064888749374005e-02 -2.877430490573398281e-01
-3.183524766397964334e-01 -4.059729767553046237e-02 -1.078614778936907576e-01 1.449937312720102345e-01 -3.207734096942895241e-01 2.092797539975287391e-01 -2.291563236671656165e-02 -3.400895751045724946e-01 1.080825314662584996e-01 -1.010647282249569345e-01 3.853998166038758999e-01 0.000000000000000000e+00 3.252905190402857194e-01 2.750735657380217192e-01 2.636840277428127433e-01 5.420996099878586105e-02 -2.096735882767020442e-01 9.901633469940869514e-02 1.995480777174001297e-01 -3.616028528704606226e-01
1.071364967471096462e-02 -1.316113191505501323e-01 2.235011410269704124e-01 -4.976752786814071794e-02 -2.124331394419842756e-01 -8.598402872907549843e-02 3.282979861723272497e-01 -4.126841602571825196e-01 -3.202526357386664690e-01 9.655669034914182713e-02 -4.460953552718205373e-01 5.862860757501094089e-02 0.000000000000000000e+00 4.226224970026144084e-02 -2.092052361711883302e-01 -9.922206178784501174e-02 -5.340376237747180427e-02 1.458792254955797695e-02 1.001307629267118859e-01 -3.227514683229030235e-01
-4.634816020457938751e-02 3.586078617995576145e-01 3.436256120360628441e-01 4.570846317007327964e-02 2.727559027174818462e-01 1.222502285558217383e-01 -3.094455300823609201e-01 -3.229715119871730961e-02 -2.434733558717808999e-01 -7.158267959772821043e-02 1.143051922575701179e-01 -2.653761422055370134e-01 -2.045493706579268600e-01 0.000000000000000000e+00 -5.125385906196328056e-01 -1.765200028162662582e-01 -3.724642904445968350e-01 -4.786944110559067378e-02 1.825891774157034630e-01 -4.463008567639502044e-01
1.472309834270245366e-01 1.476686836522531077e-01 -3.777781674311547766e-02 -2.133810648344312555e-01 -1.047384852962608554e-01 -1.499802283003207060e-01 3.458422322090188294e-01 2.177862004931260254e-01 2.773015088713195464e-01 -3.740409692222522731e-01 -2.384245572995654511e-02 1.523538061761065265e-01 -4.362961453143424095e-01 -4.055102380780647442e-01 0.000000000000000000e+00 -1.750366738013936219e-01 -5.641095924493563091e-02 5.847369857041931906e-01 1.775244491179220896e-01 2.339828615635240472e-01
1.576086041398226389e-01 2.656336927329998043e-01 -1.452203417553726561e-01 2.571902948635302333e-01 2.439213062205117591e-02 -2.839795339862762336e-01 -3.548690577199276053e-02 -4.025618237480892980e-01 4.248963710740585320e-01 7.049120948013501975e-01 -3.108502342932036311e-01 8.852011206960688772e-02 1.318156528763155810e-01 7.714888708512096516e-02 1.503594204192324757e-01 0.000000000000000000e+00 5.431719093923260688e-01 -1.453046076474755199e-01 2.494101277859328905e-02 1.050437052266171151e-01
8.494021936521878313e-02 -2.584207521472814961e-01 -1.521603271852660089e-01 -8.210566516952805260e-02 -2.692517010317954096e-01 5.144483553736879655e-02 1.238768023786961658e-01 -2.777067636127675820e-01 -1.661281084587734602e-01 -2.504738298848705469e-01 -1.375591016954372803e-01 2.492918171966364629e-02 3.094429099832914920e-01 5.253483827595072375e-01 -1.181527016898486181e-02 -1.105888583646104893e-02 0.000000000000000000e+00 7.796603163041161688e-02 2.401687769335990041e-01 1.247175599826446935e-01
-5.298750921578827128e-02 7.029905116946687238e-02 5.072860726167553735e-02 -9.333768722300923859e-02 -4.137135425149010004e-01 -4.461040384885136545e-01 2.756080824306694071e-02 2.328202612582617459e-01 3.573889093040129028e-01 1.213698150647258278e-01 1.038483707037250597e-01 -2.877427594464483374e-01 -3.041250015269295753e-02 -5.827849724835993533e-02 1.104017314097096303e-01 2.329825645703674508e-01 -1.889353110676013359e-01 0.000000000000000000e+00 4.551972038591525771e-01 3.659784985918626554e-01
1.432561348393350809e-01 -2.848377670151424623e-01 2.369218139287737057e-01 9.385572890769906806e-02 -5.651695659002420324e-03 1.638278063691626929e-01 -1.109829527254878878e-01 2.753245739624651800e-02 -3.202720773405287602e-01 1.419333128303661429e-01 -2.870331814523284786e-01 -2.379593612299388539e-01 4.527713040601953620e-02 1.298447594339118827e-01 1.570618595540099749e-01 -9.164763391788138813e-02 1.856454781405501575e-01 -7.183128258154423615e-03 0.000000000000000000e+00 -6.307925407103578963e-02
-2.501953914832203418e-01 -2.325516683216385383e-01 -5.356929513218377376e-02 -2.799064903213518418e-01 2.696328524034369845e-01 2.535345183786033574e-01 -2.828606788988395904e-01 -4.777101660223534441e-02 -4.973130657616548628e-02 -8.476984709150453545e-02 1.260352502158970378e-01 -7.865599600123505952e-02 -9.371075281880446306e-02 1.979885483114607880e-01 1.197945681081383495e-01 -5.846535596675035001e-02 1.339385490119335553e-01 -6.732595451876395576e-02 -1.066550788150026283e-02 0.000000000000000000e+00
