0.000000000000000000e+00 -9.248202328752704038e-02 -1.712886227064291667e-01 -2.066410046461979177e-01 -3.178789395206760848e-01 1.800607128810308155e-01 2.568932994321235230e-01 2.614921391225212277e-01 -1.793347276638090626e-01 1.615509117492903157e-01 1.184826149425474880e-02 -2.641959393213302310e-01 -1.511919955430455487e-01 -3.716939571971415029e-02 1.045216863160093879e-01 7.462186134298570694e-02 -1.899892646259926099e-01 1.535793093055939397e-02 4.155055536798520945e-03 2.941621405547814594e-01
2.604515097810131685e-01 0.000000000000000000e+00 1.257415094303995090e-02 5.050800176089851462e-02 -8.399127888378264684e-02 1.237246152834012569e-01 -3.065434599319040720e-01 2.197257299295004573e-01 6.455502559137180074e-02 -3.571695014834142534e-01 -7.536561745267272849e-02 -1.826408999494192054e-01 2.414265689148975269e-01 9.596347581499703461e-02 -2.790754177332808172e-01 -1.525301538563006709e-01 9.724946412375390370e-02 2.832124553015256119e-01 1.694774268684266783e-01 -2.492887112889605270e-03
2.948319092610409697e-01 2.524035527978679694e-01 0.000000000000000000e+00 -8.067311164355402131e-02 1.012640215130133775e-01 -1.313145283212582559e-01 -6.745414872048163257e-01 2.196508006882460784e-01 -2.497849586446800052e-01 -4.178901228710883015e-02 -2.646044409525160068e-01 1.948593592457903145e-01 -2.152331910524465930e-01 4.093065350460242668e-02 -5.220569195652032812e-01 4.054462070977743471e-01 4.095924239313421533e-01 -8.427468389346624844e-02 7.784028595929365357e-02 -2.600134650096538880e-02
5.159266594507363468e-01 -1.147132150820270313e-01 -3.284888528610699909e-01 0.000000000000000000e+00 3.190188583968730507e-01 5.788803372493669386e-01 9.707722333318320740e-02 1.425214139291375026e-01 4.257646364357942081e-01 2.021515693470915254e-01 2.014274134756063317e-01 4.038712627839326913e-02 -2.681726647264485175e-01 -2.187979758403509611e-01 -1.795128979622985510e-02 -5.194282164039547567e-01 -8.181470886153503763e-02 -2.071991489139786771e-02 1.427106770643697120e-01 -1.561522966025287104e-02
6.260371519070728752e-02 -1.297525167356450120e-02 3.442620106364472354e-01 1.092419093089324056e-01 0.000000000000000000e+00 -7.088451464971663729e-02 4.515016618286083472e-01 -5.574430006477437693e-01 1.807416334109187839e-01 -8.857905946236913075e-02 -2.092342992088210007e-02 5.367211994081248078e-02 2.690818336798164179e-01 2.536396932150395966e-01 -9.534308184006572151e-02 4.221088373369054070e-01 -1.626426029887924618e-01 1.379879270560573634e-01 1.584894938659993369e-01 4.620348320284870490e-03
4.213270959767481116e-01 2.382123219306884199e-01 2.160082139631774034e-01 -1.906750094324800859e-01 -3.510551733920960760e-01 0.000000000000000000e+00 -2.234606630184680365e-01 -9.873680747175396510e-02 1.292880544235849583e-01 -1.345074786060682370e-01 1.668719723246599729e-01 -2.290395382409014455e-02 2.665119835824232824e-03 4.694331322368525475e-03 -1.015449116669506352e-01 -1.794510903544008218e-01 1.324204158498713813e-01 -1.156952351194350803e-01 2.739439240277398158e-01 5.017716683640578434e-01
8.201228618748734184e-03 -2.018720301772239656e-01 3.495891691468450690e-01 -2.278591680627520266e-01 -1.440679658618925496e-01 4.208011161886496820e-01 0.000000000000000000e+00 1.459529742935946894e-01 -1.813277691705748595e-01 2.131980686755529097e-01 2.193749819051159788e-01 2.382819653314350028e-01 3.083868272581413161e-01 1.107291370970162198e-01 -5.241838765563618940e-01 1.575813818021722448e-02 1.723393079266793970e-01 2.905806727480112622e-02 2.288799312250468232e-02 9.627938074558968495e-02
1.395414553177055372e-01 -3.250486002454054946e-01 2.179512283646050652e-01 8.684510056317770732e-02 -4.161471986007758694e-02 -3.114246682295853108e-01 3.139445308913282190e-02 0.000000000000000000e+00 -2.825548768790335785e-01 -2.375630666398831081e-01 -1.038746892192787957e-01 -1.822111786032960812e-01 -1.945803062761708446e-01 2.994625035816775305e-01 8.836724102965766436e-02 1.930731382251188732e-01 -1.547245851934560441e-02 -6.225901452649058587e-01 1.874285241417987524e-01 5.131691643218461163e-02
3.332904430701524867e-01 -3.659038818553320138e-01 -2.107537009182232357e-01 -1.871498495984153521e-01 1.990224354377718718e-01 -4.475250429493811688e-01 2.430988346252529464e-01 -1.344078484918111334e-02 0.000000000000000000e+00 5.012062100533513087e-01 2.600980884487167355e-01 -1.324036753500987540e-01 1.185419108931319299e-01 8.601597751237190226e-02 -5.507998469256355362e-02 -3.263877449161444178e-01 -1.510985925217165904e-01 -5.216511604953717463e-01 -1.254558451427220389e-01 7.836735669594249720e-02
2.867234922439377276e-01 3.598040526761118740e-01 1.101408370499954020e-01 2.291720652050026341e-01 6.356080013843803389e-01 -3.347787948354470910e-01 -3.917739956177759275e-01 8.982075468021953613e-03 -1.091318322951140840e-01 0.000000000000000000e+00 -2.031669080279182027e-01 -4.419658026155558195e-02 1.392138744859218735e-01 9.419852185307864278e-02 1.016764987238147899e-01 1.731187223052242929e-01 -1.662882899595511874e-02 -3.198400016837303628e-02 4.015792766800614991e-03 -3.634426467782207043e-02
1.244112655182163518e-01 1.866643332593877491e-01 1.243021306570017831e-01 -3.383657944779379090e-01 -2.302210294972122651e-01 -2.306935245061741413e-01 2.937730697211868858e-01 -1.432909268659768309e-01 1.003963388899437453e-01 -3.192352927684040664e-01 0.000000000000000000e+00 1.384690864661753951e-01 5.774583673687009623e-03 -2.259690147885615452e-01 5.066708308871115118e-01 -1.613560064618314582e-01 -1.439524320174563610e-01 9.604982043887255738e-02 2.277891189130392124e-01 -2.938396574910691617e-01
-3.226261349013351265e-01 2.250406734389730212e-01 -2.845378301019240164e-01 -8.588680841769302798e-02 3.483108065660666525e-02 9.200007616410757483e-02 -2.054064474026923159e-01 2.144207152601420308e-01 -7.003331844465734979e-02 8.462278983034249302e-02 -4.476746064126687630e-01 0.000000000000000000e+00 -2.894604367918400811e-01 -2.542838047548999780e-01 2.053729172707282058e-01 -1.060608181565520919e-01 -5.158621392784629167e-02 2.983700717683515080e-01 3.903239554794274424e-01 5.699626583144189879e-02
-1.362654807132941126e-01 -2.598101184058134172e-01 1.061063667679489619e-01 -8.418204663092594686e-02 -2.811742783441375723e-02 1.743000457181463070e-01 -2.099661445926087056e-01 7.728870308587294791e-02 2.097141361796595049e-01 -3.171572133060009402e-01 -1.581929400996876234e-01 -8.452516850361052603e-02 0.000000000000000000e+00 -3.484929782343924587e-01 -2.266286966125953539e-02 1.405310805201264064e-02 -2.165451019532119159e-01 -2.151889140610484252e-01 -6.733028391364044574e-02 -1.312340889851348891e-01
-2.344608592937943298e-02 -3.810201245590706665e-02 -1.847483959982252344e-01 1.931479468344428352e-01 -2.974439647636415995e-01 -1.756378660813507075e-01 2.682664362528962010e-01 2.123363974514325125e-02 2.177970637214949878e-01 2.641252239583212202e-01 -1.790206492869508281e-01 -1.827397177609425549e-01 -2.390835802139310573e-01 0.000000000000000000e+00 2.566703342903849799e-02 6.366924714368188236e-03 3.133888430207378284e-01 1.319361758414770887e-02 -1.667059856166493992e-01 9.497722221538591747e-02
1.390921332523686049e-01 -8.386074613596415650e-02 5.646350428681629063e-01 3.573353815447140314e-02 5.254245291253178962e-02 2.387769672341746585e-01 1.780251872108175315e-02 8.055098501233912134e-03 1.282870575657304169e-01 -1.917527475928165470e-01 6.326857888466931312e-01 -1.095685977075846890e-01 -2.827582583438361871e-02 -2.702553242930501032e-01 0.000000000000000000e+00 -3.340989754321275207e-01 -4.420712897194954000e-02 8.088001033453935673e-02 1.042084902739833924e-01 1.574455373577888784e-01
3.430118954958265298e-02 3.281652453839403738e-01 1.929552768661225992e-02 -4.388132977774046595e-02 -4.489501160274193547e-01 7.339126210565569131e-02 5.654662262799855371e-02 4.343353395568070319e-01 1.101794105829508319e-01 7.923201329136182747e-02 -1.835404049643256652e-01 1.851914986085157477e-01 3.077521756585238633e-01 6.044299974968082162e-02 -3.860714506122828182e-02 0.000000000000000000e+00 -4.397645106263364106e-02 5.383461475320140410e-01 5.261617506647384701e-01 -1.484150134384351893e-01
-7.977931264801875477e-02 -2.354779183733089198e-01 -4.710761508388949109e-02 -1.078061776440541603e-01 -8.356931081471821732e-02 -2.911726908840433017e-02 1.265163715896018906e-02 -2.900377488949694160e-01 1.108991052646100955e-01 -1.184064590418507923e-01 4.808574004363584675e-02 -1.594443752095375810e-01 -4.002439449736776567e-01 -4.231732929774434382e-01 -3.011822614124507469e-01 -1.962605060570956628e-01 0.000000000000000000e+00 1.641086695499466563e-01 -3.175269132412224943e-02 2.715109680660638194e-02
3.325399606955662946e-01 -9.886361482854508220e-02 6.662819876700074029e-03 3.705031447853222859e-02 -1.473659647060949762e-01 3.432616688966815266e-01 1.325025992038375566e-01 -3.271205684781194195e-02 -2.161613699877277806e-01 2.217952055743254436e-01 -1.445142825329340762e-02 -1.285515469913826314e-01 5.082589720631108809e-02 -2.869416080578062189e-01 3.127818100687955738e-01 -1.303225104013659430e-01 -2.306458182367470411e-01 0.000000000000000000e+00 -9.409670551656812432e-02 -3.934515216285981998e-01
1.103297967978110472e-02 -2.508646492398370342e-01 1.230585255219572849e-01 -6.736754814233784742e-03 -1.290892575497022965e-01 -2.542000759408016286e-01 -1.216371276868236928e-01 -8.566068180750474603e-02 -1.112909722107474908e-01 -1.487068767839509476e-01 -7.077181643408111955e-02 -1.172400654697294403e-01 -1.283790318644572326e-01 2.103372387968115154e-02 1.524309174240700282e-01 -7.360543995386602534e-01 -2.712506543447287810e-01 3.555292504022924405e-01 0.000000000000000000e+00 1.054278352604830493e-01
9.609098717715437721e-02 7.838398573461093088e-02 2.556827200860277149e-01 5.325239627418570931e-01 -1.453332353640300334e-01 -8.090060757683444070e-02 1.871634732434648285e-01 2.998397564222004706e-04 -6.777383658035827756e-03 -5.745518034126883000e-01 -8.895959932335630038e-02 1.272149580937139979e-01 1.525115234413283727e-01 -4.169450018727405838e-01 -2.227540486451877189e-01 -2.500052221082929016e-01 1.989709788347286956e-01 -7.930801969012607477e-02 3.479927385946029461e-01 0.000000000000000000e+00
