0.000000000000000000e+00 -7.398481513608606841e-02 5.435369611897249431e-01 -5.636951383851670355e-02 2.450950567717995188e-02 3.538535350859458029e-01 -2.033105464604166857e-01 -1.322939785112914879e-01 4.194935657698561915e-02 -7.376116493296328014e-02 -2.667102754531348596e-01 -4.581178046668005904e-02 -8.023659177894489070e-02 1.349403525925571279e-01 -3.722580320060620562e-01 -1.565647924695118542e-01 2.574588565895417624e-01 4.153118388887366841e-01 -3.379100217199250689e-01 1.441922869477788582e-01
-2.192705890621149678e-01 0.000000000000000000e+00 -1.949581121926637628e-01 -9.447564506397794493e-02 2.228107188466401656e-01 1.593022390296796875e-01 1.322505483155541825e-02 -8.123878212507329444e-02 7.354076367989990448e-04 -2.368676693270010264e-02 1.773321132098821251e-01 -1.412237096875725295e-01 -1.385223648854818929e-03 -2.259940503290315886e-02 -1.169645810820696755e-02 5.572676257444660053e-02 4.419814000098239160e-02 2.984812151672851521e-01 -1.942597612233004992e-02 3.491692357212868303e-01
-6.839081464522685228e-02 -1.068239924021400777e-01 0.000000000000000000e+00 7.947845859918306610e-02 6.028716683921259145e-02 2.888917949696108156e-01 2.547648350340439016e-01 1.105602341020812535e-01 -7.520707387273170563e-02 -2.249805178543990217e-02 3.160454047336574424e-01 4.947392589969248911e-02 -2.930977829317509831e-01 -1.541914733780149205e-01 -1.291358847411119004e-01 2.576408190559544842e-01 -2.396259548065502940e-02 5.053752382446259350e-01 1.468245770852216747e-01 2.790765454942579354e-02
-9.742635810107676264e-02 2.173859022761448767e-01 -5.382464770440817392e-02 0.000000000000000000e+00 1.270383377087965782e-01 2.852846343345426337e-03 2.658820612318920085e-01 -1.645596634122193161e-02 -6.394456687806184814e-01 1.765076938901008197e-01 -4.198756260636622994e-01 3.440763341930156982e-01 4.072695367295111057e-01 -9.548712074091197932e-02 -2.604352644541872985e-01 -3.123952488757450463e-01 1.951315053998425864e-01 -4.519499846477455923e-02 -1.337973486144141688e-01 -5.443029990493134657e-02
4.670060813475228056e-01 7.757351980766859223e-02 1.667496152926158937e-01 1.737218185986665053e-01 0.000000000000000000e+00 2.373253964922180659e-01 -1.588651271215753835e-01 -4.811745541480541566e-02 -1.701111764603676080e-01 -1.590209321588339775e-01 2.552488897745903151e-01 -1.121959511614505911e-01 -1.769878241171455452e-02 -1.549206797327536966e-01 -1.326888934089149874e-01 1.762553624199363622e-01 -9.960117402080347071e-02 -1.078053510802232245e-01 1.103628480703190834e-01 1.119123686160568565e-01
1.771910839205935173e-01 3.818409238535395989e-02 -3.921483778945649701e-01 1.409385767632729825e-01 1.114297999243864662e-01 0.000000000000000000e+00 -1.892761368160061353e-01 5.636697228170981511e-01 -2.755699127226979295e-01 1.625516907367517971e-01 1.027590050139580262e-02 -1.089261709422339186e-01 1.824927438183654715e-01 -6.292968819452943174e-02 -5.222609161362410379e-01 -2.610113962222516126e-01 1.023354558518475427e-01 5.004243239149199773e-01 -3.312196266797414190e-01 -3.789088233945276264e-03
3.243938820546683477e-01 1.357003287128175084e-01 -8.399137411255318264e-02 -3.179519950659863148e-01 -3.982775380555683142e-01 -1.672368181197548265e-01 0.000000000000000000e+00 -5.029181024626721008e-01 -3.787172523117867673e-01 6.789786096927107051e-02 -9.145346701290409108e-02 -1.687852511655860421e-01 -9.112405555260472134e-02 -1.817084206033224014e-01 2.073989291135177049e-01 3.667048772042338367e-01 4.636745281275677089e-01 1.587156264782825787e-01 1.670683985746063416e-01 3.271580950122289777e-01
3.887289724039356131e-01 3.276297722557225955e-01 2.710748102792103209e-01 -1.419126131232907873e-01 -3.577034598198816640e-01 1.961373314704663307e-01 -2.098157337125317393e-02 0.000000000000000000e+00 -1.988805222071385603e-01 -2.909015881418267613e-01 3.135339878941534320e-01 1.039997438346524777e-01 -2.381485335192826680e-01 8.730070194051685328e-02 6.833427589934631952e-02 1.166890934370934108e-01 4.993745351699866997e-01 -7.759625731383152855e-03 -2.861324421128229600e-01 8.171183044290198511e-03
-1.445297262935885396e-01 1.226634973481313395e-01 4.707872438290146289e-02 7.748014683869752783e-02 -1.267964958966115163e-01 9.250139363063147879e-02 -1.140967227317520039e-01 1.156627079143131426e-01 0.000000000000000000e+00 -2.500832806818094611e-01 1.114732710800628440e-01 -1.578873891675789676e-01 3.228616298576452159e-01 9.904803103508902362e-02 1.045820653341050510e-01 2.266138399230729211e-02 -1.327150638420588821e-02 -5.336818398177703981e-01 2.732856445278165070e-01 -1.819962577024632766e-01
2.138266517393608568e-01 -1.427753006271388903e-01 -3.200403992574010065e-02 -5.013037054964573219e-02 -2.322145951194494740e-01 -3.839531046620672794e-02 1.065142431133574985e-01 -9.261307566575129047e-02 -2.826576284494048408e-01 0.000000000000000000e+00 5.586085003563887735e-02 2.565221838420214673e-01 1.869227512722794471e-01 6.426540872871477905e-02 -2.226221002517043135e-01 2.027866497556022329e-01 5.413687023324813795e-03 -5.366154721274866979e-02 2.035069087936292320e-01 1.381542862418045081e-01
1.117179908868337207e-01 -2.574931211534560727e-01 -1.365156173203148915e-01 -3.810003597084703486e-01 4.347751941269317744e-02 6.314935136765144168e-03 2.085268685256378707e-01 4.741432749436529093e-02 -8.227490672323908849e-02 4.721431605881142302e-01 0.000000000000000000e+00 -2.988013608413804256e-01 -1.365270116863191163e-01 1.173252038294380906e-01 -7.810767138198231041e-02 -9.855211627807253238e-02 -2.507275297935243619e-01 3.293380935956780053e-01 -1.393902698395030892e-01 -2.416523028639352977e-01
-2.739856165534118246e-02 -1.806168470008040483e-01 -5.200115250418278767e-02 2.985486912877243215e-01 -9.983075898964992312e-02 -1.113308826309021039e-02 -8.240911787774160557e-02 -4.287427090345170833e-02 1.832860021082028112e-01 1.188769146651647568e-01 -7.638744424055442239e-02 0.000000000000000000e+00 -3.001183229479508635e-02 1.861735916354554932e-01 -3.880308900867499803e-03 -2.854524621749707572e-02 -4.042624469398929388e-01 2.222582199811021508e-01 -3.334265491529300185e-01 -2.866879479879385628e-01
-8.401073079205713390e-02 7.746606122084058639e-03 1.007978257760017496e-02 -1.707789970008674330e-01 -7.001989884644750639e-02 -1.357269863179456915e-01 -4.046279556418029277e-01 -5.713550411753324371e-02 -1.551382502227348359e-01 9.373546820988951089e-02 -3.246774874984174192e-02 2.155125223339001694e-01 0.000000000000000000e+00 2.011131753207134887e-01 2.702015514087993675e-01 1.550162408495931454e-01 -3.719936357905127833e-02 3.025652896339803832e-01 -2.076472008814915504e-01 -7.931889214259073284e-03
1.922226784724136162e-01 -6.428619623824358142e-02 1.598676680296728658e-01 -1.796574632121810955e-01 -1.208554398679421299e-01 1.221289853135605064e-01 1.591832778971766504e-01 2.676918819839783081e-01 -1.566746309989498417e-02 6.668561169140170553e-02 1.400209236889065900e-01 1.045209857152722827e-01 -2.912750070340628383e-01 0.000000000000000000e+00 3.226534310710424402e-01 -2.781657683799165226e-01 1.406219170859227818e-01 -9.516529250226342385e-02 2.243244771430847884e-01 -1.740058031607197575e-01
1.094435200655977797e-02 -4.531172372416746863e-01 -9.377252961052172722e-03 2.402750699337022899e-01 -3.356023643693648029e-01 2.651405159420872626e-01 -1.598970266497640458e-01 -1.145728251366398553e-02 -6.204157003923524982e-01 2.411885823925067063e-01 -1.958093237182002566e-01 -1.203249017046539721e-01 -2.858177192893862073e-01 -2.219899967585696743e-01 0.000000000000000000e+00 -1.138320935637282816e-01 2.001282939060579358e-01 -3.940027046410454065e-02 7.738661615793408777e-02 -1.132143866786315956e-01
9.551677861813322179e-02 5.788217557981696348e-01 1.459913163077150300e-01 1.131092160402184382e-01 -1.064258411272707983e-01 2.260460660927742227e-01 3.039265765999337732e-01 -3.805988869162513222e-01 -3.086516697329642622e-01 4.699715537181075042e-01 9.523394901676111857e-02 2.889004948194124484e-02 1.258822448300610242e-01 2.452440478980177641e-01 1.790685387946996943e-01 0.000000000000000000e+00 4.614507888118036250e-01 2.822700727688633345e-03 -1.956053675267437342e-01 -1.245667363924268661e-01
-2.958361547760953586e-02 -8.479728456816480742e-02 -4.199194928015025779e-02 7.054037564922700787e-02 -7.343058173254857213e-01 -1.741211046709635335e-01 2.125035369246546513e-01 1.258909181282557854e-01 -1.521988759293558258e-01 -1.396432033208532542e-01 2.550226445639896533e-01 -5.539387570297733127e-02 -1.185575036700742269e-01 4.149503554836649344e-01 -8.270592182211664034e-02 1.530022394366508665e-01 0.000000000000000000e+00 1.135624013627294093e-02 -2.118060733326533052e-01 -1.849200083988596921e-01
2.813138105226886676e-01 -2.546636036343487008e-01 6.201960768267335278e-02 -2.670862371885665554e-01 -5.376331071469531847e-02 -8.320021168895243638e-03 -3.644071681397260121e-01 2.537631652452463915e-01 -4.109880231052235461e-02 2.716236135545365138e-01 -2.089110448321554181e-01 2.038986341601683738e-01 5.219519528448995915e-01 4.841801721909906597e-02 -1.446889101461009131e-01 1.070419279811911650e-01 3.148990865632339542e-02 0.000000000000000000e+00 -2.694610477591415088e-02 -1.294293796848257350e-01
9.477967520593932882e-02 -8.660992582682572327e-02 -1.916015427397956550e-01 1.823097287911418785e-01 -3.707758882720592342e-02 5.915190128414178350e-01 -5.578316023370991777e-02 -1.604016295915990375e-01 -1.228713388619338820e-01 8.297756470708567145e-02 -1.559312625571852573e-01 -2.824827276894005812e-01 3.665390210155487494e-01 -2.773047707826335473e-01 3.384614831097708110e-01 3.154120715232309330e-02 -2.374923234838063335e-01 3.726139854281815267e-01 0.000000000000000000e+00 -2.252944763344967571e-01
1.462602209287504514e-02 2.876580120185923684e-01 1.528896536463104638e-01 1.847539529767441291e-01 3.922815276408700425e-01 4.797796549302231484e-02 8.403474071293892678e-02 -5.053159558986294181e-02 -3.252794382240796200e-01 -3.231893243760253914e-02 3.615674527296312002e-01 -3.870753585157294396e-01 3.005154915200035082e-01 5.848202660385058704e-02 -2.035983170207997794e-01 1.463942317834744829e-02 3.971977030713015888e-01 -1.281564769367236623e-01 1.767821061015019124e-01 0.000000000000000000e+00
