0.000000000000000000e+00 -7.225257803591154937e-02 2.856496684729844734e-02 6.255912498972353297e-02 2.881691413866659945e-01 3.634273039966005592e-01 -1.049141632342928260e-01 -2.793744003723468428e-01 -5.823285357117925776e-02 -3.299327308726525410e-02 -1.073720991352458409e-01 -3.820155145683720166e-01 2.463885146199732423e-01 -1.120043697864729799e-02 5.683952098710156609e-01 2.704842510999203031e-01 4.335903949453265294e-01 -6.645833217019909978e-02 2.953651327683168293e-01 4.413083738642394581e-03
1.087672772530953041e-01 0.000000000000000000e+00 9.250068200296349130e-02 3.173467632745751582e-02 -1.032981928459677894e-02 9.529295782119122371e-02 1.445307286076175368e-01 1.894173222080409169e-01 4.246140961095084404e-02 1.563722969500203896e-01 -1.501848545687646808e-01 -1.681211232210892692e-01 3.531381219332920818e-01 -1.337749653874010791e-01 4.710122363991172678e-01 -2.726845151862289929e-01 4.828911576510147574e-02 -5.772905944401159756e-02 -2.691799098863322665e-02 -1.854155174872701428e-02
-2.077735385706268589e-01 -3.721780645596898807e-01 0.000000000000000000e+00 -1.489189599756669258e-01 1.312217309515402164e-01 -3.873690557652976763e-01 -2.942741921685601558e-01 -1.609708066691135919e-01 4.677631517263927674e-01 -2.684915133096384965e-01 2.615051835819613979e-01 -3.006950217202578601e-01 -3.716176497477743923e-01 -1.469080568166158396e-01 1.168673257089665740e-01 5.270144518671390083e-02 4.011897408945694909e-01 1.870005249849155116e-01 3.056954184260115004e-01 2.708764714144066277e-01
3.330528503833105058e-01 -1.583063669364576931e-01 -1.476753988034087695e-01 0.000000000000000000e+00 5.783588726118034720e-03 -1.040435241348125484e-01 4.702422537841718375e-01 -1.470288538365160103e-01 1.114049087505335212e-01 1.047602018461517813e-02 1.152098916954288343e-01 2.865858030704406811e-01 3.430545122414629944e-01 -1.163821363799698722e-01 2.613011719861740509e-02 3.848438592725574314e-01 8.690568868733662689e-02 -4.109439099839295451e-01 -8.845217036277518152e-02 2.210813410683101776e-01
1.444489829921659085e-01 -2.664704575655697516e-01 3.030310663092630058e-02 7.700117157684831237e-02 0.000000000000000000e+00 1.495498208854629738e-02 -6.366550499870433921e-02 -2.431469003306332699e-01 -5.858743444991255239e-02 8.726937402562069679e-02 -1.315592490622116140e-01 -2.646052071081801960e-01 5.742303106780026756e-01 1.398887721381619487e-01 -3.422097924512758627e-01 1.876999197912922468e-01 5.732095828654259345e-03 -1.229552611212768459e-01 2.608138694118744549e-01 -2.919878877937526207e-01
3.011572981404803118e-01 6.875528928597802736e-01 -8.750988348775270292e-03 7.166805781492102678e-02 3.434895835342071657e-01 0.000000000000000000e+00 4.515821114583081636e-02 3.393790292597929220e-02 4.319709998817600760e-01 -3.025853451565568494e-02 -1.676981948772882439e-03 6.740017208651222225e-01 2.193829660573861362e-01 2.366646086202150723e-01 -2.404886485725069301e-01 -2.422352199604029810e-01 2.174265672533124139e-01 2.762142620874582510e-01 -2.169521769286114621e-02 3.947546561084502859e-01
8.520960159839956194e-02 -1.467177471551144724e-02 1.441049378672568659e-01 5.045791145830834656e-01 -4.731035580015896524e-01 1.222397178055991823e-01 0.000000000000000000e+00 -2.566572935387145260e-01 -3.012397338798110669e-01 1.398562767995502887e-01 1.408610475310798915e-01 -3.663017156769475813e-01 2.518865895671270616e-01 -5.356590585157537665e-02 1.027509330140732730e-01 -5.566409923350244121e-02 -2.109279939321647701e-01 1.625145485751473551e-01 -1.368598829218458102e-01 1.544874437198845429e-01
-7.755029772067288663e-02 2.142678950840992969e-01 -1.482834705161399091e-01 4.375864703747724405e-01 1.332421556961268516e-01 -2.208565546809656832e-01 9.460170947173181244e-02 0.000000000000000000e+00 2.145007216160764625e-03 -4.855898269296232000e-02 -7.772015737341995967e-02 1.766488169054800661e-01 -3.547064297140968825e-01 -2.680692072262962355e-01 -1.145366705809354596e-01 -1.141164579957317654e-01 8.844375188599497284e-02 -1.940595560742780154e-02 5.448220875933319773e-02 -3.019180044924398842e-01
-9.008195442054264812e-02 3.134760875040270428e-02 1.900209247947307750e-02 6.531952791810669012e-01 -9.872117020299978063e-02 1.221216164920813502e-01 2.056929966209358751e-01 9.852650742556873231e-02 0.000000000000000000e+00 -2.838162414088942764e-01 1.846584373305478755e-01 1.554859782804465240e-01 -7.084819152627731820e-02 1.597917226632189838e-02 1.182896015471208151e-01 -1.972898219150672622e-02 -7.878176697066360812e-02 -3.612015507224878297e-01 -2.754141120027275846e-01 1.112561471214921910e-01
1.002908324572613363e-01 4.097249447347550699e-02 1.725580301608969913e-01 3.084200438531109478e-01 2.175098634983448909e-01 2.097128008863209381e-01 5.569314614568361410e-01 3.369081068006107849e-01 -3.792393551949365116e-01 0.000000000000000000e+00 -1.258736208802647694e-01 9.899394125003155298e-02 5.543332514007862089e-02 2.196207347429543766e-01 2.618746340226849045e-01 -2.980858960802034146e-03 7.007447816983439215e-02 8.666472909095798705e-02 1.352536625092218281e-01 1.712763031295610749e-01
-9.687097274466827113e-02 4.639190609446647295e-02 4.090031995134902482e-02 -1.756677627167363767e-02 -1.343688177683342866e-01 -5.715629034232138500e-02 2.232078664395180378e-02 3.379086061439748878e-01 -1.441771234798459866e-01 -3.446616038625157086e-01 0.000000000000000000e+00 -1.633512737825028593e-01 5.636991383381300125e-01 -1.117092366468280390e-01 -1.440880157012332241e-01 -3.036615212126383967e-01 -2.441165456742365458e-01 -1.150667393453591869e-01 4.567537077786571441e-04 -1.692580334870135150e-01
5.506520341958383302e-02 -1.451855277605350603e-01 4.215630761035713547e-01 -2.048765763841254584e-01 -5.918740594759739487e-02 4.568981315517199882e-01 2.857349810119237943e-01 -2.592747443373698557e-01 1.143555330461688280e-01 -9.738521689550223848e-02 9.407339800952503606e-02 0.000000000000000000e+00 -3.488058642225144723e-02 -4.050582993735169640e-02 7.066497261108968531e-02 -1.158429383109276234e-01 -1.281057239654791180e-01 3.928537020527211876e-02 -3.517654190167167072e-01 1.488613582044037154e-01
2.551649982625855406e-01 -5.171760072969804334e-01 1.648958506988089379e-01 -2.788553817012826008e-01 -1.074339186474193054e-02 1.730784708305211639e-01 4.184438667430683823e-01 7.386395133506866439e-02 -2.515301271083733581e-01 1.460253122269121462e-01 -2.632911663181120576e-01 3.932489010174963218e-01 0.000000000000000000e+00 5.276619671043818460e-01 4.458634163196810718e-01 2.175881757478878853e-01 -4.867729283597627132e-02 9.533597830517746841e-02 -3.329641815354679735e-01 6.389891421541188388e-01
-1.498613849884758431e-01 1.028930873777266358e-01 7.438784325756950255e-02 7.626104826396301606e-02 5.086293330689802689e-02 4.747827725412349237e-02 1.176132771715031194e-01 4.848123148881182398e-02 -1.177507555654691146e-01 -6.229517230057277782e-02 2.329490469756071991e-01 1.074245431876418994e-01 -1.233894517284468695e-01 0.000000000000000000e+00 -3.677022793958600322e-01 2.208670929820251774e-02 4.963047739070781950e-02 7.719098687972239525e-02 3.212876455150853183e-01 3.314021042308649273e-02
-2.044840900479492907e-01 1.314440247966912056e-01 3.779217634551488292e-01 -2.118529976290969008e-01 -1.219927074114133952e-01 -1.386062006201214947e-01 -2.747711058425919908e-02 1.904617923341637709e-01 -1.111486613067952933e-01 6.753957657794158742e-02 4.225925516793261338e-01 1.489025528753991356e-01 3.615102760762993195e-01 1.615307237410945618e-01 0.000000000000000000e+00 -7.936041633174603649e-02 2.199982253082973793e-01 -2.587394892092063636e-01 3.167455905807542993e-01 1.275401236077589595e-01
-4.802047431707923836e-02 -7.559031623094094460e-03 -4.515864631187502809e-01 -7.539371416571798157e-02 6.262747981128208297e-02 7.147057125682632073e-02 -1.231842004437044974e-01 -7.511141766488203808e-02 -7.555233349220612238e-02 -3.853988937222329507e-04 -3.154458898156692337e-02 1.321448871931726055e-01 1.990095552356233033e-02 -4.151477209361924547e-01 -1.416375071727010194e-02 0.000000000000000000e+00 -6.723970332746408152e-02 -1.515509915947600705e-01 -7.141015257424392082e-02 1.328652875326806482e-01
2.624285072300275856e-01 -1.650481163925087424e-01 -2.552349812280481078e-01 1.065745336383069342e-01 1.787737253738476140e-01 3.026194333014091686e-01 -3.359349755822777506e-01 -3.880774888866847516e-01 -3.473240846370118096e-01 -5.160085613220107836e-01 1.836673061114426908e-01 1.969916074509070192e-01 1.821226950852546378e-01 -2.302396739618704502e-01 -3.340615567234592742e-01 -3.651055489994446332e-03 0.000000000000000000e+00 -1.775520579527690435e-01 4.301192858318457490e-02 3.130625635923635075e-01
-2.846947315056225225e-01 3.757555491430115274e-02 3.921681133012541731e-01 -7.914146832685282906e-02 -1.859082398267246639e-01 7.034185280232995753e-03 -2.559192833884195162e-01 -2.453188057516844101e-01 7.985350405348404235e-02 3.367063383521904929e-01 1.729880533614286744e-02 2.548268556600261636e-01 -2.205789894238883164e-01 -1.548291819500515754e-01 2.023882825259495921e-01 -3.042052446309110106e-02 1.791919734497282868e-01 0.000000000000000000e+00 -1.417647269262566900e-01 5.107733688991274862e-02
9.334119630113402177e-02 -1.724161060635038822e-01 -3.187575092938325083e-01 6.977030656710257739e-02 -3.682320351101229239e-01 8.120204310703400818e-02 6.884686284422110447e-02 -1.832960993557364582e-01 -2.865942093782280486e-01 1.134764601004487061e-01 -1.423010469561667157e-01 -1.506646616603733897e-02 8.112643557209266165e-02 1.029138866480563408e-01 1.685305616254953454e-01 2.438429646181026755e-01 -3.178659210803651963e-02 1.274552351969802100e-01 0.000000000000000000e+00 -9.609730578658649824e-02
1.422890930350757810e-01 -2.249421879799182178e-01 3.856982735981652755e-01 3.566613899726164827e-02 1.136147745872020248e-01 -1.347789543809397028e-01 -1.570429620507744761e-01 -8.154742140471417031e-03 2.023400095689597555e-01 6.241794903838748798e-02 1.505602298618103907e-01 -3.527828395330740441e-01 5.977391138618747268e-01 4.407319222476220877e-01 -3.931272533152208037e-02 1.023611369907180269e-01 3.955472789287399205e-01 -5.147468769742682415e-01 1.040065222476334456e-01 0.000000000000000000e+00
