0.000000000000000000e+00 -7.454350047091190534e-02 1.813271921533927619e-02 -1.768790037655287306e-01 -4.888037247789302903e-02 -1.706560022030697288e-01 -1.737693693852029597e-01 4.135286899330806731e-01 -1.577770259996810476e-01 -1.923958359824937472e-02 6.438384345324721370e-02 -2.937891933806695624e-02 -2.197482729440446148e-01 -2.054479774274992343e-01 2.682017054927609001e-01 -7.633360093752290798e-02 -3.932365493218908936e-01 1.143021376109738113e-02 -1.278872103887193357e-01 -1.566513291175448130e-01
-2.090961122548603834e-01 0.000000000000000000e+00 4.421676924356840455e-01 -9.729720581801125368e-02 -3.008671847685785022e-02 -4.686010071036479652e-02 -1.714729073180632501e-01 8.937661138093534394e-03 1.367977119760135918e-01 -5.899313308742416828e-02 1.156672688593007176e-01 1.535522100116296362e-01 2.460694104760522694e-01 -2.059677029003238388e-02 -9.317002215950109800e-02 -4.915278464039549156e-02 -3.970274869134627314e-03 -2.661708114577358009e-01 -2.427447235347559573e-01 -2.403629190300661245e-01
3.216729422993082604e-03 -1.994130182223154829e-02 0.000000000000000000e+00 3.554510497909743605e-01 -1.000614546834004553e-01 -1.164137724735211932e-01 -1.550996409489119598e-01 2.836963850435403334e-01 3.131442310564205855e-01 -1.392910735601208261e-01 8.644272747605857843e-02 1.272398238138767179e-01 -3.190116882918541119e-01 -4.093983346235309240e-01 -3.476277771084515522e-01 5.395725984511419160e-01 5.149636296318452905e-02 5.751485926205817528e-02 -4.867553013046631294e-02 -1.156099745221657732e-01
4.054567246062588115e-01 -2.000719132552307156e-01 5.907182710854920471e-02 0.000000000000000000e+00 -8.468129816885890115e-02 -2.709202673015149998e-02 -8.248007570609572348e-02 -2.716245377708139119e-01 -5.282499839646762063e-02 2.820995460283975964e-01 -7.352808699817768578e-02 6.449529530475272068e-03 -2.862822661520553758e-01 -5.412219993532141338e-01 2.241821425203510687e-01 -3.419470578083408929e-01 -1.264666014850954201e-01 -9.767603053552428860e-02 3.272532863206203402e-01 -3.064543357542501290e-01
1.712567298194680177e-01 -4.608831159808298716e-01 1.529675523452216912e-01 2.368472112692796006e-01 0.000000000000000000e+00 6.005695567525243250e-02 2.440043217343354151e-02 1.977834334980509701e-01 -1.530372944429537752e-01 5.741332072523215313e-01 -1.316167141869388768e-01 -5.210562013779476004e-02 -7.149290821945461505e-02 -3.360266802237744932e-02 -1.975436216572102888e-01 -1.134090504472241023e-01 -4.416693957371424228e-01 -5.231065544267154976e-01 -3.590532657655566284e-01 1.421907361999584334e-02
3.146545198007734134e-01 -4.092304202538415980e-01 -7.064445023420633241e-02 -3.817136025648290021e-01 1.315378878450866318e-01 0.000000000000000000e+00 6.486587179593844565e-01 -2.035546807121760837e-01 2.557833037329674819e-01 -8.182677882238673095e-02 -8.578305736836223938e-02 1.143450379456127930e-01 -2.721086040186388999e-01 1.694531129839088601e-01 -1.392799077175894962e-01 1.320296954645826248e-01 1.423365454489038395e-01 -4.762247345984261804e-01 -1.657050436221869372e-01 -1.281274139983954938e-02
-1.562028774311870205e-01 9.422598129256933019e-02 6.203594820285383837e-02 -7.858111354295363449e-02 1.492212995233236916e-01 -1.193773919461291189e-02 0.000000000000000000e+00 1.851870440305944665e-01 -5.417999913363558823e-02 1.705498138410082576e-01 -1.534603566562868227e-01 -1.318863929988335626e-01 -1.185498998058755055e-01 -1.703431330719415871e-03 -4.468939696301258424e-01 4.815099778404696024e-02 -7.605416932429547028e-02 -1.009308398241831606e-01 -3.231602361450776062e-01 -6.368182888808283058e-03
2.511651676718242368e-02 1.512231725298205931e-01 -5.497784237393540246e-02 8.889717053981467665e-02 1.036907810501577348e-01 -1.228804781593537815e-01 1.901077597857378119e-03 0.000000000000000000e+00 -2.961050131891018178e-01 4.630494694615970575e-02 5.529751524320288686e-02 -7.570576777269182045e-02 -1.133148961857892781e-02 2.696940003781179707e-01 -2.831058275920694811e-01 6.806276503873714967e-02 -4.417851248508448125e-01 -1.745483931412163126e-01 8.474985929076764291e-02 -2.892457227102634976e-02
-2.555152295286193254e-01 3.821664547031376480e-01 -2.862184088405844706e-01 -3.609413229245901911e-01 1.536385305640754033e-02 -2.214384737388549185e-01 1.595662338081911547e-01 -2.875034806146895341e-02 0.000000000000000000e+00 9.376408069695035818e-02 2.327465776646636952e-01 1.119010336343114441e-02 -9.118711842024222747e-02 -1.708035230285750716e-01 -3.822365429707304946e-02 1.154444396760052755e-01 9.315394246024344405e-02 -2.554363256951335259e-01 6.518826134854256715e-02 -1.916302557615260915e-01
-1.222454513659666786e-01 5.206013265104576515e-01 -1.522260547467624292e-01 3.142615967022892587e-01 -1.633113248403727236e-01 2.418256916607708362e-01 -1.802259396452268736e-02 2.824561760046890094e-02 4.231893968244819781e-01 0.000000000000000000e+00 -1.091352703781014039e-01 -1.453872675995921682e-01 -1.556402938676634262e-01 3.272337428586534203e-01 2.044678923518621905e-01 -1.209080817110703004e-01 2.090904370538966897e-02 3.988607582934181051e-01 2.629728577309317986e-02 -7.829096281725134165e-02
4.391091472873593915e-01 5.944893223037663738e-02 5.691249581944973768e-02 3.207424585289576635e-01 3.493288590977067232e-01 2.706982239635088994e-01 -1.574759703859011928e-01 -1.621112132106286852e-01 -1.175823832073616682e-01 8.228901416498946020e-02 0.000000000000000000e+00 1.496867896854557345e-01 -2.297702509032954199e-01 -3.067796171164447958e-02 -8.589208022454311933e-03 1.467522518683881672e-01 -2.387227986402382651e-01 9.093888032266439145e-03 2.924609132391462474e-01 1.714726541089849066e-01
-3.521069779624687590e-01 1.834594286495538351e-01 2.815477994355793379e-01 -1.779929914376051914e-01 -3.662322265011873079e-01 -1.333494321053864118e-01 1.043141101802833315e-01 -4.404952046233315821e-01 -1.906952775268161426e-02 3.896374914972223213e-01 -1.386543392628504512e-01 0.000000000000000000e+00 1.474120757390405267e-01 -8.629855498632188482e-02 -4.685787987627657580e-01 1.046960640414836691e-01 9.488253276989313742e-03 2.387397869227698421e-01 -2.281960389976354087e-01 2.217648881246100379e-01
1.395058829514592980e-01 -6.165648710904490098e-02 1.387861517578308501e-01 -1.631548828525571371e-01 2.664393419890650483e-01 1.813167781312971238e-01 1.922057307634357781e-01 7.026044193336554444e-02 -4.925930534367984476e-02 -2.639669697387998504e-01 1.005610547926259896e-01 1.293238545246115367e-01 0.000000000000000000e+00 -4.093076744494892477e-02 3.410371580825342086e-01 -2.602752175811885449e-01 2.088471078520306723e-01 2.885559563743797518e-02 -1.215114561500337947e-01 -3.921835006935686097e-01
-2.219671910033336193e-01 -9.255988537438723796e-02 -7.688335218327460585e-02 2.807497015174453270e-01 4.585380726113075789e-01 -8.265681306336072898e-02 3.108630405646907180e-01 -2.444258677376743849e-01 -5.031297778404341531e-02 1.336992257354865932e-01 1.860520775733347509e-01 -1.331801142747087441e-01 -3.361517231759965085e-01 0.000000000000000000e+00 -3.766350079675558904e-01 -1.273768529742308753e-01 1.319907426293485397e-01 2.799896120751407258e-01 4.549046642532154905e-02 4.077966718718073480e-01
-2.257691316813855431e-01 -1.329149107393003681e-01 2.160026357365346650e-01 3.163334345735475256e-03 -2.604845414039232421e-01 -5.519173506104121385e-01 2.857058915891233161e-02 -8.330236087938520939e-02 8.577295102968394633e-03 -3.583217915274555243e-01 2.417536637320802373e-01 1.468565652789018405e-01 -2.508425578920290416e-02 -4.010790880841000883e-01 0.000000000000000000e+00 3.165103464087046792e-01 1.779955595763081933e-01 -2.268477538665618354e-01 1.179212561531954029e-01 3.198637297069628627e-01
1.877042962413940641e-01 -9.628612426436065908e-02 -2.767917794830397904e-01 4.341642100081283262e-02 -5.114452012592763525e-02 2.774069197934698194e-01 -4.212712961924360289e-01 -3.842208836851898068e-01 6.884423020973980956e-01 1.773385670061227715e-01 2.895221987566364286e-01 3.366797844634752401e-01 -2.706317424727020526e-01 -2.899062371559219531e-01 3.324404329020859694e-01 0.000000000000000000e+00 1.950381090816008800e-01 -6.388575460184045540e-02 -1.910387851348061827e-01 -4.321697498833658169e-01
1.596763978639736958e-01 9.784926778236827105e-02 2.605378269866133467e-02 -9.650885390982055778e-02 -3.678383628472050582e-01 1.661988290988818950e-01 -2.999884618359867083e-01 2.539541601899974466e-01 -2.543534389032165444e-01 -4.974319095652492140e-02 -1.490120016607482216e-02 2.072642672448527512e-01 2.413836530743552755e-01 8.602456646917283622e-02 -1.537868202178316324e-01 1.721650308244379313e-01 0.000000000000000000e+00 2.154212448508738831e-01 2.478797594079006628e-01 -2.124367282080098507e-01
2.629530545046376844e-01 -1.641422927254541364e-01 -2.762920442714361657e-01 1.804808688024839292e-01 2.424396298411150008e-01 -1.559919956727516543e-01 -3.946224987283827867e-01 -5.735823473322981814e-01 4.380912391118400029e-01 -5.302527592168158888e-02 1.260638460160220520e-01 3.511732734262706379e-01 -1.734189243617119680e-01 -4.044617616255960502e-01 -2.196603663468765094e-02 -1.109503747604023878e-02 2.911222733482961289e-02 0.000000000000000000e+00 5.093138256717076942e-03 -5.577049670523124281e-01
-8.497385976335439239e-02 -1.203062673367856772e-01 -1.325816172309323970e-01 6.376691826128519369e-02 -1.947240299731173574e-01 -3.358189160277621488e-01 -2.622671908785809691e-01 1.786164376999663586e-02 -3.911219232357023012e-02 -6.825402933932443739e-02 -1.554686274645373234e-01 2.183709033473737460e-01 3.763353038283183682e-01 -4.663406477675764994e-01 -1.345814407748423536e-01 -2.132988699683118286e-02 -1.385373571804259518e-01 -3.231125616418127899e-01 0.000000000000000000e+00 -2.088547586283294455e-01
-2.349001050568016169e-01 8.831582469332474594e-02 2.825527071254378408e-01 8.355112530410412075e-02 2.292712689038063634e-01 -1.996189367766759426e-01 1.428110085195462842e-01 2.016181433202523469e-03 -7.153976989210926972e-03 -4.098940138189343350e-03 2.287675493637910673e-01 -2.743139555488023351e-01 -6.361335718939256645e-02 4.508694167021228827e-01 -3.344861250551466741e-02 -1.559448412224155034e-01 3.355657576938340658e-01 -2.829693392783710904e-01 -2.710253479562002576e-01 0.000000000000000000e+00
