0.000000000000000000e+00 4.944416794680722010e-02 -3.249617363893630984e-02 2.754817159633535240e-02 1.355117509851681834e-01 5.417478446265949765e-01 -4.285666983097719540e-01 -5.416935250798546875e-01 1.445157803911875094e-01 4.505691212290278969e-02 -3.504213287762582285e-02 1.726346809831204587e-01 -3.035708069843077173e-01 1.569087762149904974e-01 2.355305542280167197e-01 6.035302251961997128e-02 -2.170896148686936589e-01 2.343134909403896959e-01 2.726171595792268865e-01 -1.155599549109809915e-02
-2.478170885205850105e-01 0.000000000000000000e+00 -3.044995733982076014e-01 2.544191082722231309e-02 1.252222527318099798e-01 4.378281024695381829e-01 4.614185109134280038e-01 1.299146993888081469e-01 2.238319309060211593e-01 1.202496377584784532e-01 -2.066312738292343520e-01 -5.951363017024658975e-01 1.759293607978001939e-01 1.113233908111184445e-01 5.803100641071869820e-02 -1.997408215094695627e-01 -2.181916333091893090e-01 -2.319336605491916503e-01 9.095943073091614095e-02 -1.495214459259094353e-01
1.347991069605654901e-01 -1.374643780000837645e-01 0.000000000000000000e+00 2.887313878154643132e-01 -1.560250620470721439e-01 -1.651432346859518785e-01 2.125134468671988075e-01 2.210904506215136123e-02 -8.916296047296992655e-02 1.656531272629550855e-01 -2.595031466374755347e-01 -2.341258309788201153e-01 -3.921805051765681616e-01 -2.174351422039199899e-01 -1.866926218920630237e-02 1.365630876560235407e-01 2.466566728229321603e-01 -2.485645033472323462e-01 1.161426054096336424e-01 1.770842197834086029e-01
-1.319916990913157506e-01 7.613334031206489549e-02 6.030620882839613506e-01 0.000000000000000000e+00 2.217814662186480823e-01 -1.430634711328080122e-01 8.001486942164302840e-02 1.498618859494162125e-01 -2.573447368219244566e-02 1.189078837880412493e-01 3.411593728230488121e-01 2.611141043434467984e-02 7.034737329868814663e-03 -5.428207916203935807e-02 4.936784076997857706e-01 -2.356040445521646876e-02 5.804681730066818535e-02 2.239025824392866515e-01 -2.881853564068700413e-01 -2.634149655620426911e-01
-2.904773812852280424e-01 1.888582739422260126e-01 -2.826263103319877623e-01 -3.188337011360445339e-02 0.000000000000000000e+00 1.746941891580750528e-01 -9.419563589723642383e-02 -2.280620183111577437e-01 -2.648609361408917409e-02 -1.185817466449587826e-01 2.946863184857486107e-01 -1.093956913613516324e-01 -2.194401667883253970e-01 -1.099312700893362305e-01 1.994905916516062916e-01 1.025999943217702909e-01 -2.577483199484324472e-01 -8.927468324537177202e-02 6.705191259627946154e-02 9.322930244256753818e-03
-5.706364598288576895e-01 2.691110873297078432e-01 5.003190079068913637e-02 8.903718912480346193e-02 -7.954912276840209184e-02 0.000000000000000000e+00 -2.019171913201997515e-01 -3.961811977231567000e-02 -3.216106242307115726e-01 1.288543444025603002e-01 -1.880994403412037663e-01 6.605194552875143232e-02 -1.867086545068925851e-01 -2.583601818361489499e-01 2.311468470851480439e-01 1.232931597187413436e-01 -1.087189350303617297e-01 2.093326821188288833e-01 8.081744914189406548e-02 9.194567852110217820e-02
2.417503982358160941e-01 -1.876001910046201648e-01 -1.446882191827287556e-01 -1.708348111146694992e-01 -1.142090628383972267e-01 3.757777053042646864e-01 0.000000000000000000e+00 -1.710684350477851834e-01 -1.737069666772762117e-02 1.318350502723200091e-01 -3.523087221365355792e-01 -3.541092290771326589e-01 7.520673075769221394e-02 -3.355598922903629822e-01 -4.459040378221281187e-01 -9.390624638361122489e-02 1.042789328732895288e-01 1.985751303066061457e-01 6.070126631665097028e-01 -1.167740021914595305e-01
-3.022902973639951182e-02 3.153969092837927146e-01 -1.043752013581898952e-01 4.323803942461880157e-01 1.860010259425444734e-01 -1.955949818356820524e-01 1.777462701624877017e-01 0.000000000000000000e+00 1.750208924484477069e-01 -3.033877571301952791e-01 -3.459046623091073247e-01 1.513161849184102015e-01 2.344950809080670884e-01 1.362010929012009708e-01 2.391255714235996505e-02 1.323392211044952527e-01 -1.685933432678122512e-01 -2.086583103720732468e-01 -3.580085294598803758e-01 1.938134552261996588e-02
2.937474956775125157e-01 2.026948948832120179e-01 -2.257826905536591544e-01 -3.385071622582662698e-01 1.207432859992071533e-01 -2.599275728619244719e-01 -2.586273308533746373e-01 -8.658154297684447775e-03 0.000000000000000000e+00 9.505128735825608965e-02 -4.164212246888798763e-01 4.070852980175900249e-01 -1.444300538610490126e-01 1.645029166656735431e-01 -2.621021734032918937e-01 -1.903053659195035052e-02 2.977702010063131843e-01 -1.023754856035977018e-01 1.906880785304585768e-01 1.057720244201436170e-02
-2.016986638653781028e-02 1.778125176496250792e-01 -6.983542567779964239e-02 4.148852806962407547e-01 2.046348653264131456e-01 -1.874296323526188079e-01 1.148105659092866215e-01 -1.346287144295043592e-01 1.809584420257379783e-02 0.000000000000000000e+00 -4.890980046090793315e-02 -6.453110908394461831e-02 1.907650353802173293e-02 -7.101915952228111950e-02 1.147792346942832081e-01 -3.295832126183016464e-01 -2.907021696381390519e-01 3.953925790202483803e-01 1.310609509090416951e-02 2.035715393138856077e-01
5.166853067008613243e-01 1.260073776120995692e-01 -7.635724468872327753e-02 4.840025282406028029e-01 -1.550741722888732133e-01 2.147481023024437330e-01 -9.967685652563994594e-03 2.102098990637724374e-01 -2.114137027496778842e-01 -2.708008724203763568e-02 0.000000000000000000e+00 1.583340859526664590e-01 -2.028817804549969822e-02 4.937597753933349598e-02 -4.541453472723157997e-02 -3.313202545521792275e-01 2.812724199009425385e-01 -2.669550461547004483e-01 2.836500122384714717e-01 -4.899626932312564076e-01
2.193048046135928630e-01 2.201087248739656832e-01 2.800555810210182683e-02 2.264849352920292151e-03 1.478554311281559952e-01 9.855813070542089258e-03 -2.917575088176846965e-01 5.318456699355889050e-02 1.476089202775473508e-01 -1.325875141860519968e-01 1.672020362591534470e-01 0.000000000000000000e+00 -4.269486225786915945e-01 1.191050085468381148e-01 -1.915322139900909604e-01 -1.951192515434025179e-02 -1.328859975019920647e-02 -1.476672108477327106e-01 -1.819090879603572630e-01 -7.473113733888159423e-03
-1.975995728429210674e-01 -2.745449238746148768e-01 9.133662703405742364e-03 1.717430572364601615e-01 1.534230038591327117e-01 3.543473974309800933e-01 -4.404993215988715904e-02 2.227758027857421053e-01 -1.810676493303658985e-01 -2.511558662012026155e-01 -2.603132389986543282e-01 5.220934007063562400e-03 0.000000000000000000e+00 1.703453903630909871e-01 2.375841233935009275e-02 1.448561397090767089e-01 4.088300265271782585e-02 2.360061637775550669e-01 -1.050733963242458380e-01 1.030762631945359026e-01
-3.318959008302711511e-01 2.844904530481704996e-01 1.338780545531642052e-01 -4.438871603041273373e-01 -7.805340127078795598e-02 2.275889913151410704e-01 -1.030338921712553590e-01 -2.910523184147307263e-01 -4.137291454437341115e-02 2.123365148159324922e-01 -1.306579099615551576e-01 -2.731218435368455988e-01 4.423470670957670992e-01 0.000000000000000000e+00 1.873493057256887806e-01 -9.960263214914875929e-02 1.477841441949166168e-01 -2.490549740658634104e-01 2.579891018579281159e-01 4.207855963415990108e-01
2.913713747281231892e-01 7.911072892637019405e-02 -1.665272884653165031e-01 3.679086111596211461e-01 -5.017828284691314700e-01 6.900428748973228173e-03 9.393551262572619187e-02 -2.593308381027063514e-01 2.868661498247236374e-01 -2.323643809363726553e-01 5.288414517155721750e-01 -1.683591062739012989e-01 -1.761820935792756948e-01 -1.538540803400321177e-01 0.000000000000000000e+00 -2.300522086276512723e-01 5.256416887128340792e-02 2.036534229689049014e-01 1.642677752897601651e-01 9.174348845409230346e-02
-1.787607913507279489e-01 2.886887123292476709e-02 -1.572027952331850331e-01 -4.421314665518726872e-01 2.330551084733864520e-01 2.492163054834380387e-01 -3.026766200617644897e-01 -9.441151194209619624e-02 1.467870667700137133e-01 -1.179482120482085311e-01 3.279141582787230003e-01 7.525774710895317965e-02 4.059934462359491292e-01 -8.550122223547836076e-02 -1.071471934206069954e-01 0.000000000000000000e+00 -3.939829783500172211e-01 3.598865128989123807e-01 -3.139810239861397512e-01 9.095967628758777623e-02
6.151788230234133542e-02 -4.547803388926126289e-02 2.088009595015778014e-02 -5.453494075946494490e-01 8.332966611327824458e-02 -2.753899612586787615e-01 2.726876201541822420e-01 -1.113501899994677191e-01 4.037412286805885375e-01 2.553744508364333976e-01 1.118020510584421395e-01 -2.658645631414445210e-01 -7.986106293016576041e-03 -4.729733676118338948e-02 3.378968499680594373e-02 1.354728920616060928e-01 0.000000000000000000e+00 4.828667021460670838e-01 1.013288828233205180e-01 1.634743038470731491e-01
-1.039657314024579754e-01 -1.662057133882852145e-02 -2.634038859196473070e-01 3.121591243764306745e-01 3.573493279426734337e-01 1.463534666781691196e-01 -1.842845421137673523e-01 -3.173416896573337809e-01 -5.800791038530722643e-02 3.210013233038879615e-02 9.681640292433768558e-02 -3.396316208120044311e-01 5.380065034236169996e-02 1.899908133195010451e-01 4.764397548351229639e-01 -3.109031339149745388e-01 -4.387772042562273489e-01 0.000000000000000000e+00 -4.232476014852145085e-01 -3.091572368843915203e-02
-1.977942122204676967e-01 2.549056755427807630e-01 3.175293511651809935e-03 -8.840690258843171556e-02 -2.022303484057613732e-01 -1.552823021952111360e-01 -1.133437093192829481e-01 5.603640046544881674e-03 -4.097939233514256152e-01 -6.513997454006539845e-02 -2.983911049367413693e-01 -3.810997677734397071e-02 -2.582339078016333556e-01 -6.263363150511819244e-02 -3.522659375175182239e-01 -1.489855865169086024e-01 1.783981019547726810e-01 -5.807532400404141759e-02 0.000000000000000000e+00 -2.070627922180895246e-03
-2.083811730412745700e-01 2.711756880570405717e-02 7.262211109520150254e-02 2.106442399975416990e-01 -7.865836119427589701e-02 1.628534478986269629e-01 1.926500090919596175e-01 -1.834837539557420960e-01 1.390974210475246220e-01 1.467051680437019556e-01 2.339994687141706275e-01 -3.626551701711238501e-02 -3.442863841897400023e-01 1.591524640860601525e-01 -1.354405764574419802e-01 -2.037264042850855245e-02 1.891549392874733171e-01 2.177150763839486719e-02 -1.891402061772101684e-01 0.000000000000000000e+00
