0.000000000000000000e+00 4.379675036906683500e-02 7.994759539579343599e-02 -5.239692910097210055e-01 -2.425759409448532133e-01 1.251518949861555041e-01 2.100717329055721838e-01 -2.187950124872237723e-01 1.124958733749494705e-01 9.087703794882485975e-02 7.232808062421121342e-02 -1.103300272786377628e-01 -1.771003383499006323e-01 -1.883591962799715802e-01 -2.861054928887385440e-01 5.494358221300010142e-02 -9.882257858062286349e-03 3.505332952004263647e-01 2.350350459355110555e-01 9.086674236220813883e-02
-3.771041465158236211e-02 0.000000000000000000e+00 2.504691875443320059e-01 2.980182672317040482e-01 -5.441220225969738838e-02 -2.907575096515647300e-02 -2.437702530385504884e-02 3.479738663859073822e-01 2.879571507351596019e-02 -4.621837849863644210e-01 -1.980022887333679482e-01 -2.469914811553468592e-01 2.085952564942044063e-01 4.605937794054300038e-01 -2.090584829013812651e-01 -3.606755774678609971e-01 1.178563718544806543e-01 -3.468366684096007013e-01 7.370378327686789854e-02 -2.541350601890574046e-01
-7.568880015231028990e-02 7.177124927539525745e-02 0.000000000000000000e+00 3.454117621691444873e-01 1.446812194800319584e-01 1.326474012747833608e-01 9.794525511449678201e-02 3.036108536749756448e-01 2.693369090611551497e-01 3.022708166168638910e-01 1.103359202387791671e-01 -6.047144529456173201e-01 -1.241433181978820049e-01 3.373243286232945493e-04 1.916520037658975273e-01 3.311937878379679345e-01 -4.911772016175268429e-02 3.361700475165931845e-01 -3.314713740931237718e-01 -1.914441391502483547e-01
-1.853013366706848519e-01 2.550181936519418935e-02 1.180036733184911119e-01 0.000000000000000000e+00 2.910084603310200135e-01 -2.224444689502547146e-01 4.683814086064926330e-01 8.037076635686449255e-02 1.545127709763883805e-01 -3.322170039802305186e-01 2.208980579415322637e-02 -5.105413453013227243e-02 -1.911336095199295815e-01 -1.147427339228707377e-01 -2.151580350106197803e-01 -1.078793033435046927e-01 -5.354706559068009991e-02 1.028019343615104997e-01 1.445461793667928430e-01 1.089866153037898217e-01
8.540095634935454191e-03 2.212559207981474318e-01 3.211499748749402361e-02 1.677717171473609714e-01 0.000000000000000000e+00 3.236500547059680821e-01 -9.045655767910244782e-02 2.569074431673931680e-01 -2.099467682583232297e-01 -4.251802876414690902e-01 2.449463438422019301e-01 -7.458265803836255925e-02 -3.224071425945390645e-01 -3.167763150896167335e-01 -3.643676163951143909e-01 -4.059035383472668346e-01 -2.361665679769057169e-01 1.239396428483788559e-01 -2.124304850265905931e-01 1.918544873733173950e-01
-1.189765366727029150e-01 2.517273327922212034e-01 4.889335252289880168e-02 -8.785107645105354190e-02 -5.113826309888783173e-02 0.000000000000000000e+00 3.708138815673357042e-02 1.763803298608161152e-01 -4.386924419150936560e-01 -4.141283409043847730e-01 2.441532689755167296e-01 2.089808683193360161e-01 -1.591600890201712304e-01 3.226831704718916005e-01 1.682223725454724816e-01 -2.984973579200135285e-01 1.513012303604543141e-01 1.858409016395492497e-01 -8.162932606795107737e-02 1.110812037218817105e-01
6.474739436586478269e-02 -1.051420054730784898e-01 3.591108713556943055e-01 -3.435982990476789400e-02 -3.993994485179430121e-01 -2.496733101983228745e-02 0.000000000000000000e+00 -2.306800445478542905e-01 -2.366051780069428762e-02 4.494276633061748405e-01 2.511404296837090565e-03 -2.436038347879351806e-01 -3.386549471985410564e-01 -1.251664334499314746e-01 1.881925163495274944e-01 5.624893634892338956e-02 1.845168912639612024e-01 4.074575221915070489e-01 7.560734999995723238e-02 2.438717884513056516e-02
7.792447887476909585e-02 1.004258712153715399e-01 -2.492635810848529976e-01 -2.064354409621728947e-01 4.778262434112825682e-03 1.329153314050210699e-01 4.085612660490238190e-01 0.000000000000000000e+00 2.366748469322392245e-01 1.670711935521209668e-01 1.363817666170512033e-01 -1.726865069565306290e-02 -4.340803389230366016e-01 7.634712214083134996e-02 4.165470714368174621e-01 -6.601554106538735922e-02 1.069548221777001235e-01 -1.599214565338466787e-01 2.766671093210701371e-01 1.879166141864673789e-01
1.619197821169784945e-01 -4.028484532770437027e-02 3.411774334622230676e-02 2.750236017502271091e-01 6.083824171820727267e-02 1.678705898766712570e-02 1.941337896230648646e-02 -5.624503149275769109e-01 0.000000000000000000e+00 -3.931151881367304923e-02 2.020204684028556741e-01 -3.455081341353407609e-01 3.223242563535181349e-01 6.011271344644308207e-02 9.593939907220609686e-02 9.757941275418087479e-02 -9.799795905685552977e-02 3.176331100697972198e-01 4.372479102513363580e-01 -8.755892500406199652e-02
2.699430633452433101e-02 9.257882609356954395e-02 3.055599694243421593e-01 -3.048252553098175222e-01 3.500264782361357015e-03 2.022881726353608356e-01 -1.804285689209718657e-01 -1.579357964238551904e-01 2.354337899451538207e-01 0.000000000000000000e+00 -3.217591224640812264e-01 -6.960184425454948864e-02 1.801531185507204702e-01 -2.806475275060421170e-03 -5.832177552633016626e-02 -1.988932677778411096e-01 -3.613260484113324233e-01 -1.905050765895741627e-01 -9.208160078409651991e-03 -6.044693284857022980e-02
-3.362996650794535247e-01 2.938121390045890235e-01 -6.736402039811762235e-03 1.419932405041285928e-01 1.123479329980490854e-01 2.598234770393869630e-01 -6.836739607137082286e-02 3.828780663540686247e-01 2.614940617808367285e-01 -6.167408055928595007e-02 0.000000000000000000e+00 -9.330481432557118093e-02 1.210992821952371207e-01 -3.244697907494372563e-02 -2.284328432626113459e-01 1.056045646701206930e-01 -1.583412289531895001e-01 3.162112006834306710e-01 -1.096865488678340078e-01 2.641178355702262226e-01
-1.049277444253619331e-02 -3.264896662945010464e-01 -1.136350736785359389e-01 -1.107336107364117611e-01 1.703405494347139393e-01 -3.682454563854250518e-01 1.909437379813582747e-01 -1.779894268936989613e-03 -1.988926967193124229e-01 7.904670996388528381e-02 -1.206203854419042737e-01 0.000000000000000000e+00 -2.645122886191811698e-02 -8.060420686741637253e-02 -2.389534055576743865e-01 1.991704627393229565e-01 5.260385687122081516e-02 -2.069699838530680500e-02 -1.142772016925423378e-01 1.327827869215183199e-01
-1.730883945731758744e-01 -2.394655291133275521e-01 -1.401874503924005755e-01 -2.409057209576118963e-01 2.855413725178949647e-01 7.747110872191184661e-02 -2.735067563522819781e-02 4.900780573205598678e-02 3.208021373452740743e-02 3.208410425438134039e-01 2.359866526873752313e-01 2.493870806789751648e-01 0.000000000000000000e+00 -4.347337138972957177e-02 -1.883187463441395593e-01 -2.567396634667346023e-01 -1.859388783249187882e-01 -1.504307135493394010e-01 1.498425952336844003e-01 -2.568957428554095035e-01
-5.990591776552242620e-02 -2.127758682533667511e-01 -3.510780193949449290e-01 2.204718520006267446e-01 2.066077962744006791e-01 -3.580796455840267178e-01 -6.636098511104246422e-02 2.659507468329792568e-01 -7.452835323794929079e-02 2.075880513697433427e-01 -1.614974188159402635e-01 4.744294185736300795e-01 -1.546518703073580525e-01 0.000000000000000000e+00 -8.316112807325340417e-02 -2.324207843785691396e-01 1.099788993296433454e-01 2.244360634777887720e-01 -5.938409601877909366e-02 -2.326836912988080597e-01
-3.673888477895470572e-02 8.811505929935237180e-02 -5.180518467706433927e-02 -5.537083270151488962e-02 -8.645361263631519411e-02 5.120998514533933559e-03 -1.593297074816433234e-01 7.234162741174016142e-02 -2.143688376232622261e-01 -7.460969216469134913e-02 -2.600694878686055089e-01 1.698909392440315358e-01 2.034277792737287649e-01 3.234520616316878261e-01 0.000000000000000000e+00 -2.872771636071934365e-02 -1.067795547731022893e-01 -2.732530516230958703e-02 4.643307128283702401e-02 -3.337686859234955533e-02
2.282723600000882425e-01 4.409351397209833046e-01 2.550904328771827489e-01 2.901410053156403338e-02 4.561694388465610261e-01 9.302656077370080601e-02 9.635232628180900871e-02 3.298169763511415997e-01 3.257454164811880437e-01 -2.341360606692557411e-01 -3.449502493637410239e-01 2.245192202909188084e-01 -2.008676628458296864e-01 1.643962046786716091e-01 3.409496549918349384e-01 0.000000000000000000e+00 2.449907200613830327e-01 1.295678258971420249e-01 8.304777627615748947e-02 9.829428524775424281e-02
2.439203154505925897e-01 8.256934481079895166e-03 2.501795036300382136e-01 -6.897467292640532821e-02 1.798457741818015043e-01 3.133606865616158088e-01 -7.753893102942512050e-02 2.064797377135424994e-01 -2.577161893768945694e-02 -7.751264252576083036e-02 -1.662590554919307906e-01 -2.066213069568695604e-01 -1.470543575290558791e-01 -5.075060245251412916e-02 -1.684947352530808684e-01 2.001132081920949449e-02 0.000000000000000000e+00 3.819915115685926926e-02 3.162898405893270204e-01 -3.599616284749737050e-01
2.798429788723905132e-01 -8.753431974191680509e-02 2.163643567266438500e-02 2.431687928943229715e-01 2.563723025344900042e-01 1.178533488580450345e-01 -4.354093627088395646e-01 -2.412476376246085880e-02 1.267044673195504845e-01 -1.736069379286835912e-01 5.934334994088306253e-02 4.281872604733710785e-01 -4.323851458327120090e-02 7.967394066921686113e-02 -2.345078847704460956e-01 -2.369016127933145366e-01 2.975827289837468248e-01 0.000000000000000000e+00 7.880624250446228996e-02 -2.016521797280165784e-01
-1.414763268977866362e-01 -8.039260987721652540e-02 1.425287989532532384e-01 -3.598794018167640885e-01 3.102907988728967892e-01 3.438072404824492612e-01 -2.197091327261463667e-01 -3.071544276866980394e-01 -4.625292076109865924e-01 2.981891754843745135e-01 4.316895846929224428e-02 -1.889105660836553069e-01 2.917706966782904754e-01 1.451718328016886050e-01 2.107336435031654798e-01 1.967342998716873625e-01 2.666064610247198541e-02 -2.112215618700671316e-01 0.000000000000000000e+00 2.061065166959105688e-01
-1.957677387836601612e-01 -3.001823776083697992e-01 -2.997622060585702908e-01 -6.959892192281820489e-02 -3.304692605517326950e-03 2.518810066193086228e-01 -3.168931948488331596e-01 2.237126090589986738e-01 -4.132282015914494344e-02 4.902223803257045875e-01 3.484322126933297320e-02 1.242384858591835256e-01 3.436532352605970852e-03 -1.440659824871108705e-04 -1.492789941495790279e-02 -2.088424512145161949e-01 1.053011610091090233e-01 3.683888612702566623e-01 -9.097619492445760403e-02 0.000000000000000000e+00
