0.000000000000000000e+00 -2.031426239993963934e-01 -8.463586748423412853e-02 -1.196107641087179319e-01 1.918710331496855936e-01 -9.235183958417153560e-02 1.113983540527961752e-01 4.494942165889888597e-01 2.823844259711851823e-01 -9.821142766838700244e-02 -7.746586787044205946e-02 1.018125710262065414e-01 -3.731243244401296622e-01 -1.927681769258497158e-01 1.102182163251760744e-01 -2.779732042951670729e-02 4.327096284353734723e-01 -1.382879816730541722e-01 -2.340803134673833386e-01 -1.989245402223658865e-01
3.139559561339335791e-03 0.000000000000000000e+00 4.987235789060773250e-01 -8.924498775117430116e-02 1.217417446884773262e-02 1.977090643245442703e-01 -2.414518754113861507e-02 1.242374985560725092e-01 8.830380827503576946e-02 1.872047341743608151e-01 -3.148111293044778547e-01 1.806406204470986931e-01 -3.092116295937228851e-02 4.185440407390596945e-02 -8.645938750612841561e-02 3.709745737799576282e-01 -4.577385731764309074e-01 3.128967903450747823e-01 -1.518306080214539833e-01 3.418914697543230519e-01
2.730721909042640450e-01 2.269583319907799712e-01 0.000000000000000000e+00 5.067584552470083548e-01 -1.330361322017288295e-01 -1.299758199163403016e-01 -1.466623896911310176e-01 2.068695725411953124e-01 -2.905013079484914384e-01 2.261037851678766308e-01 -6.449718561087451618e-02 -2.387478994599139814e-01 -2.409588859550816364e-01 -1.781640296799713863e-01 -3.322892230499120414e-01 1.149626869234132431e-01 1.904662275508013369e-01 2.143658973966769687e-01 -1.400860920667253429e-01 6.885546771700608304e-02
1.164026538534323335e-03 1.546312354098790809e-01 9.947420283141940323e-02 0.000000000000000000e+00 -4.155381048428536395e-01 -3.724843018974080544e-02 2.479273466932537667e-02 -1.553558860915843221e-01 -6.018948633215380484e-02 -2.905155753501467153e-01 -7.180136076668525158e-02 1.131156895163112630e-01 4.671279210258626469e-01 -2.264486735176576282e-01 -5.360765082029582754e-03 -2.149910154148323149e-01 -2.069842909473913403e-02 -5.002801421613204541e-02 1.862403492380880210e-01 2.178197595494383854e-01
3.640724685842332276e-02 -2.560119398345664724e-02 2.653024068488447629e-01 4.020263531169759180e-02 0.000000000000000000e+00 -3.653806673299742624e-01 3.984608068553078808e-01 -1.381281130768408916e-01 -2.429262669539881681e-01 -1.000714836378799495e-02 -2.602117716138095393e-01 1.272187385913835234e-01 -1.034503110360985995e-01 6.425455480871096470e-02 -2.185395794476421016e-01 -4.973825945234585516e-02 2.167460221593479550e-02 -4.212402099937887640e-02 3.558930619257290040e-01 1.309912831741800177e-01
4.554320218895507172e-02 -4.151306487726733052e-01 8.456573323708352352e-02 2.764093774451867880e-01 -1.542823855262456523e-01 0.000000000000000000e+00 -6.765760038086507944e-01 -2.785304910104982601e-01 -4.660053926096523469e-01 2.328230790394988578e-02 -3.359323052408072496e-02 -2.366128940968703631e-02 -9.770591577999222788e-02 2.278858081507783295e-01 -2.756631816957112457e-01 -1.657475064383433574e-02 1.333566753677989380e-01 -4.011339635833737621e-02 -2.030239435651539498e-02 -1.844934137105679883e-01
-7.490144853964218752e-02 1.606281237283180563e-01 -4.515654722931717324e-01 -3.533636960532773180e-02 -1.306344739853172177e-01 -1.572101081494777994e-02 0.000000000000000000e+00 -9.986934589680424024e-02 3.330342801730193925e-01 2.460365097225304665e-01 6.685019922240954988e-03 1.947745144448206900e-02 4.052536506386906351e-02 -1.845140231626308525e-01 1.401654093725110406e-01 -1.370034035779774118e-01 7.992229189077239976e-03 -4.910321675346600578e-01 -1.930358777137106407e-01 1.196518550472976256e-01
-2.512140298318398246e-01 7.467686494369640826e-02 -1.134201778116704917e-01 2.214043090575544825e-01 2.812848226284042075e-01 3.971813927436506492e-02 -3.324455384815273428e-03 0.000000000000000000e+00 -4.795196268568282030e-03 2.664625125415107099e-01 5.601047710774890165e-01 -2.981709724822250718e-01 -2.299287553049224053e-01 3.048140033763249712e-01 -2.554203640020718535e-01 -3.067942206405083194e-01 4.730114327476196423e-01 -6.132972885102825483e-02 -5.593421708514428187e-02 -1.137779363266854527e-01
1.299917389046531258e-01 -2.533688805556804646e-01 3.967654924720380727e-01 1.683862770676237131e-01 -1.158288394832704057e-02 -1.233651223962261012e-01 2.420698770095486285e-02 2.334387107031709874e-01 0.000000000000000000e+00 3.373708647368559022e-01 2.264918815673085395e-01 9.625320200578444188e-03 2.755964091969868024e-01 -7.745981884806778239e-02 7.421138059736907822e-02 2.617755676851994950e-01 1.356787221641110597e-01 -1.486298715990276020e-01 -3.427386575507689326e-01 1.121380509668783998e-01
3.010562312498565526e-02 2.079520340880359752e-01 1.294447716833609617e-02 -8.487748077252707524e-02 2.356710785188186330e-01 2.227824384387965817e-01 -4.716299860425341439e-01 -3.396845758105748736e-01 2.903190486244682650e-02 0.000000000000000000e+00 -4.181112821505388044e-02 1.842369074939831652e-01 4.506791464395871749e-01 -2.306388141310865558e-01 -1.509743374422423644e-02 -5.675488995049634937e-03 4.590495389623592409e-02 -2.736141618565525735e-01 1.045204982682650524e-01 8.206596595734912819e-03
4.559117579281748989e-01 8.604630875510889398e-02 -1.566427233281492692e-01 -3.347739697406935666e-01 -2.190110424266725198e-02 -1.676267450244239010e-01 -9.473564592380168126e-02 7.729023946514732013e-02 5.255157824658553828e-02 4.335747385636076756e-02 0.000000000000000000e+00 9.122166615283136548e-02 6.067526307334634161e-01 3.607558595376557375e-02 -9.098475413096945852e-02 -3.347602747717615124e-01 -2.939024126922527569e-01 2.027700301661692350e-01 1.451056799620870641e-01 -2.005724486807076989e-02
-5.017262812957201668e-02 -1.984744775502939595e-01 -3.720092180415655869e-02 2.761297405745736372e-02 -4.511682831589197140e-01 1.621581084371984671e-01 -4.533055079014047251e-01 7.535064560644139098e-02 -9.994849025762654257e-03 6.530974789671599445e-02 -1.450087615301419441e-01 0.000000000000000000e+00 1.605703599944524607e-01 1.420833753395500665e-01 -4.001121764800753822e-02 -1.682738528262625946e-02 1.980481131192876332e-01 2.912010570057476100e-01 3.130886761141057906e-01 -1.037251524452469445e-02
1.267880694228794985e-02 7.403178727420273164e-02 -5.853598731621928453e-02 -1.585964574075854061e-01 3.722140543247632466e-02 1.058381623521262721e-01 1.171038139907607245e-01 -1.689028653767474936e-02 -1.471420059042133910e-01 1.116392744484753785e-01 8.966581874993363732e-02 -2.055051381965919410e-01 0.000000000000000000e+00 1.699031184970601349e-01 -9.361752444194409647e-03 -2.804569688729940946e-01 -2.714894736966478317e-01 9.714702945849799931e-02 -1.174930072426070699e-01 -6.129204458020767049e-02
-2.524271929983047946e-01 1.840865884479774561e-01 -4.230168012379652565e-01 -1.065933400861412798e-02 7.942406654514322373e-02 1.368329963870679178e-01 1.078350222285029136e-01 -2.726954161896305573e-01 -9.223616497371242562e-02 -1.664826723702296507e-01 -2.620887554144376019e-01 -3.936097802293823666e-01 1.070135070093417573e-01 0.000000000000000000e+00 -1.277724490550043723e-01 1.714121813536987615e-01 1.199904267844021655e-01 -2.021855216600845773e-01 -2.559885626929465918e-02 9.292050372462732147e-03
1.652807648683233266e-01 2.453311687346948489e-02 -3.897282452614068138e-01 4.094002654602302282e-01 8.698516588827263918e-02 -2.223148397791488429e-01 -3.437636203272345647e-01 -1.948731170927619216e-01 -7.839232613445884512e-02 -1.518694035517833274e-01 -1.062797657148489977e-01 -2.279628402647040364e-01 1.242075566516601948e-01 -2.344281146410139294e-01 0.000000000000000000e+00 1.517870479920511162e-01 -3.362348428095211506e-01 -1.056308820110020003e-01 2.033201242413199827e-01 3.529146610746793089e-02
1.937147438193123627e-01 2.423242858351912221e-01 -2.519872862079289288e-01 -9.754312850955725034e-02 6.469316421209295176e-02 -6.342756771466424859e-02 7.383087835982418690e-02 3.269529439341736787e-01 -4.587364496532590069e-02 4.760754492636086466e-02 -2.982527746237516320e-02 -4.615230420630384578e-01 -1.891928331829897669e-01 -4.978434726030721291e-02 -1.051082923663972796e-01 0.000000000000000000e+00 2.391382224074579399e-01 -1.577995917125859238e-01 2.359934432736644494e-01 -1.200697226057476780e-01
6.493111128132078580e-02 -9.131345835772965158e-02 -3.042604082457738834e-01 -1.779261597837540898e-01 -3.722648607384952402e-01 1.782119742077765412e-01 3.013509342894969412e-01 2.007305044136602767e-01 -7.111362828384666657e-02 1.549846591241334504e-01 -4.382895156799587189e-01 2.287478569603126344e-01 4.136804212478756293e-01 1.484177817483300632e-01 -1.142579579234314358e-01 1.861683773051816537e-01 0.000000000000000000e+00 -2.333024679743979368e-01 -3.042802802501420878e-01 -5.224079136106244553e-02
4.715187125904476972e-03 -5.771135322935500023e-01 6.505914196808387784e-01 -9.960220517855301881e-02 2.897269387104936533e-01 5.490709310879852978e-03 2.833179816324584710e-01 4.954848894184735175e-01 -1.226104527938953331e-01 -7.710616886114880775e-02 1.326926047516663876e-01 2.187221827088531856e-01 4.820516453732891921e-02 -3.686214028151597183e-02 -3.133123453832640792e-01 1.956073801713957908e-02 -2.303244867651155769e-01 0.000000000000000000e+00 2.709777742557175628e-01 8.581794713287088650e-02
7.791637413889392072e-02 -3.469690825536866363e-01 1.071646110268463237e-01 -1.199885852292243704e-01 -4.351738586772395112e-01 2.957548326037225950e-01 -5.706642836450600414e-02 8.838844719670663555e-03 1.055208220023866189e-01 2.814048013683989602e-01 -1.688057381763244380e-01 3.260379335273604906e-01 -1.005701907044925097e-02 -1.799365402795867763e-01 2.447482745918367134e-02 -1.424299512721308170e-01 -2.303601942478945494e-02 3.365132225920351439e-01 0.000000000000000000e+00 1.466125322228871604e-02
-3.806001801578402007e-03 -7.056400400335902101e-02 -1.042362111124659901e-01 1.521469099587035856e-01 -1.355257149160865870e-01 -6.472678162537314206e-01 -3.375757554805229321e-01 -6.929662375712886124e-02 2.024493371133663511e-01 1.239284745365956120e-01 -4.826898535057200790e-01 1.237935997497345286e-01 2.405138736423398718e-02 -1.180314498412009666e-01 -1.140790274589525838e-01 1.309883454453821261e-01 6.516970091001077214e-02 -2.259695263000787435e-01 -2.434995288974408367e-01 0.000000000000000000e+00
