0.000000000000000000e+00 -6.787659864561949863e-02 1.384295263155759237e-01 8.854796748767664039e-02 4.995502149384378060e-02 -1.215066307808979583e-02 -4.008740519445569417e-02 5.429887977129838061e-02 1.835938254703618766e-01 2.721414712526138979e-01 1.250965234292298889e-01 8.424228328026139856e-02 -1.254745342728487978e-01 -2.253249149293369280e-01 2.741829060254979966e-01 -1.186136819138806225e-01 -6.159989018244168418e-02 -6.512399214762656929e-02 -5.308304501010675802e-02 -1.141170736862528040e-01
-1.220564802033549251e-01 0.000000000000000000e+00 4.373526264667502300e-02 -9.339039218824563005e-02 8.412671108543673393e-02 -2.713188391165345936e-01 9.389630370549083282e-02 -5.862278309920956332e-01 1.616815272391129710e-01 -2.002222564498424562e-01 -3.814571081267647407e-02 3.844100739507665399e-01 5.750871180575830577e-01 -4.324108944726692133e-02 1.822645915529160984e-02 1.020377304194038937e-01 -1.885516979664306758e-01 3.413923826442896159e-01 9.894942207715848315e-02 4.808116371912108528e-02
2.228965229325042263e-01 -2.566026669608964528e-01 0.000000000000000000e+00 1.270576480881372740e-02 -4.611345139386869435e-03 1.814975231468023420e-01 -3.401526785131666619e-01 1.388376068346851844e-01 4.045781388153400493e-01 2.265260138146622526e-01 2.548796459809273274e-01 1.759098372681717204e-01 -4.150905134004762714e-02 6.597033479910710541e-02 1.825254176341187806e-01 8.550773371988697191e-02 -2.948970346251468810e-01 5.557749322291473115e-01 -8.025258173093491321e-03 -3.644244585698445948e-02
-1.408682154815001641e-01 -1.404755605564413923e-01 5.576115341254986313e-02 0.000000000000000000e+00 9.126701384772943626e-02 -7.984953063105126869e-02 -3.065204217105539919e-01 -4.023767168962440882e-02 -3.422536871110666568e-02 -2.850761709168400104e-01 1.758379199805341908e-02 -3.410443016191812560e-01 -1.712722127194147015e-01 1.294300826221785605e-01 9.341830280310584392e-03 2.875593003539731463e-01 2.278431248480606852e-01 2.097870833278606406e-01 -3.229466476606295683e-02 1.322304840652190894e-01
-8.310962383010597060e-03 1.599171311773737725e-01 4.656493912724195966e-02 7.130254594135483626e-02 0.000000000000000000e+00 -3.624714668719242194e-02 2.823849631093128809e-01 -4.672308018125300721e-01 -3.190842068310746904e-01 6.061223550791870057e-02 3.459943434696594738e-02 1.258363274985927205e-01 2.309987110394710330e-01 2.150301309958667362e-01 -3.015479191562769543e-02 7.158987184799919801e-02 7.280246771277165685e-02 -1.243488902469313817e-01 -2.493387443396716807e-01 -2.758641896218249623e-01
-2.835082729010705016e-01 1.348834027937563795e-01 2.465378272338404897e-01 3.372153709511720443e-01 1.701938437048317043e-01 0.000000000000000000e+00 1.615366015924547261e-01 -1.940506924248574031e-02 -5.075502528436475619e-02 5.093817646570860530e-02 1.053613189109482290e-01 -4.843474671696234024e-01 -2.790091934445822486e-01 6.388101021754033493e-02 9.009728547190194725e-02 1.743145065277216382e-02 -2.479938653179844521e-01 1.495821529311813780e-01 -1.324097476993570666e-01 1.788272278930528314e-01
2.371071844872161549e-01 1.848891784339528610e-01 -4.099738381394782416e-01 3.356559660618502194e-01 4.379790331197264824e-02 4.252881359142821616e-01 0.000000000000000000e+00 1.351379120402453338e-01 2.102308837639661754e-02 -6.521293841512265654e-02 8.182158901698294295e-02 6.217378309573542289e-02 -2.321913859441074868e-01 2.671507170110005297e-02 5.299692833614080278e-01 4.467887668797371203e-01 2.899609055603781516e-02 1.354833346083221535e-01 -3.890100691883443540e-01 -6.713385290783327464e-02
2.195631822261969734e-01 1.106241326251311968e-01 4.059769744870925234e-02 1.273012707442905123e-01 3.252833079356335366e-01 -7.203538502065929411e-03 -2.533720109002893239e-01 0.000000000000000000e+00 9.441587909967606718e-02 -2.138844214912485539e-02 -1.184649553767072594e-01 3.448442744056059439e-01 -4.189411447913242714e-01 -2.524237585868664424e-01 -1.787854353027873155e-01 2.222524369604694239e-01 2.354122815073151839e-02 -2.502065704029917681e-01 8.852092181530941961e-02 -5.733089586999687848e-01
1.986229062386498934e-01 -2.333893895197411417e-02 9.444361859954109040e-02 -2.622100068427801745e-01 -7.138539035341265326e-02 1.362433160049934255e-01 3.501246629944466948e-02 7.061699782677009762e-02 0.000000000000000000e+00 2.917459079748414008e-01 6.690185552153533888e-02 8.381533250213996089e-02 2.460931836372000359e-01 3.804476055988497557e-02 2.596046532638520560e-02 -4.016556027648533478e-01 -7.471828859320051031e-01 -1.016411628041512111e-01 5.552268554236410025e-02 -8.840315126551123726e-02
-3.845806770599411450e-01 -1.704994169695261130e-01 1.866849002288390180e-01 -3.392089224893926613e-02 -3.213146569392160701e-01 -1.085949141350935621e-01 4.098905561886364568e-01 9.378088353769765961e-02 1.380200541511430179e-01 0.000000000000000000e+00 -6.865554545645330409e-02 -1.174923491029513101e-01 2.159205056118469190e-01 -1.169343500577199324e-01 -3.373875586756835965e-01 3.004347422826169067e-01 1.397014186476724651e-01 2.700250562058351123e-01 7.004057596743882286e-01 -1.342466272488482548e-01
-5.230661502804747620e-01 -2.741158785063440573e-01 4.650010421469431554e-01 1.327109547771177511e-01 -9.713896459248151649e-02 1.204263331844138973e-01 -9.750093566701933945e-02 -3.098176466837705423e-01 -4.015604444441399634e-01 6.631142952072477392e-02 0.000000000000000000e+00 2.705109073047646737e-02 8.678973719990216995e-02 3.367951832419438518e-02 1.637029917578952942e-01 -5.607759878051389590e-02 2.436993589253243220e-01 -2.822453324379692666e-02 -8.427842861345046996e-03 2.383999891248840819e-01
-2.585941640050209989e-01 1.273110158190219332e-01 -3.460668896760744906e-02 -4.147780080106843181e-01 1.904175477351453538e-01 1.381179783917855508e-01 -1.956477591785308612e-01 -1.051456609222894689e-01 2.803187564338661675e-01 5.363700909079016643e-02 -1.906203485365879635e-01 0.000000000000000000e+00 1.200829709352075753e-01 -2.461513988698421918e-01 1.952536768889354254e-03 1.392609127083025561e-02 -6.632824496371550471e-02 -6.305697785332017857e-02 5.269635959816145604e-02 4.547920269708861096e-01
-9.000606353179400887e-02 1.935999004957180553e-02 -3.937677700248252977e-02 -3.082822881674127657e-01 1.291508507987294274e-01 6.878921978461191578e-02 1.998734650985257710e-01 2.259506325875701438e-02 2.288587664775879327e-01 8.294582274028876323e-02 1.908307454889630606e-01 7.547019855600770044e-02 0.000000000000000000e+00 3.974478659032115030e-02 -2.610706164002148943e-01 -5.349888256087011879e-02 -5.057964726909746078e-01 -1.377424502380606708e-01 1.771315146669398266e-01 -2.745687918619629797e-01
1.031096052290500498e-03 1.728360538597331630e-01 4.080838573934473801e-01 -4.017519582896837416e-01 2.573953328141347918e-01 2.288772815801380367e-01 -1.799972000205574477e-02 -2.996468057442543964e-01 7.059229533001080970e-02 -2.767779104629775611e-01 5.958058390848856162e-02 -5.194796155709313634e-02 3.123881548599472535e-01 0.000000000000000000e+00 -4.860507820117958566e-01 -2.987525277986444183e-01 -4.553450459744272094e-01 -1.913582098715807533e-01 4.818693645588265767e-02 4.385833197628312696e-01
1.893047378424001989e-02 3.285349086422123532e-02 -5.723718485288629976e-02 -1.290717855808398429e-01 -7.401681537720375403e-02 3.510282291756102180e-01 -5.106530991312067252e-02 2.874112636373254426e-01 2.703828042064706505e-01 -2.930455698123562436e-01 8.481528578630614240e-03 -1.225766634094760249e-01 -1.901917581448927530e-01 1.744993059981381489e-01 0.000000000000000000e+00 1.454960847747397146e-01 -2.257436006590438082e-01 -7.781956156904103195e-02 -5.115683719939893015e-01 -2.393044784473006281e-01
1.181393103019328650e-01 4.091460648772708014e-02 -3.703514666040375602e-01 -3.513337257563419191e-01 6.497805387901232910e-02 7.480012708533134713e-02 1.921642149340533068e-01 -3.647606250259150529e-01 -9.968509964472779816e-02 -3.830091846534715988e-02 3.963623752925998223e-01 2.768332915597295218e-01 -1.317393846122827117e-01 -1.710364280989913055e-01 -7.419466273974921477e-02 0.000000000000000000e+00 2.361254865156953708e-01 2.479174021978886727e-02 3.198578851749732666e-01 2.190964493746895003e-01
3.087150889695555733e-01 -2.682963742463230772e-01 -1.003562065404860620e-01 2.860680536845096600e-01 -1.710784179488964440e-01 1.005292046351135699e-01 -2.628019400157513563e-01 4.556585098157847069e-01 3.116802427171184164e-01 -4.091674012818616313e-02 -4.565544304792480690e-02 -1.282884409262090020e-01 -1.725179549125167577e-01 -4.712957927845188438e-02 4.034594027241555914e-02 3.648784251750171181e-01 0.000000000000000000e+00 -2.300269564430356961e-01 -7.235539314460934235e-02 -1.908207656560797494e-01
-5.374094169134374654e-01 -5.294570072394138432e-02 7.644117346266317281e-02 -1.368840251966091937e-01 1.848300044279757581e-01 -8.416076928821700220e-02 6.449827850306164012e-02 -6.539317799525498631e-02 -9.864118049410293410e-02 -2.370750270331199450e-01 2.014559635707189045e-01 3.492244470151354419e-01 -3.308327372596630012e-01 -1.295178301593870318e-01 8.881149218154878178e-02 -1.523535173582806768e-01 -3.196817374946032131e-01 0.000000000000000000e+00 -3.809337423217041829e-01 3.834677059604771898e-01
-3.814327247210149707e-01 -1.117280872745908260e-01 1.032088034270799426e-01 -3.160486810747812347e-01 1.226480190572868528e-01 -2.225317599031448601e-01 -2.410223887646142926e-01 -1.538109003110884054e-01 4.345822395314311026e-01 2.666988692439824921e-02 2.003051772815195586e-01 -1.916696605928511488e-01 2.808841451024710056e-01 -1.868891924075796740e-02 -3.228045927102888846e-01 8.880488243007432503e-02 2.282904959877058715e-01 7.216390503145657387e-02 0.000000000000000000e+00 -2.011549527666871839e-01
3.026133559340680838e-03 -1.143391478783566534e-01 1.167537446135651219e-01 2.018065319944281899e-01 4.579103368464060991e-02 -3.560529659927183510e-01 3.406246211346555253e-01 -3.594755144851745632e-01 1.592185276075717693e-01 2.444410253882278727e-02 -4.982825045124424784e-02 1.519716432624411973e-01 1.767499490530786976e-02 -1.841072338263517044e-02 1.906389074161111141e-01 -1.603949874569755296e-01 2.443075573634518327e-01 1.067071074956859600e-01 -2.052670295089080998e-01 0.000000000000000000e+00
