0.000000000000000000e+00 8.947787195956588557e-02 2.188524664621541438e-01 5.010789523731437045e-01 4.175986617898209685e-01 -2.185259772310528814e-01 2.124462286222420226e-01 -3.384450066382477251e-02 -2.308043691698714178e-02 9.181261617937797048e-02 3.220912168375515000e-02 3.251854419446225664e-01 1.701732086870478278e-01 2.720736080413723931e-02 9.925083611315824172e-02 7.461184783553795330e-02 3.340862371340288517e-01 -4.587478239261627566e-02 7.000406624510385756e-02 -1.909816132371595365e-01
-5.708658774069669262e-01 0.000000000000000000e+00 1.932938102861380958e-01 -1.659531436151322759e-01 5.075325631480764876e-01 -3.252060512545177362e-01 1.023191552356336395e-02 -4.185558129478896688e-02 3.427398517804232658e-01 3.285586092832509242e-01 3.464729767969025598e-02 8.455971003730568258e-02 -1.985149281156404766e-01 -4.429195552540202696e-01 -7.779552160913348613e-02 3.496069231285137829e-02 2.751013594191674128e-01 2.688603076657861690e-01 -8.660890932328300928e-02 -6.759695000716139934e-02
-2.344635707898981292e-01 -3.175256636801214172e-01 0.000000000000000000e+00 4.362066392572300777e-01 -1.139616923277775029e-01 -9.795639175983583691e-02 -2.801335586967959035e-01 1.738521287490650824e-01 -3.608785295880172495e-01 -4.757017281107875362e-02 -2.002324102407033735e-01 8.651402858777766658e-02 -1.142195010860131699e-01 -2.639973820121761516e-01 -6.301737832265325197e-03 9.577791794356527166e-02 1.487370309232339573e-02 6.763477246295161727e-02 -1.418387321100624265e-01 -8.111139053847754576e-02
-1.503667273406973648e-01 -8.039853107296132673e-02 -1.818250362302615830e-01 0.000000000000000000e+00 3.967369150649390636e-02 -8.984094854251802043e-02 -3.645234320623863544e-01 1.034812582136308695e-01 -2.028780818635303462e-01 1.161534361182985087e-02 1.630296058782509383e-01 2.884145563893591308e-02 2.547777384248613997e-01 -2.761154474682710469e-01 8.996632598518281010e-02 -1.531281915020353268e-01 -1.947161620183713027e-01 -1.294347199166197837e-01 -6.966526403989924121e-02 1.255895232052504050e-02
-2.605354247964641878e-01 2.014309260761889819e-01 1.041252869805707054e-01 -3.435145312520733185e-01 0.000000000000000000e+00 4.239337075410448685e-01 2.635831251601029601e-01 -4.023241637169052559e-02 -2.394275648783676658e-01 2.357825740410067206e-01 -9.015310603928576583e-02 2.733470276134622456e-01 4.657170089921380124e-02 2.183831275057478705e-01 7.968594889786516366e-02 1.579945635154588190e-01 2.347876009691093023e-03 3.993327823384571484e-01 2.837840664520491912e-02 8.988755428942218906e-02
4.210852970493897951e-01 -3.013680878005805530e-01 -2.840890821007817646e-01 2.167636936605837894e-01 -2.623183679831285753e-01 0.000000000000000000e+00 -9.248801577629726933e-02 -1.671359768490821851e-01 4.299829088001340671e-01 3.310531715341296088e-01 4.175988787502649680e-01 2.025977446554328709e-01 -1.925759175751139418e-01 4.271035076569386635e-01 -5.992737556463789694e-02 1.794347049980216102e-01 2.118119791762540505e-01 -3.466131053496757097e-02 1.373123215674104114e-01 2.062116806926576340e-01
8.417130761304524034e-02 -2.458334902263269450e-01 6.668808310101655146e-02 2.965889029389212617e-01 -1.553100949345871951e-01 -3.345930039546054363e-02 0.000000000000000000e+00 4.135079405204521996e-01 1.503296777596509204e-01 9.111123640720103500e-02 -1.721584679429516151e-01 1.205797848540290929e-01 -1.507853668678190984e-01 7.117529206321764404e-03 -1.421795054481836962e-01 1.512550829744538361e-01 1.289296261153123069e-01 -4.657701771010100411e-02 8.854979290576654727e-02 -2.444159837109890765e-01
-3.334553349252428189e-01 9.825097127767848382e-02 3.726932657004715377e-02 1.419973460740117654e-01 5.328873716819206852e-01 2.111920336264693498e-01 -2.041132547465776825e-01 0.000000000000000000e+00 -2.942458421999482598e-01 -1.032134553733065896e-01 -1.525928683995870366e-02 3.831150794362484513e-01 -1.665322408671070786e-01 -1.847972751667144031e-01 -2.201465371717250402e-02 -1.483582549900743786e-01 2.519234507723307481e-01 -2.414800263744497077e-01 -2.565817908841303008e-01 -9.789953819605540231e-02
-1.113634414748805868e-01 4.314564837099562622e-01 2.122969463538704193e-01 1.957705272517796732e-02 -2.740157122146978930e-01 1.888053012917910167e-01 -2.236549508901633510e-01 -3.454213182071645960e-01 0.000000000000000000e+00 7.087052252302991628e-02 2.059102927654410942e-01 7.126966982895562019e-02 1.915931493417157849e-01 -1.455737481711260051e-01 -2.312637299472622976e-01 1.524091675968941018e-01 -1.796478622872985931e-01 -1.541880176919320500e-01 -1.018601643825441244e-01 3.908458776955579805e-03
-7.915544491838179264e-02 -3.074484557833949139e-01 -1.439174500304186421e-01 -4.971680589761130475e-01 1.398060026167621817e-01 -3.582309821810634731e-01 -2.469476220180239212e-01 1.166446632792032638e-02 -1.653713133574408189e-01 0.000000000000000000e+00 -2.890915935321939911e-01 5.971438973151880353e-02 -8.783905190444796923e-03 -2.611936465024814469e-01 1.170082183988082475e-01 -3.835892579036413036e-02 1.725776136905793068e-01 1.841411268016356351e-01 4.837142633962909777e-01 2.988567348768174092e-01
-8.255156856976149371e-02 -5.352681134577647049e-02 2.458913608513532967e-01 1.465214245085846023e-01 1.431377606894896348e-01 -3.615623631708187458e-01 -5.439486778513628884e-03 -1.650287282479895312e-01 6.259304320350532469e-02 -2.194709432597452547e-02 0.000000000000000000e+00 7.093214928689078880e-02 1.758282775884549565e-01 -1.042944806305618893e-01 -2.111846029328370844e-01 -9.168989881538318343e-02 -3.805880239936085523e-03 8.478090544881868029e-02 5.051968395918465804e-01 -9.448986364871517912e-03
-2.137558003852919331e-01 -7.736387694399128601e-02 -1.036632113403935657e-01 1.076625305264243548e-01 -3.445326863826906338e-01 1.414581194241391546e-02 3.499592578137314391e-02 5.191725800301560945e-02 -1.335639334259503541e-01 -5.320091610140447597e-02 -3.184296996585081474e-01 0.000000000000000000e+00 -1.213875162739252583e-01 9.303161854824795740e-02 -2.585302511944812531e-01 1.746812059317339738e-01 3.341769032805509410e-01 -4.628627228336861243e-01 9.531434980226155540e-02 1.513612380843437910e-01
-1.425352520510054510e-01 -8.883267823838665589e-02 -2.971300043738677246e-02 -6.658806494217063554e-02 -6.909740047184036171e-02 -3.747658441502220161e-01 2.576691711473759194e-01 2.414100561566945025e-01 -1.818737774049356548e-01 -3.279024480825856180e-01 1.165136484435897596e-01 -1.287501041128612800e-01 0.000000000000000000e+00 -7.140400478838421217e-02 1.546327656468242662e-01 1.553506312524595978e-01 -1.622485062540216239e-01 -3.093295841886330999e-01 -3.539557860635815234e-01 1.364849783747825729e-01
-2.658370116085034818e-01 -1.133275820320483046e-01 -1.333398725912759430e-01 -1.175440478520766059e-02 -4.329653269332884302e-01 4.221217751280244984e-02 1.171455942095246255e-01 1.977177973442664077e-02 -6.951626131824539812e-02 2.177933927967817471e-02 8.922947550242078807e-02 -6.199705877293506529e-01 4.373552879277075034e-01 0.000000000000000000e+00 -1.458829939321648894e-01 -8.741983229524556698e-02 1.104040177484351265e-01 -2.596163001363348266e-02 -4.540748510812402938e-01 4.616346377062486850e-01
-2.471764238493125154e-02 2.281175532186824340e-01 -1.547470503464280778e-01 3.435443532364485519e-01 6.402839532911885900e-02 1.361416201568737827e-01 -2.337257580415068314e-01 2.708203198359193653e-01 1.542480308013921275e-01 2.911016665559132965e-01 -1.404446479180523899e-01 -1.075609335899165298e-01 5.151714350518126206e-01 -2.370267436830745811e-01 0.000000000000000000e+00 2.542166369811988957e-01 2.185196709093894032e-02 1.303524055662007297e-01 -8.931951829780915286e-02 8.274701207010902448e-02
-2.921482854908956650e-01 3.707692915204193196e-01 -2.642228374038348496e-02 -1.520924700950676556e-01 1.490077870479178945e-01 -1.030200763180055407e-01 -2.983492641611515950e-01 -3.011351889452300590e-01 1.551323930379477356e-01 -3.568170550984108014e-02 -2.989657761163742183e-02 2.409908412492267615e-01 -2.519659107181256297e-01 -1.633845125052539871e-01 -8.606174164964795759e-02 0.000000000000000000e+00 -9.429823179555573906e-03 -6.414992640578937033e-02 -1.378008242946030838e-02 -2.399418921314631220e-02
-1.609084329708980188e-01 -1.817907587637625222e-01 6.138372368063781809e-02 -1.992146687757867241e-01 -2.587925033667636820e-01 -6.983067023634854931e-02 -3.525541659518504484e-02 5.046187146379859101e-01 -1.575757720577392329e-01 2.109195101537523487e-01 1.670763907276388016e-01 -2.658561741340996210e-01 1.729046221276321627e-01 -2.647237588718228118e-01 -5.946089888040961835e-01 1.355771672552914808e-01 0.000000000000000000e+00 1.008320109995308189e-01 -1.529494864691073319e-01 3.710868392394452986e-01
2.389259651468063628e-01 -1.013801477445088750e-01 -1.538051655741192736e-01 -2.714759603264866872e-01 -9.859329786243782590e-02 -6.268939450981772521e-02 -8.154795562151456734e-02 3.504004727252946205e-02 1.293613395366762231e-01 7.818511344725137535e-02 -1.708677758448233219e-01 -3.214999472889937260e-01 3.051185969820542909e-01 -1.541655243685458310e-01 -1.458572830742755067e-01 -1.165414731451651226e-01 -4.121228801410224407e-01 0.000000000000000000e+00 -1.072543005924766757e-01 1.387163325502189237e-01
1.561797664774709771e-01 8.431964332510313463e-04 2.083676309242238345e-01 7.601848137492366042e-02 -3.506626757405062814e-03 3.598463238093532052e-02 -4.263141717958287419e-02 -8.829103542615519828e-02 -5.986703883513568719e-02 -2.522310016556982837e-01 6.270867168132018832e-02 -2.220691904098595348e-01 1.881944718457727594e-01 -5.578063428104620275e-02 1.106741435147075986e-02 1.104252601553574187e-01 1.438494874789620348e-01 -3.512020708756830034e-01 0.000000000000000000e+00 1.968139879774439827e-01
-3.797080045238504509e-01 8.659854693417964877e-02 -5.043594944560224613e-01 -2.286394809827957675e-01 8.638053992299018699e-03 -3.704527588142408345e-01 -2.203669002017724365e-01 -3.291123128352490546e-01 3.685341744508110473e-01 3.672244250618927897e-02 1.268499624253312252e-01 -4.979166616484838326e-02 -7.902974156277238482e-02 -3.614546169697527844e-01 -6.525681814784860257e-02 -1.702748349947457995e-01 1.918376214241047095e-01 2.551581343098234811e-01 3.279369702378190365e-01 0.000000000000000000e+00
