0.000000000000000000e+00 2.943464460735392141e-01 2.786453813530245238e-01 -3.588700695613680769e-01 -3.282869066935696356e-01 -3.835014130230147700e-01 4.156366689690070282e-01 1.958526689419747696e-02 -1.169959879378019811e-02 1.242072339132860304e-01 -2.154236149892839181e-01 -4.032110546161566528e-02 -2.646183318256601913e-01 1.353818235371430090e-01 -2.127955328276852909e-01 8.068986797580220138e-02 2.371596630275022988e-01 -2.619602346428609105e-02 1.846242732442578971e-01 -2.705225341957071539e-01
-2.662047013512234828e-01 0.000000000000000000e+00 -4.761016486680029469e-02 -3.156208034836727183e-01 -1.079978382594418695e-01 2.687221708988311586e-01 -1.578223559399633547e-01 5.630722091622242242e-03 -8.745891420551984985e-02 4.318722093032971443e-02 7.810382677529617568e-02 1.321937409940755481e-01 1.163671844789452986e-01 1.845253358624708850e-01 9.530200143381241384e-02 4.374643968529834392e-02 -1.149589778556630859e-01 -6.872977132601627570e-01 -8.836025432115726663e-02 -1.778566644587067092e-01
-1.572406381959186583e-01 -3.884928129468029900e-01 0.000000000000000000e+00 -4.167925937872852260e-01 9.358190104205496573e-02 -5.262224572965307906e-02 9.662210150500433192e-02 1.946031916624078872e-01 4.491415751044893767e-01 3.067372999283604629e-01 2.367096835354271234e-01 3.231873043895258091e-01 1.091721963096467345e-02 2.019829477445787141e-02 -1.073886879990754578e-01 6.723023150918121249e-02 2.488698553491053567e-01 -4.318975631012529626e-03 -1.805844919700009968e-04 -1.427797007961293940e-01
3.565820408079160564e-01 4.161990385744523957e-03 1.255347949317240086e-01 0.000000000000000000e+00 1.035763574073269022e-01 -4.067617799345530916e-01 2.972289316520642863e-02 -1.379832018204174837e-01 2.925178297970782437e-01 1.734825864792028938e-01 -6.264800533837940055e-02 -1.618773937526280793e-01 -2.109305370179739847e-01 1.255968621486925618e-01 -1.549131440386724567e-01 3.805250098387819024e-01 -2.351723238407481820e-01 -1.478379824426897526e-01 -2.260440470518384204e-01 -3.262156444818828382e-01
8.733038021843309018e-02 -1.812208325338258430e-01 2.588633137964208020e-01 7.102448809374166568e-03 0.000000000000000000e+00 -1.934089129471750768e-01 -1.278974898937505940e-02 2.752639603008787406e-01 -1.193057419290045468e-01 -7.512614683767955548e-02 -3.478704187942700532e-01 2.724959090080829038e-01 -5.048242649951730776e-01 4.942109046515509585e-02 -1.233675579951433107e-02 6.287476512492985725e-02 1.338612437132679633e-01 2.296831697773696612e-01 1.552271985324874676e-03 -3.920519741162744043e-01
3.464184434647802346e-01 -1.443106438200567609e-01 1.966259904335010134e-01 -7.119235035410094448e-02 1.626421723373835948e-01 0.000000000000000000e+00 -1.008583591708282490e-01 1.908551790206766963e-01 -5.669957901504910636e-01 -8.664394593707812342e-02 -4.712509663019426830e-03 7.070941668278436787e-02 -1.408310391979157028e-01 -4.426702413712339523e-01 6.186858409393206776e-02 -2.764772178374931277e-01 1.282015224325772640e-01 7.121557169659210873e-02 -1.760225734710774842e-02 3.303104340701912833e-01
2.522573212345846638e-01 -2.425483773889829109e-01 -4.139245544594990500e-01 2.980987888944003350e-01 5.010835433294174024e-01 -1.750994282313561579e-01 0.000000000000000000e+00 -2.258546815602305857e-01 -1.604732083198757431e-01 6.486493728467465081e-01 8.629793179007336223e-02 8.904061386877834897e-03 2.404012736722887025e-02 -2.872309212329900996e-01 7.646908758193389499e-02 4.096057555103864711e-01 3.240829726050086235e-01 -1.180916327482584988e-01 -2.036259132113711623e-01 1.456132076010015486e-01
3.655553390790305685e-03 -3.058653374363383068e-02 -1.738888464371844966e-01 1.781765423559015238e-01 8.566741323349265011e-03 -1.343186584452570054e-02 1.674367106453259792e-03 0.000000000000000000e+00 -2.295814180549117234e-01 -2.414734713118725784e-01 -5.756558512318799004e-01 6.811024732933457226e-02 4.231708391071475894e-01 2.272402018871323981e-01 -9.780560848075639871e-03 -2.588418836917673049e-01 -8.846929526545983802e-02 -1.498437862738022652e-01 7.150622490386014662e-02 -6.609381360691524154e-02
9.109072353490359208e-02 -9.945780883018016938e-02 -3.110095527289346018e-01 3.746780776295323689e-01 -3.087175196058826732e-01 -2.854916798854000848e-01 -1.735323946871456247e-01 -1.326578232569299576e-01 0.000000000000000000e+00 8.068639053827669771e-02 -1.102752544550484187e-01 1.064367916476875869e-01 4.928647237889087762e-01 8.198914026314922665e-02 4.801107933552960921e-02 1.579422256684272774e-01 -2.021182329544906897e-01 6.250856021805428764e-01 3.391685612389865878e-01 -1.277646918919015939e-01
1.250465180353647621e-01 -4.692995552831410455e-01 7.296369301897281945e-02 4.687430119312352233e-04 8.558893986149877786e-02 -1.457723914071653859e-01 2.428846178756464691e-01 -2.110565345809101712e-01 2.674362822931535266e-01 0.000000000000000000e+00 -4.151076948053566418e-01 -1.118690930192056676e-01 3.992993151594055323e-01 -3.661173422316899573e-01 -2.412290618793107022e-01 7.143872854786670334e-02 -2.240055504059879354e-01 -1.020304641637306414e-01 -1.812206716408252538e-01 1.417547940799791795e-01
-5.813229323026351120e-02 2.676779510208217028e-01 -3.663324576541045485e-01 3.194646243252818318e-01 1.718547755391227339e-01 3.859556123229989505e-02 8.548778059816586339e-02 -1.136472099562971655e-01 -2.177564815023648181e-01 3.819961807658878716e-01 0.000000000000000000e+00 -2.666187847442223480e-01 9.400776786061515455e-02 4.708328227541015015e-02 1.774576819602441125e-01 -1.105672341911505541e-01 -2.066400614904413957e-01 -2.516271663140636217e-01 -2.455164410060311220e-01 1.471833062187135888e-01
1.002948630371590377e-01 1.870331955045679284e-01 9.801167245000126649e-02 -1.228526851050508739e-01 5.204437886980834982e-01 -4.363183818672492637e-02 -3.954068221233569269e-01 1.826267771361903824e-01 -8.840106558903979006e-02 -6.630897363133519962e-02 -5.455431829170327013e-02 0.000000000000000000e+00 -2.660490133377814703e-01 -9.887534287793844912e-02 -6.427250606395222901e-04 2.897413467473013982e-01 -1.931846136705396288e-01 -1.346167647204764284e-01 2.615698051904225552e-01 1.324538047436882859e-01
3.590381830295787807e-02 -1.671317445530699219e-01 2.325874402262242957e-01 -9.682644063427812281e-03 1.594934662390644006e-02 1.732329524006691324e-02 2.014344321112528785e-02 1.859570507907382375e-01 -6.903088563910371456e-02 -5.219136461436719721e-01 -8.100510840232844068e-02 -1.466387610029306829e-02 0.000000000000000000e+00 -1.613739038463105069e-01 -3.037450595162372591e-01 1.147550172856112299e-01 1.652897682066539198e-01 -3.767693435839956084e-01 -7.062757407714019553e-02 -1.784535570377192293e-01
6.322390388712159637e-02 -8.729919449903504602e-02 -3.409697527924340221e-01 2.553578600734308646e-01 9.364145369564672028e-02 -9.957665412292333873e-02 -2.327832712616887123e-01 -2.676246576513722220e-01 -5.899502408929058889e-02 -4.313292819262108391e-01 3.815012780216614496e-01 -1.600309553961142273e-01 -1.559272012057400826e-02 0.000000000000000000e+00 4.526860377315281014e-02 2.021038991892857017e-01 -5.947759724352620347e-01 1.553615451071267139e-01 -2.899537982782829371e-02 2.417220354713160158e-01
8.945700011344925873e-02 -3.482826208470364837e-01 -2.751275457466423324e-01 2.681717489084892159e-01 1.829637192567163395e-01 -6.248445219098790193e-02 1.471215497955323803e-01 -1.374601082229743587e-01 2.202921688696559965e-01 -6.297343888460384120e-02 -1.753384154810189166e-01 3.693001184811747772e-02 -5.505281882598113408e-02 1.116543171654894445e-01 0.000000000000000000e+00 -2.252032444848110770e-02 5.602489002763632042e-01 2.109327233583713490e-01 -6.604101865931095994e-02 3.892528457429122318e-02
-2.535889279501749582e-01 3.329746669707180917e-01 -3.740026952828638673e-02 2.358426487172079755e-01 2.196645001184207580e-01 1.904436098806705224e-01 1.895072399233767024e-01 2.213001264610797436e-01 4.494559108701551287e-01 9.624218188902522453e-02 1.110015123642073831e-01 -4.403449452272110709e-01 -1.342674996167214641e-01 -2.694408846272557390e-01 6.919006419989907897e-02 0.000000000000000000e+00 1.262551076211708423e-01 -3.029551316384366255e-01 2.764478403801412520e-01 1.383179486421451110e-01
-1.088972815013096625e-03 -2.546038638628964623e-01 2.970320430149400032e-02 1.083992879274768423e-01 2.495115985087205668e-01 -1.758473301527886390e-01 -8.210670231037371647e-02 -1.727737394449969655e-01 7.746541865506413604e-02 -3.038155759415905530e-02 -1.304685534960158162e-02 -1.401642350971462336e-01 2.013117965674848520e-01 2.178733793418539677e-01 1.735538461884927885e-01 -3.591976812946950925e-01 0.000000000000000000e+00 1.539143498106058383e-01 1.239602967486875228e-02 1.043482729416341515e-01
2.609964170636747682e-01 1.565390000632174983e-01 2.479052732385352842e-01 3.950036943208035112e-01 2.523095144084884223e-01 1.007554860192276386e-01 1.005489992162088980e-01 7.646360291205302195e-02 1.930254978492286777e-01 6.419223909469715106e-02 1.501934681773409164e-01 -3.561995169125527910e-02 -4.624034731177238677e-02 1.441082933068796035e-01 -5.680638862403956241e-02 -1.481863309774749948e-01 -1.900199677934663600e-02 0.000000000000000000e+00 -1.071406766936342514e-01 3.765051631032400592e-01
-3.731329045693530799e-03 -2.063964928966910972e-01 6.120044050904830391e-01 -6.653161843708660372e-02 4.212678334041681238e-01 1.599389447379562790e-01 1.097717386284277202e-01 -1.477529468227579967e-01 4.206185601081940256e-02 -1.676405092834873656e-01 1.733703461627262854e-01 -2.180827432447635106e-02 1.423973684192138961e-02 5.048690603881577088e-01 -2.159220028327047680e-01 -2.705905270728172773e-01 -9.584021824691532632e-02 1.370953617180842021e-01 0.000000000000000000e+00 -8.943203348248485174e-02
2.095611971436852905e-01 -1.484618082131973493e-01 2.952316840635568068e-03 -4.061457498498166618e-01 -3.081250693884619030e-01 2.103846166552503782e-01 2.479460060712689318e-01 2.241311559875131254e-01 1.042873710304846879e-01 -6.019719436491147713e-01 -1.539760247119078274e-01 -3.224736909134624518e-01 7.419108464441831127e-03 -4.659622536200610371e-02 2.169587588162785741e-01 3.612901752760722118e-01 2.572461515504043117e-01 9.131241895352741611e-02 3.769817185996677256e-01 0.000000000000000000e+00
