0.000000000000000000e+00 1.685472861836942726e-01 -9.951190837188589669e-03 1.010283102508747893e-01 3.007738856747561029e-01 1.190343705225295062e-01 3.019111926177239225e-01 1.925727175638607125e-01 3.306441826266070527e-01 -2.337534326007833785e-01 -1.764233093292940924e-01 -2.821036654551321021e-01 1.258563672805614320e-01 -5.440940399263542032e-02 2.043186329874811247e-01 7.096182359607307311e-02 2.846587883015122902e-02 4.808402492721880472e-01 1.355702650807170950e-01 -5.986322923951278852e-03
-2.200650408832827976e-01 0.000000000000000000e+00 2.130594017339717539e-01 -2.431011940805410942e-01 -3.247024107656703434e-02 5.318662953864357334e-02 -3.665124288919497375e-01 -6.219276858026571986e-02 3.128792224225486196e-01 -3.611491196833074846e-01 1.097622785731168782e-01 4.232300265068525413e-01 -1.388552827025060776e-01 -1.014621169408661261e-01 4.862366923507675798e-02 1.150074282893383676e-01 8.882586093194275167e-02 -3.382824517151589716e-01 -1.708431893273992808e-01 2.264461247662680199e-02
-7.094282781095369306e-02 2.545390075226947046e-01 0.000000000000000000e+00 -8.276047102078525064e-02 4.135859430073984822e-01 -1.825784300518905681e-02 -2.191960012821120574e-01 -5.342023642737803082e-04 -5.197200495830725520e-02 1.589787971591781202e-01 1.013293463791527793e-01 -7.438856480067071453e-02 -8.596735181401984893e-02 -1.185848133686212696e-01 3.019375997326977923e-01 4.506170754472452744e-01 -1.286463301931168451e-02 1.262605371949276079e-01 8.039386528847321245e-02 -1.144788752725360986e-01
-1.169830747905649393e-01 -1.076379208142375504e-01 -4.302551327720470775e-01 0.000000000000000000e+00 1.014014432545363165e-01 2.062424214151506174e-01 -4.636480204603855154e-02 -8.405825873627457978e-02 1.430824061967194416e-01 4.592197681288011091e-01 -2.075820670818864511e-01 -1.732192493528253163e-01 -9.774874021725321604e-02 1.225182586398783635e-01 -1.909921706449813350e-01 1.041242879665710275e-01 -1.612204281556662289e-01 1.257255395890989058e-01 -7.040440614972437450e-02 -9.612790983874380801e-02
1.822385212059816073e-01 -2.650677039073865426e-01 -1.718702267803756401e-01 1.630463559287548547e-01 0.000000000000000000e+00 4.646550450212294514e-02 -4.890538425609063933e-01 1.614362945742995881e-01 7.798300350845552287e-02 -7.571734345943875732e-02 -4.350025806670735906e-01 1.857961533734766302e-01 3.911423551704560353e-01 1.120577057540538823e-01 2.974679072950132674e-01 -1.470253306952408745e-01 4.135517172403050529e-02 -1.455806544132090263e-01 -2.505529533670238784e-01 -7.750363384193080518e-02
-2.037828882054728841e-01 -1.668409145371718971e-01 -1.723938038306160880e-01 -9.256286436562996545e-02 -6.525100991104675063e-02 0.000000000000000000e+00 -2.789128437050188425e-01 7.092158287070240985e-02 -4.066113908335286520e-01 1.245315302426959134e-02 1.808222943310577521e-02 -5.187336829050372966e-01 -7.627701276365846106e-02 2.436969989328898190e-01 1.007418342695079461e-01 -1.105285376767832228e-01 -1.222182749403743912e-01 6.529910824637148725e-02 3.448119516882067193e-02 1.827550698939240936e-01
3.214476970981993559e-02 2.024025079485206879e-01 8.959335588134673123e-02 -1.709683932502503445e-01 -2.274085662371652383e-01 -1.178383793788651962e-01 0.000000000000000000e+00 -1.940459377036623245e-01 1.994112377186152696e-01 -3.441451993724590763e-01 -5.908751744602360606e-02 -2.084818693130128242e-01 6.996180836503397560e-02 3.058724597634331077e-02 -3.392119402007495732e-02 -2.765653176798183455e-01 -1.973308505100903054e-01 -1.477219175026580344e-01 2.220301743833684449e-01 -1.439573983439152438e-01
1.120645018010524435e-01 2.057149291857990059e-01 -1.888306667666880267e-01 -1.154801318427792906e-01 -4.934704842844382933e-01 -9.014238406510446944e-02 1.595044127481443641e-01 0.000000000000000000e+00 7.856682633766599866e-02 1.763297196355024798e-01 8.050555511337852133e-02 -9.798482016558784924e-02 5.105730388213870069e-02 -1.510184539143485938e-01 -9.374945802800915828e-02 5.336925854927984103e-01 -1.136690024426046247e-01 -1.534471323556320099e-01 3.463749710669830617e-02 6.212605323471703106e-02
1.687571702813093211e-01 -1.699154020515932229e-01 -2.358285141116672756e-01 -2.186201437210294196e-01 1.671173692090705543e-01 2.405297032532630330e-01 -1.693770298871405400e-01 -1.142242184322192766e-01 0.000000000000000000e+00 -2.144478187275197234e-01 -1.113497801683952654e-01 2.098461402561912770e-01 -2.734961014613157548e-01 8.242036601437514876e-02 2.636401834266949851e-01 -2.406213667563372460e-01 2.446873507673251735e-01 1.031699666974267120e-03 -1.196706458726816691e-01 1.941751142382132367e-01
1.632131686257681791e-02 -5.367920766592075565e-02 -1.292093224141248053e-01 -1.882034771171395560e-01 -1.237445871686618376e-01 -5.400222954295146038e-02 1.704399933787598964e-01 -5.646464926821114644e-02 6.521280070624903280e-02 0.000000000000000000e+00 1.062551994338673256e-01 -1.618089408552680214e-02 2.837700173825947192e-01 5.752262624135198038e-02 -3.721390523022246599e-01 -2.722333011554078572e-02 -9.872513618389987256e-02 2.135996539576903719e-01 4.465634018084705184e-03 1.929317226080228542e-01
1.662617714697420812e-01 -1.481576525621305651e-01 -6.824055231422485046e-02 9.267920873173787419e-03 -2.385801440557376307e-01 7.605103586304042818e-01 1.174672695598831529e-01 -2.855185664094528342e-01 -3.162145517312750509e-01 2.833769605600440153e-02 0.000000000000000000e+00 -3.468045105971757636e-01 -3.847815613060332485e-01 4.020928475203541450e-03 -1.040758795767940670e-01 8.954946543365613354e-02 -2.621554895699564763e-02 2.461544719645504531e-01 -4.092796018483680354e-01 1.345968849967676129e-01
-1.819116793148284617e-01 -2.092859499390489764e-01 2.153403627162691902e-01 -4.310865668297002573e-01 -1.969892472275661111e-02 -8.091166436142735452e-02 2.672157972981847873e-01 -3.268026339535804459e-01 7.831003754792055516e-02 1.058723705975031099e-01 -4.119241750014893989e-03 0.000000000000000000e+00 -3.483787383427464773e-02 -3.272435747359748737e-01 -1.192929973697125362e-01 -4.320879376104225789e-01 2.101857432405584980e-01 2.125621863180029436e-01 -3.155634457645424273e-01 2.693888877906183699e-01
-3.987044757788887200e-02 -3.406009143460003163e-01 -1.636932313099247471e-01 1.286076656867560786e-01 -2.308038670795630257e-02 -2.412745735953968074e-01 1.466550970102184492e-01 -5.023977081524921839e-02 -1.148621620261857101e-01 -2.811304816365689518e-01 1.123145143631416043e-01 1.876493791255181010e-01 0.000000000000000000e+00 -6.895496858537700224e-02 -6.352754208859742735e-02 3.354854710331400813e-02 -2.446838655180811617e-01 4.433955502580733676e-01 5.983939205447857956e-02 1.964296031836398060e-01
-7.432901770407765452e-02 4.678231212881716616e-01 9.856752830280690603e-02 -4.051810077794495979e-01 2.227592088039388185e-01 -1.116972826844051490e-02 -2.385973537491259122e-01 -1.325112528614228423e-02 -2.021640085588378710e-01 1.571404327351667574e-01 1.360853776379024604e-01 -3.116017133134891814e-01 1.472822099885796321e-01 0.000000000000000000e+00 -5.580673099895577804e-01 2.916632662605437853e-01 1.477824686838539736e-01 1.839103976067529289e-01 3.190257328582264962e-01 -1.088911677331012157e-02
-1.938705620035855726e-01 8.299373302034590560e-02 -3.606195302449036189e-02 1.005149483124424398e-01 -5.203165187798362012e-01 -9.297824802701870617e-02 5.796076178101200460e-01 8.380069772926544702e-02 2.235003302308070650e-01 7.582991065698224675e-02 -7.808777318711483673e-02 1.886888197353750463e-01 1.658940350563067878e-01 -7.870888226377685537e-02 0.000000000000000000e+00 1.503246165187225036e-01 -1.788154938754776546e-01 -1.888789731867131783e-01 2.621292015389896646e-01 2.569383399738119356e-01
-4.333609808762518834e-02 3.503114044695060936e-01 1.918334302894653953e-01 9.162634793032257974e-02 -1.138160606953152187e-01 1.725991855466552094e-01 -1.193710490499111099e-01 -1.590990187687989915e-02 -1.384539148238672079e-01 2.711444452616457168e-01 3.144221168356768625e-02 4.448032836718150695e-03 1.519006564749945110e-01 5.567155284948442917e-01 2.353532686967057252e-01 0.000000000000000000e+00 3.393215267960097460e-03 2.617373218710208199e-02 -1.247020727048830241e-01 -2.140063626078238246e-01
3.839722175241160329e-01 1.739321881935632086e-01 2.116098474988641065e-01 8.777638732036147085e-02 1.928388172517756516e-01 1.170011872438316003e-01 4.507230137981980966e-02 -3.690306485919045421e-02 -2.152575052399236244e-01 -1.568306624043520892e-01 -6.857570472872115928e-03 -1.971010216149435279e-01 7.898033151371468275e-02 -1.992993507455610991e-01 1.768662289366727813e-01 -3.112083573260167046e-01 0.000000000000000000e+00 2.861068507870928590e-01 1.939146470335552930e-01 -1.164899783802431088e-01
2.952514905816706614e-01 9.093034193684321892e-03 8.162806356969136423e-02 -1.010834398981615319e-02 -3.887444127483881684e-01 1.275661900849356101e-01 9.726359537334125505e-02 1.696939609903325985e-01 -2.177568256704088545e-01 1.799777787654471828e-01 -1.441412307713618168e-01 -2.616746084430052743e-01 -2.294006451520007317e-01 4.602189078721538595e-02 -9.041712413619477917e-02 3.447586844368996095e-01 1.789196178196142406e-01 0.000000000000000000e+00 -3.627987935537486941e-02 -2.403206994169175825e-01
-3.578567678300768606e-01 -4.965339377647880886e-02 2.851115447337617126e-01 2.810162931051830015e-01 -3.688527241787978861e-01 6.159728812320610508e-02 1.584308985493852184e-01 -2.196848133473727482e-01 3.901249085144913118e-03 -1.610099436882621582e-01 3.498926422774620293e-02 4.567276277593299710e-02 -7.237683134127657902e-02 -2.492299948988613290e-02 -1.516003230000431690e-01 2.473511755168737725e-02 -7.178741499751040145e-01 1.068317453639464759e-01 0.000000000000000000e+00 -2.949294401773419616e-01
-4.342921051572912888e-02 1.314335107912390499e-01 -1.580495513562800991e-01 -1.534270406829369993e-01 -1.438756564275403028e-02 1.651815666982181796e-01 -3.091470157768766436e-01 5.199811181128719678e-02 1.189535741999598190e-01 -3.064227600837952092e-01 3.324991224756217861e-02 3.233405866810381002e-01 -1.148761577895496527e-03 -3.567934330991645586e-02 3.212269671950599426e-01 -1.295819928464639337e-01 -3.631390717166566723e-02 2.994389251803946661e-01 3.941548991878382480e-01 0.000000000000000000e+00
