0.000000000000000000e+00 -1.721847143631664023e-01 -7.072243840615966004e-02 -2.215519377342038132e-01 -2.394417938978646854e-01 -3.217060693842296315e-01 1.262074447644306319e-01 6.612542431581017177e-02 -3.636750424576119523e-01 4.909627098939500084e-02 1.517853674073124659e-01 4.224542255481271713e-01 2.150065222421009004e-01 2.325761039698736460e-02 -1.075918357855576851e-01 1.901168792236156979e-01 3.249956354258954350e-01 2.365172808305666119e-01 3.702070080700136517e-02 1.151616102958369081e-01
-2.989479074955877502e-01 0.000000000000000000e+00 3.114518071641654839e-01 -1.416056758735368716e-02 2.720587271022924941e-02 2.700281365214481366e-01 -4.562059228086898688e-04 3.639861938146972120e-01 7.926699664081955643e-02 2.319982315310517018e-01 -8.624145523500371946e-02 1.162348385681778590e-01 3.771313986029660725e-01 -2.964943729584957888e-01 3.195304692410895209e-01 -4.671938193501463110e-01 -2.902862049333873248e-02 1.412128244129803034e-01 -1.311538983154734161e-01 6.500698634903410988e-02
2.826621056005125254e-01 6.485374881171397654e-02 0.000000000000000000e+00 1.797588215182300553e-01 2.304380600954891445e-01 2.640750123688223247e-02 -4.886552545185034874e-03 1.047390203118557343e-02 -3.642002111553001020e-01 -8.773449520125096990e-02 3.803490597189096434e-01 2.373205479248181871e-01 1.555864090217622397e-01 -9.749000804788543473e-02 -7.444800955333827353e-02 1.346413815271655934e-01 2.432595073349953785e-02 8.221335173097919433e-03 -1.205158814532804878e-01 1.116195688926280433e-01
-1.591972525256704629e-01 -5.299502780369804572e-02 1.916576874857975066e-01 0.000000000000000000e+00 9.407251712019147616e-02 -2.390748733012942606e-01 -5.762031445825803733e-01 -2.739012083137664644e-01 -2.586575791746417163e-01 2.082459657415070275e-01 2.200865889980088141e-01 4.977843680165153772e-01 -9.358032027341850467e-02 -7.463495656826553415e-02 -3.296565006660868297e-02 3.491190086958800842e-01 1.531058096705889271e-01 6.587985120834648906e-03 -1.906191871113053771e-01 4.430583475485104228e-01
-3.645234956587920516e-01 -5.255527258729005002e-02 -3.668744924382438821e-02 1.472405176810581973e-01 0.000000000000000000e+00 3.027155373563767404e-01 -2.873853843554916368e-02 -2.176318427464863925e-01 -1.552834687358662369e-01 -1.092128411219414792e-02 -1.296043471201107633e-01 1.947852485701936642e-01 -2.169702060519151099e-01 9.466604909670525703e-02 4.414544910503241937e-01 6.851767947527218072e-02 2.234417606549830015e-01 1.950602815336701379e-01 -4.176930920267381553e-01 2.752027447363384893e-01
-2.873677732982826347e-02 1.882112832296856941e-01 2.469813232048191642e-01 1.044657871979225439e-01 4.587962547888509157e-02 0.000000000000000000e+00 1.815483953600467992e-01 2.090781460948449438e-02 1.063520783280628851e-01 2.215096321907177312e-01 -2.501624346312311120e-01 2.220095765426514656e-01 3.106552607314349568e-01 -8.543840430567187227e-02 -3.926330326972260476e-01 4.710824506372742748e-01 1.497022987988121390e-01 1.098696517602052447e-01 1.716047412358205800e-03 -1.381901385919539760e-01
-1.465099585146329986e-01 2.969263576294678408e-02 1.542023040109173106e-02 -7.912132636676512398e-02 -2.012092355394894949e-01 3.355854898099325245e-02 0.000000000000000000e+00 -3.662875818051071208e-01 -3.216246692714603284e-01 -3.725827663293128644e-01 1.275270480131225348e-01 -1.769009967522764126e-01 1.642913506979263583e-01 7.710952182847780056e-02 3.809747570357570057e-01 1.550066029404810475e-01 1.656370776514376475e-01 -1.316523879010692288e-01 -4.064596962619712039e-01 1.347698314499133354e-01
2.534701252458738674e-01 -9.874080953722116916e-02 -1.235649884703678147e-01 -9.542825862919365743e-02 -1.645416691783190832e-01 2.560974112805311509e-01 -3.901099924531008234e-02 0.000000000000000000e+00 6.922075729578129610e-02 -2.024650610926406469e-01 4.206921815959498434e-01 -5.062219299678633738e-02 -1.800604727674634808e-01 3.144681772669439823e-01 1.449217359432970476e-01 -8.158648305656318600e-02 -2.284005186131147502e-01 -3.334129781252669900e-01 -2.228824310204038650e-01 9.104446803652696540e-02
-2.045427176755709175e-01 2.242192586429687939e-01 -9.970783501708135876e-02 1.847444584102326259e-01 -1.921792117433083480e-01 2.956305145392804784e-02 1.799529605984626426e-02 -3.628244099360792424e-02 0.000000000000000000e+00 -1.127751651721828202e-01 -3.797309239871827363e-02 4.120203940954560995e-01 5.039742788777892835e-02 3.103980189350304952e-01 3.175378111302195605e-01 1.260258956353323134e-01 2.746440683659053805e-01 1.081571568995887550e-01 7.246884319927373967e-03 -5.580733760714488845e-02
-1.487934946656882529e-01 -1.909601501212419283e-01 4.331987305116555831e-01 2.251274218800677820e-03 1.352368602053333549e-02 2.115214558069705153e-01 -6.417729984677497113e-01 7.864477277308537517e-02 5.936529684888675051e-02 0.000000000000000000e+00 -1.291772497437683465e-01 -9.064617657886918367e-02 2.437953449120762728e-01 3.191476162628728575e-01 1.549552328593641615e-01 4.141207713861816408e-02 2.402232711117377809e-02 -4.767588947071243338e-02 -2.530076675276941023e-01 6.957687586760111231e-02
-1.794067930184061743e-01 -3.969395489127735543e-01 -3.091656749969909010e-02 -1.052906047848771731e-01 -7.018873653770699161e-02 -6.890419473353646962e-02 -2.908441202459022823e-01 -1.315089056914159893e-01 -1.468427134850677773e-01 -3.742528683194917827e-01 0.000000000000000000e+00 1.803572105720845087e-01 -5.332127950234235442e-02 -5.759057281041100873e-02 -2.908158142652622277e-02 3.808623688011808506e-02 -2.694594395755146032e-01 -2.564324441433606452e-02 -1.183604276693175084e-01 -2.488702270828585250e-01
-5.801754226904659584e-02 -2.218690722729828591e-01 -1.031059541867933443e-01 1.634029420969032309e-01 3.683899009280707237e-01 -1.243550852540825508e-01 -2.906564162031827214e-01 2.513918798265072363e-01 -2.446258121859231638e-01 6.351817748315780054e-02 4.347335561881610598e-03 0.000000000000000000e+00 -7.454705731419090931e-02 -3.022883707609643755e-01 1.485555449630150959e-01 -5.850528944828212174e-02 -2.266410196938070387e-01 2.819532559105266886e-02 -1.781198492761449648e-01 4.949499121904399890e-01
1.148444884874080668e-01 -2.108590655436752836e-01 -4.097454093639626982e-02 -1.556503909059294977e-01 -2.127073106120425106e-01 -2.073729684463576362e-01 -7.712209967006444788e-02 5.560192052963975479e-02 -1.646966143234356375e-02 -8.738340626397553268e-02 7.059473380034660128e-02 2.196926836965620855e-01 0.000000000000000000e+00 2.974277120225777837e-01 3.238727132684314225e-01 -2.200150383637448359e-01 2.042269105493079925e-02 -5.011198670282372702e-02 1.116882069702296310e-01 3.488875794554681109e-01
2.072652768910134002e-01 -1.706791643616163701e-01 1.280283527013517941e-01 3.300047144746432598e-02 4.213930226160146897e-01 2.697225030804350360e-02 -7.455976050132179234e-02 4.048242394354339968e-02 -5.293007182010442055e-03 -2.547697491885493881e-01 -1.248940891619755300e-01 -1.757163852356364853e-01 -2.330225249440866231e-01 0.000000000000000000e+00 4.072624582275767569e-02 2.032978854736701771e-02 3.015054035696660417e-01 -2.043226166106464625e-01 -1.314933639275956412e-01 -1.098107169916626991e-01
3.666207625825957384e-01 -4.923929272382003564e-02 3.070801931278851482e-01 -6.274565869953891983e-01 -2.033744924219316186e-01 5.000638084625628199e-01 -1.289451697667526875e-01 2.093985077859638055e-01 -1.884800066006498132e-01 -3.051294555718251922e-01 1.074214301915726866e-01 4.431312443226657904e-02 2.962354399556085122e-02 4.906147616454926141e-01 0.000000000000000000e+00 -2.232908134316013635e-02 2.742249665437935247e-01 3.013759308362738421e-01 -1.382395450163330930e-01 1.509148009437026039e-01
5.202979272486930179e-02 -2.559353805779647217e-01 2.015657908989103020e-01 -4.621296292708444026e-02 -6.406169228808304694e-02 -5.432214672315232445e-02 1.596235238373520660e-01 -4.080823635363530766e-01 4.505986065568871879e-02 -1.393842804209819153e-01 -3.025350109822317890e-01 -1.263237870008356856e-01 -4.493034863964012054e-02 -6.671185266759130025e-03 -2.439381344128911666e-01 0.000000000000000000e+00 -6.309354209354139931e-02 -3.149838642177450465e-01 -1.948393652858991174e-02 5.273270124884370247e-02
-2.428433474632807343e-01 2.936072554529163270e-01 3.760358512231787298e-01 -5.486600225113034135e-01 -2.713821657331803514e-02 -2.735619464286566660e-01 -3.323734147918300241e-01 1.907339041032318494e-01 -6.163083136156012609e-02 -9.431162086295037661e-02 1.047029443017273992e-01 -7.733920919702609587e-02 -3.420304481212173009e-01 -1.092196016880984527e-01 2.762418546377086170e-01 -8.019283110527585662e-03 0.000000000000000000e+00 -4.543473668990216652e-02 -3.709992821853530520e-01 -3.174030759533238988e-01
1.284360333017151579e-01 1.056727368053794330e-01 4.095513363489380332e-01 2.328873986684742992e-01 -2.223812303770912255e-02 2.617026718398967056e-01 -5.055231860452944481e-01 -1.775757688862917016e-01 -1.419698361679290199e-01 -5.207865997740817043e-01 8.620203620831238742e-03 -2.577000300284421064e-01 -2.617470864655841931e-02 1.911649626601486796e-01 -2.227168566647663439e-01 -1.156962126476089175e-01 1.517747591097757254e-01 0.000000000000000000e+00 2.845163134179066189e-01 -1.275098006968946804e-02
-3.763355026023982863e-01 -7.612171919839595680e-02 2.623910604732418439e-01 -2.293963288365766240e-01 1.901030649164741071e-01 -1.563485045776460136e-01 -2.274064923413039452e-01 1.790396742774223379e-02 2.470838840346298859e-01 -2.113587197506275051e-01 -3.825388708370239810e-01 9.912484649234198919e-02 1.530195314333334944e-01 7.127563772372580431e-02 1.664874693328928790e-01 -3.239343781148816548e-02 -1.520285390485840993e-01 -8.186592556077516847e-02 0.000000000000000000e+00 -5.879134231006586525e-02
3.882154417151747333e-02 1.255696823118500616e-01 2.249276584092226305e-01 -1.950975042733453235e-01 -8.195446789266906673e-02 -1.833843432071128599e-01 3.494642225469615782e-01 -2.286493751131423585e-02 -1.098243532653291471e-01 2.503955064062239333e-01 -6.680316327824158129e-02 8.585494016600293821e-02 3.652981922096949496e-01 2.837441129259644090e-01 3.862721914653712285e-01 -1.538990547968809020e-01 -1.203926947144466630e-01 4.532747982867366132e-02 9.616864919591586180e-02 0.000000000000000000e+00
