0.000000000000000000e+00 7.586636664453021150e-02 -3.486220800340762704e-02 -1.122035819901176651e-01 5.267480552836668883e-02 -3.943541239690187550e-01 -2.450422024222239092e-01 -2.432318141540161238e-01 -6.823809813146021475e-02 -1.059333563923870597e-01 -4.485430240516392886e-02 7.942441298492804169e-02 1.541808500827842876e-01 9.181064249843581826e-02 -1.263330191766268429e-01 1.340278328269258468e-01 -3.643366544547433500e-02 3.578188406021156065e-01 1.524164764224953950e-01 3.327291808743417737e-03
-1.962812246354234472e-02 0.000000000000000000e+00 2.721081822302647696e-02 -2.543387091851101456e-01 7.803934885226507245e-02 -4.155761764448375750e-01 -2.609898039174023965e-01 3.186166172426546650e-01 3.346421883020203047e-01 2.884375762872911086e-01 -4.051185575340326417e-01 -3.350316772339590465e-01 -3.242618812417955576e-01 -3.787691113221213213e-01 5.081778145503035998e-02 -1.095080104455141146e-01 -1.181776491177826137e-04 -1.096238177421408611e-01 -1.773670187300235845e-01 4.581476913847267185e-01
1.348763643612203578e-01 -2.232047701678684382e-01 0.000000000000000000e+00 -1.492612250658498785e-01 -6.093414417249855969e-02 3.168004048228128533e-01 -1.749966829348926223e-01 -5.597340947550635826e-02 -6.894120943105103150e-02 3.867700014521087692e-01 4.423551493915544586e-01 4.912373729544111667e-02 4.236945988727032208e-01 -3.059163340732028447e-01 -4.277718475981150126e-02 2.878395349162741756e-01 -5.520492817040404537e-02 7.659675060015330716e-02 4.980104455763801480e-02 1.524089858858040381e-01
5.622568003401763603e-02 -3.313514958955578460e-01 -8.649597845173256916e-02 0.000000000000000000e+00 1.310287100822191131e-01 -3.881341661144944721e-01 -1.848546690631739375e-01 2.647133811333603481e-01 7.939070901719079421e-02 5.462378467927742065e-01 -8.256785766377472760e-03 -6.063576959756741269e-01 2.217038218839927355e-01 4.298679023296143181e-02 -7.888682930039757346e-02 -2.995264099378517342e-01 -4.218847283709210166e-02 1.334008296686260420e-01 7.612793652885656293e-02 1.865447402902420740e-02
1.355039579412325168e-01 3.777550966636199908e-02 -2.323031459107664787e-01 6.378117458718458865e-02 0.000000000000000000e+00 4.324275919826335302e-01 1.080577118829250706e-02 -2.351826289029882167e-01 2.608557517789937275e-01 1.644554598954514335e-01 -1.259196810335431183e-01 -2.712368779703394628e-01 3.461719804715407411e-01 -3.796564675969913427e-01 -1.412731997129678951e-01 6.403351912108616595e-02 -2.343336779205055787e-01 -4.169153805273192320e-02 1.112566554964504878e-01 -9.044944140637581342e-02
-2.871345314709903840e-01 -1.373520636349085944e-01 -2.412032657135433980e-02 2.534858552374887330e-01 -2.317117135957470764e-01 0.000000000000000000e+00 -1.941519210797773287e-01 3.113122266993988418e-01 4.863656150022791502e-01 2.904699736849095659e-01 -4.205627108126416824e-02 3.732049490744080988e-01 2.581706426484912109e-01 1.077342908145347694e-01 -3.981032495475415878e-02 -8.635317400039912994e-02 -2.908549514859232188e-02 5.276278709840288572e-01 1.156046500451426984e-01 9.868990435913685411e-02
-1.063752426584159277e-01 7.342866975012746211e-02 -6.323723985751261711e-02 -1.610458519528694954e-01 1.978000408874735355e-02 -1.056577139337597504e-01 0.000000000000000000e+00 -2.388876074947814121e-02 -1.574868949287454301e-01 1.156444040265171558e-01 1.298811615248991747e-01 -6.309718842702427555e-01 -5.581615153598783879e-02 -3.959936782269123795e-02 -5.731843459156441695e-02 2.843193243561979999e-01 1.810732133201103586e-02 -9.345438460894478494e-02 -1.714951313735452454e-01 1.412224745772547585e-01
-3.636845498186219716e-01 -7.021818565844881177e-02 -1.376237500794975643e-01 -8.921559452820497504e-02 -7.123306558383236953e-02 -2.640417147674682941e-01 -2.622558232223310415e-01 0.000000000000000000e+00 -1.892124699915159192e-01 3.162900149725939580e-01 7.509912868833779065e-02 -2.488431708588761115e-01 1.147340224006555831e-01 -5.105362760957364576e-02 5.227644419692129008e-02 3.447108242037724701e-01 2.054218173997269525e-01 -2.042802663141240760e-01 1.123508144114125362e-01 -9.571803978375162392e-02
2.287524582112374083e-01 -7.204719934683515535e-03 -3.564967299159697567e-01 -7.750792364178169525e-01 -1.515742579275585478e-01 -1.852070125295967873e-01 -1.764574792544892912e-01 4.860386164067213577e-01 0.000000000000000000e+00 1.943612372473179917e-01 -2.128675114647621269e-01 1.466499742613677493e-01 -1.238837218134722779e-01 -3.514238948553186082e-01 -7.265879679370419730e-02 -1.214444241140602739e-02 -2.427478280355801210e-01 3.197448355703656486e-01 1.133315183571905436e-02 -3.458120667299533491e-01
-5.489007123587134052e-01 1.702424347441262586e-01 1.769077647622596949e-01 1.428292437738921949e-01 -2.063187235594768631e-01 -2.016848453241592565e-01 1.313411620287873449e-01 -9.199232232946227827e-02 1.133404438672001900e-03 0.000000000000000000e+00 2.510886984840355329e-01 -1.715996988079998009e-01 -3.383293001711564635e-02 6.010955171798274682e-02 -1.354295007254446848e-01 2.194870558998007759e-01 -2.319458651629372758e-01 1.059320460323104479e-01 -9.374182206574424581e-02 2.885676744832448293e-01
3.246588243008828589e-02 -1.393185758218363213e-01 -6.020740830460183379e-02 -2.784206743599743072e-01 1.626490460358986645e-01 -3.096639228366862562e-02 -4.632507386434245311e-02 1.053063603472239318e-01 1.245607136205000992e-01 -8.380127143788290711e-02 0.000000000000000000e+00 2.618712529845538262e-01 1.011258720919268328e-01 3.893363992500655651e-02 1.969822920976687930e-01 -5.398462827283832116e-02 3.587582847938344255e-01 -3.608675641561307629e-02 -4.579072610113111425e-02 4.115071099472154131e-02
-6.784748385230295054e-02 -2.491936013012194251e-02 3.958024795511549954e-02 -1.456650499652927810e-01 1.070872574423799156e-01 2.139576842884534022e-02 4.430047569894769999e-01 -6.034528239280552431e-02 -1.599997335745560467e-01 -1.893653139952833908e-01 1.010265255385799643e-01 0.000000000000000000e+00 -2.004888322045048354e-01 1.975040980485743281e-01 -3.528360129566635028e-01 -2.000000855019488100e-01 -9.623451056530411829e-02 -6.360452971284614315e-03 -1.894909867678159776e-01 3.146881507750931561e-01
2.603265706897528453e-01 3.815174219548867623e-02 3.452897766806649338e-02 2.138124060444634902e-03 1.913902132602829723e-02 1.800975031710791707e-01 1.974257876098388376e-01 1.171231273866542716e-01 -7.181207192450636545e-02 -3.252668881436142634e-01 -3.701936932227453125e-01 5.561962220608070856e-02 0.000000000000000000e+00 -1.186041943161281198e-01 2.547865350493588865e-01 8.685170242239799443e-02 2.354829761368160482e-02 3.578026355577418327e-02 1.526278270118803793e-01 1.523194795759055531e-01
-2.053457984702685701e-01 -2.563374302336127730e-01 -1.869714174997070266e-01 -1.872212323276484930e-02 4.896004335959778797e-01 4.244215184449197376e-02 1.796800690495049119e-02 2.336924527464556700e-01 2.061240762158135231e-01 -1.608669254211305966e-01 -4.781825269749106488e-01 5.798817372316995566e-01 -8.992932201020348293e-02 0.000000000000000000e+00 2.670838186282072368e-01 -2.349732965471466872e-01 -8.281039620481282781e-02 -3.380054503002701272e-01 2.051946636778529398e-01 -1.740608089151527427e-01
1.018813718884769431e-02 1.690541440636440518e-01 -5.410355126628536154e-02 5.084790952890323457e-01 -4.141331631740419184e-02 -3.763283556047646861e-01 1.652962507569950557e-01 1.784984468590208317e-01 1.911247036942290145e-01 -1.817978293793382216e-01 -1.401231088058033647e-01 -4.469478026776503576e-02 1.797210957520379848e-01 -5.798217198787904147e-02 0.000000000000000000e+00 1.537861769080173802e-01 1.130685356417118204e-01 -2.108362939805485115e-01 -4.589991257924952994e-01 -9.583731080612963417e-04
2.795003636777990685e-01 1.698879108294002738e-01 -2.316191193698061424e-01 1.365376275124318972e-01 -1.897786732255667130e-02 8.841185708183010861e-02 -3.002898333200181846e-01 -2.546438469808627314e-01 -7.906192837801320761e-02 2.362187025575991917e-01 -1.066478434920727220e-01 -3.478574894325326804e-03 2.727106227633605551e-01 -1.366885031676701168e-01 -1.310761326454016051e-01 0.000000000000000000e+00 2.478213508977000767e-01 -1.309766473680326615e-01 -3.283035549572526079e-01 -1.652837269614921001e-01
3.767492597316297875e-02 2.090308670174774452e-02 1.124257950863229716e-01 2.563435228445268277e-01 4.747200212567913996e-02 -1.251536567362319108e-01 -4.436181924046569969e-01 3.696862332852156319e-02 1.576590483462573522e-01 9.497867832861790760e-02 1.131607132325583021e-01 -1.618028726114308924e-01 1.192301027362221016e-01 -4.092830119199323824e-01 -3.417617465211250094e-01 -4.180314514211798671e-01 0.000000000000000000e+00 1.444640014113912074e-01 1.428142101913336959e-01 3.798603604116950749e-01
-2.788524715985297164e-01 5.757086259254765026e-02 -9.183706898083361658e-02 -1.607381329890664456e-01 1.723017984472399733e-01 -8.979500460538648865e-02 -2.451646147094714845e-01 1.627655055377306148e-01 -1.114526134917914746e-01 -3.159651816951997844e-02 1.846664232762917357e-01 -7.328648956492665734e-02 -8.476194018945222564e-02 8.343754697879093851e-02 3.603764503394098484e-01 -3.662877676758547474e-01 3.685903072440402939e-01 0.000000000000000000e+00 9.887860057744533859e-02 1.297964312288921729e-01
-2.747532740319950650e-01 8.519508301416339746e-02 2.416656910826170679e-01 2.610949378311379354e-02 -3.509476372398820376e-01 -7.151739475409869817e-02 -3.187434581786277032e-01 -2.851612902870502841e-01 -2.509529919641270701e-01 1.776468679835060405e-01 3.416443749442895639e-01 -4.480443868167074961e-02 2.409875073790479771e-01 -1.335339721917799261e-01 -9.732582378957951863e-02 2.723542682466247866e-01 4.838075327738026177e-01 2.763603682836646147e-01 0.000000000000000000e+00 -1.009925459933820047e-01
3.949219234467973155e-02 3.859543446554414281e-02 -2.240014772608709126e-01 5.973605460703845793e-01 -4.443335667270647549e-01 -2.058418214795435658e-02 -2.252445040546598720e-01 -9.361084121921109391e-02 -1.743573915963039095e-02 -1.742390604128900289e-01 1.574782944229692616e-02 -3.946608495824885376e-01 -2.455665921359540260e-01 5.695262855562048532e-02 -3.170788884150831377e-01 6.897892241792481782e-02 -1.555292555650099884e-01 -2.918990343178396452e-01 -1.475981013767124241e-02 0.000000000000000000e+00
