0.000000000000000000e+00 3.416500229449270232e-01 -2.170575643890393369e-01 1.052203288588237501e-01 -2.251647031413468031e-02 6.793022121487637954e-02 -3.859369316502654912e-01 3.544380995938862244e-01 3.002963113799685113e-02 -2.475004064678482940e-01 3.529019611744076412e-01 2.403727075266015589e-02 -1.708462878515849270e-01 -1.733374202319454271e-01 3.094376332437278609e-01 1.700272739039208614e-01 -6.387227864840565317e-02 1.203826274472028779e-01 -4.659734527470908994e-01 2.096943651830239230e-01
-1.291999225008422757e-03 0.000000000000000000e+00 -9.458909641787546785e-02 2.380254321141526408e-01 -6.492127309691385628e-01 3.615476790562469622e-01 3.187537007269012346e-01 -1.486437633967262195e-01 2.202566893190692487e-01 -3.802355926101524952e-01 -2.459996337678001799e-01 -2.941869621257024447e-01 1.812335131059393811e-01 -2.336195465682840144e-01 -1.541163730818602695e-01 -1.906822317487859852e-01 2.489799323580154378e-01 -4.295866085225086284e-01 -1.568383486788287873e-01 1.898618150621542433e-01
2.349436150432208104e-01 -1.200487778185290316e-01 0.000000000000000000e+00 3.117203946733604347e-01 -8.896586458415201015e-02 2.278838110266859229e-01 4.246027668105276653e-01 -7.934679250853907129e-02 -8.653951367005688344e-02 -4.309585855315308245e-01 1.231529179760933179e-01 2.134004472462379953e-01 1.750341473826741157e-01 -4.009801848586628248e-01 2.776873308145875741e-01 3.818638103702259312e-01 7.225929614570637816e-02 -2.217809127799710289e-01 -2.601178461850746637e-01 -4.770673223540391507e-03
-3.537449013090329664e-01 -2.779687821366632616e-01 -9.171658193639573020e-02 0.000000000000000000e+00 -2.364221824315308196e-01 -2.871373385882092788e-01 2.041811898620875532e-01 -3.103092917487608182e-01 6.714412031395663311e-03 -1.006247945813149719e-01 4.598096692607177988e-02 -1.028649807823910911e-01 -3.877632365815623233e-02 -4.844549596847106537e-02 -5.812319612428101107e-02 1.266270606854669190e-01 2.214875579045190723e-01 -1.329931173497293506e-01 7.680065674807311227e-02 -5.789901194018653996e-01
-3.690030650782771381e-03 -1.477832818568624272e-02 -2.870344405478120892e-02 -2.002571693528884256e-01 0.000000000000000000e+00 -1.114560716016963909e-01 -2.583329540729798479e-01 2.014336543118659673e-01 1.965417231146781574e-01 -3.342778546166747522e-01 -6.763964931394973734e-02 -2.378724035662110325e-01 3.811878417034763600e-01 1.961984617333582259e-01 2.241792959812474451e-01 -2.333928459789769427e-01 2.835396318575913455e-01 -6.306209252950718824e-02 7.416599014090309583e-02 9.772990321988538065e-02
1.017475572743178347e-01 -8.495909130985465629e-02 1.757387454098435220e-01 -5.780970019092872975e-02 2.084346213678123227e-01 0.000000000000000000e+00 -1.472568936678168572e-01 1.573363258934441233e-01 -2.150518931480944751e-01 2.134812763822497017e-01 2.283698783758135176e-01 1.651857078918612109e-01 -9.160674669288461358e-02 1.291062558162420215e-01 9.315011454088446829e-02 1.166001507377010388e-01 -3.295196074856655000e-01 -1.335371945584020170e-01 6.754034275717623048e-01 -7.291977911108443733e-02
-1.279100547471530291e-01 -1.822344335208721244e-01 1.340845380561276057e-01 -8.332330572375355737e-02 9.787210969488606416e-02 1.149580381295183668e-01 0.000000000000000000e+00 9.044623595305052721e-02 -4.213166983418260014e-01 8.148974035274386685e-02 8.603509828813926674e-02 1.818006679307639373e-01 1.297196218046806071e-01 -1.354814880273509936e-01 5.127014952668276088e-02 -3.059296820140312567e-01 3.968458351370623971e-01 9.062573389431848037e-02 3.534994169216156001e-02 3.457823129971192982e-02
-1.221069736527075622e-01 -1.900432365377383859e-01 1.058177620003796365e-01 8.499645483221932030e-02 -2.132977480703066309e-01 -2.485867898643140395e-01 -9.465433122054080217e-02 0.000000000000000000e+00 3.391958753211523625e-01 2.769173769111547556e-01 -8.692636084876766145e-02 -2.333969501728657553e-02 5.109611959783061375e-02 4.323219429671547043e-01 -2.067301646545102456e-01 8.199339804687878763e-02 1.330358156952578530e-01 4.638527629452002254e-01 -1.438122075483133297e-02 1.124838465201063453e-01
-1.428758213462379967e-01 8.900799266196231241e-02 -1.110610333902559699e-01 -4.256709778726106702e-02 -1.757716118348933154e-01 -5.439098342425805616e-02 4.881969297083705306e-01 -3.149585218247870078e-01 0.000000000000000000e+00 2.303139590406453052e-01 -1.889295937227635780e-01 -3.301311433041098087e-01 1.315712477133191421e-02 4.456987166929420874e-01 9.732125440429718888e-02 1.309399838448220554e-01 -1.490378009689252992e-01 1.213340156114634926e-03 -3.847501315959109824e-01 3.734765633364006687e-01
-4.587019005772800806e-02 -1.019661885741556494e-02 -1.393686039103342877e-01 8.234220579756401648e-02 4.702435128070729942e-01 -1.208631753848731227e-01 4.886570735097562901e-01 -1.688816580059197270e-01 -3.116334975428544651e-01 0.000000000000000000e+00 -1.755268011432158382e-01 4.402874491664078849e-01 -2.020919907967815843e-01 -6.976584263846596912e-02 -2.767815337841703083e-01 -3.602038816525936493e-01 3.373630401780909893e-01 1.662314023741327529e-01 -1.560034759798165360e-01 8.136035521687146055e-02
2.394559065686624744e-01 1.057137572428035188e-01 -1.635878720356448712e-01 1.161049554425600538e-01 1.127008481788447092e-01 -4.460307528166904123e-01 5.867982784620927317e-02 -1.373913175446817569e-01 9.215716173879508200e-02 -1.836464103495960287e-01 0.000000000000000000e+00 2.528139258965793681e-02 6.471898667951173079e-02 -6.049330405123153238e-03 1.866681416741190480e-01 -1.921636358068200545e-01 -2.394511437754855698e-01 2.805551403888552064e-01 9.586274262083777087e-02 -8.836013956997962326e-02
-2.301828417923505454e-01 1.008428664076488485e-01 6.042326737147638016e-02 1.128759262737938918e-01 -2.186484375363391686e-01 2.853581535505233038e-03 -3.370817220132739205e-03 -8.772323129035623779e-02 -2.139426617747297865e-01 -1.229930033227269320e-01 -3.928007926067900724e-01 0.000000000000000000e+00 -6.506858438346128926e-02 -8.065431844666365313e-02 -2.828950109476067731e-01 3.656766901040586770e-02 1.982771711550922189e-01 -2.187638313327430473e-01 1.050961342858460768e-01 -2.089074644592960883e-01
5.552922559441731548e-02 -3.139198172986615298e-01 4.101085397310992586e-02 9.249299611595837578e-02 3.416665735237975343e-01 -2.739659330234913565e-02 -2.591627594632457954e-01 1.991191542636467846e-02 -4.617157450143332537e-02 1.597949705718190033e-02 2.618617304564745396e-01 -4.328914810575612004e-01 0.000000000000000000e+00 -2.992859773906748205e-02 -2.185341978511613492e-01 -2.992576677136566388e-01 -1.054469795696917483e-01 2.919356386698259698e-01 1.918490245463017885e-01 -1.406643659883024811e-01
9.113341621437370810e-02 6.361888078429148718e-01 -1.395292605797527896e-01 7.954055545054829202e-02 3.250198521748245278e-02 1.853661399033148249e-01 2.924808742161437158e-01 -2.050233413555064554e-01 1.599713450711096330e-01 4.011002561409401923e-01 1.252430829487824471e-01 1.416949572044591266e-01 5.396829632698030288e-02 0.000000000000000000e+00 2.002451367561787765e-01 -2.812564097638845517e-01 -2.531401675606367307e-01 -1.342645778604902307e-01 -1.812005186844594939e-01 -1.646033487701012432e-01
-2.310879850213480857e-01 7.481224833429259765e-05 1.963055015910580015e-01 -1.277004244349951023e-01 1.178248906995374157e-01 1.579219821274473190e-01 -8.242786820385709923e-02 -3.227410239462660119e-02 2.854048262429957281e-02 4.081600779196546402e-01 -2.489841123228600239e-01 4.861774830162511329e-01 -5.937390962933301181e-02 2.855721749280916086e-02 0.000000000000000000e+00 -3.819103436217555214e-01 1.415607634197412479e-01 3.360597157085325470e-01 -1.260429920057261474e-03 1.801292720774817224e-01
-3.163346736382611352e-02 -9.044927888952447592e-02 -4.057601356084009070e-01 -4.612248875254053998e-02 -1.636687317562442734e-01 -7.535624624242641401e-02 -5.818300052556394514e-02 3.907309998008481888e-01 -2.419951137036528699e-01 -1.680630032238741300e-01 -5.068954780283899675e-01 7.814796868431044263e-01 -1.545832336679912045e-01 3.735001026847979966e-01 -7.814773897795715407e-02 0.000000000000000000e+00 -8.032316487355533816e-03 -2.785314241703388816e-01 3.874549699544471704e-02 -3.738222951259890792e-01
1.653693585242340114e-01 -2.031259122802831774e-01 4.620747811715386622e-01 4.934823145372786712e-02 2.648330585117438241e-01 -2.366792756219307167e-02 -1.511422414598822539e-01 4.196813487782848351e-01 7.030061818385396899e-02 1.052292184893916654e-01 2.759070370775001391e-01 3.307948142667595237e-02 -8.590005068581811620e-02 3.121342912753053561e-02 -3.551283125989102007e-02 -3.722356891097919340e-02 0.000000000000000000e+00 9.488697091658830629e-02 -1.231078004418485888e-01 -1.996744075739862456e-01
-3.765531623549001061e-02 -1.721780073127096300e-01 -5.493917380044981424e-01 -1.093798775584032684e-01 4.633720412051215570e-02 2.319138402645029226e-02 -3.699197650995017517e-01 -1.167725523339904065e-01 -3.126994197695142086e-01 1.155578601609206779e-01 -3.088853583457233654e-02 -4.156782512781640460e-01 -2.875525619092965668e-01 -3.014031695662696131e-01 -1.649669213706413951e-01 4.684897967773256622e-01 -9.787385085531297158e-02 0.000000000000000000e+00 1.198773034478452237e-01 -4.513272258584106744e-01
-4.983376683640412114e-02 9.482294953214007172e-02 4.449015739654255119e-01 1.706832634178156310e-02 2.362707144725157693e-01 -1.914101770983427375e-01 -2.281744644069272354e-01 -6.761317232966708446e-02 -3.216853714371841755e-01 9.073043945379159758e-02 -1.024782530770843997e-01 -9.637807173641566028e-02 1.257019655335217256e-01 -4.825957473737795822e-01 -3.805911604114953217e-02 -1.922780464580585436e-01 -3.766252806778600526e-01 5.148206030842198411e-01 0.000000000000000000e+00 -1.728703958918026140e-01
2.104851625123838887e-01 -3.100633529480186223e-01 2.721414373887610649e-01 1.818891592318814046e-02 -2.297514086070230610e-01 8.901616975333152826e-02 -1.969141220245604895e-01 -1.325899924425463505e-01 -1.309482340888230567e-01 5.588339442368928101e-02 -9.601492087016860397e-03 4.442716472778800163e-02 -1.768679686713894583e-01 -3.215796022957639333e-01 -2.909703959429986164e-01 -1.432085499976635222e-02 -4.440933065031461651e-04 4.722821807071306971e-02 -2.042480711958378492e-01 0.000000000000000000e+00
