0.000000000000000000e+00 5.820970203994507708e-02 -8.835722918397505288e-02 -4.568307115302827626e-02 -2.843457058361102963e-01 -5.806797146571225365e-01 6.477462106819462107e-02 -1.952768548630380852e-01 8.811732481449566223e-02 2.090959562263571270e-01 -3.507207230239195797e-03 5.804742272271893461e-02 -3.294430795296294789e-01 1.793162381791519322e-01 -3.914801348367513700e-01 -1.106969771057492585e-01 -2.255299971807787629e-01 5.644771565180305151e-03 -2.716975867996053451e-02 -3.458913587344550344e-01
-1.357167983368478548e-01 0.000000000000000000e+00 -1.403569795009758092e-01 7.437881086421785359e-02 -3.446601036633117343e-01 3.734903941156578755e-01 -1.117018512715059475e-01 1.505162122393759183e-01 5.026881105143160555e-01 -3.699043963991917594e-01 -1.060783976486508601e-01 -6.751030020970946732e-02 -2.081838268013015691e-01 2.484240351529022617e-01 -4.241439892588318855e-02 2.858610748549000324e-01 -1.238954102763753090e-01 7.922450112379678111e-02 -9.844874502121372939e-02 -9.490964307861494975e-02
5.100060175864438300e-02 1.294782119291376377e-01 0.000000000000000000e+00 -1.881294178035670117e-01 -1.466198967999302882e-01 -3.284397053844368558e-02 -3.157273202690413783e-01 -6.049834514819119047e-02 2.525198956069870659e-01 -2.996908155437125743e-01 -5.574428657062200504e-02 3.943288465043151558e-01 -1.323661518334217080e-01 -2.029928629970408904e-01 6.077624207355503128e-02 -1.020020548671682261e-03 1.909841169573421593e-01 -3.555359005017943996e-01 1.253293448031615916e-02 2.367158950023869404e-02
-2.031189985287976466e-02 -1.596275388784165472e-01 4.555214688276581353e-02 0.000000000000000000e+00 1.885297526099051491e-02 3.665673964111607064e-02 8.357338724359658633e-02 -5.073791417869002313e-02 -1.501015200213435263e-01 7.023710427985999094e-02 3.319259807910921456e-01 1.458283389763108395e-01 -5.200498596717942346e-02 2.649173009231127751e-01 2.059300793370728855e-01 2.720178458162921808e-01 -4.211103651940202308e-01 4.948239041998515192e-02 4.062030476877985241e-01 3.897207045166408146e-01
-1.352324438201633547e-02 -1.318269064361567711e-01 -1.838114048689024893e-01 -1.167633489387809829e-02 0.000000000000000000e+00 9.638634261569249684e-02 -4.397888647667269613e-02 -1.477127303336543129e-01 -5.511832533657411853e-02 -4.685519533997032499e-02 -1.131922228497105332e-01 -3.216854787558767192e-01 -4.561824550270267981e-02 -1.268821862587257709e-01 -7.798934099478141424e-02 -2.303570918234783271e-01 1.309992054627105440e-01 8.314365759189812355e-02 -5.382540897554193293e-01 2.155531856462030715e-01
2.157897145988880994e-02 9.587499824966967676e-02 1.335678643259609333e-01 1.632522756547115927e-01 -2.664187377439030668e-01 0.000000000000000000e+00 -1.559980160625127621e-01 -7.294934077610150391e-02 1.751209811156686502e-01 -3.772525595506230900e-01 3.167190856324764714e-01 -1.406832703303686483e-01 -1.154250169712393720e-01 5.470748861261409690e-01 -3.537908201226754312e-01 -4.037524581210562569e-01 8.452321306019598690e-02 -2.288808280020474262e-01 -2.142100528611905752e-01 -4.496076431400047868e-02
6.795925941009431370e-02 -5.334524774797310548e-02 1.251479451018943923e-01 -3.083258435003995435e-01 3.062990915561773497e-01 -4.052743519678644879e-01 0.000000000000000000e+00 3.935937463074443143e-01 -1.183072648363517471e-01 2.187163279617088119e-01 -2.372518723224238124e-01 -3.058256806287152907e-01 -4.120209293656658667e-01 -1.158200361174400450e-01 3.639003457138686448e-01 7.211507537564021408e-02 1.561973330138303195e-01 6.693969069706745545e-01 5.107969209554343720e-02 -6.241896871136437541e-02
5.191988091023693602e-02 2.196174657351698811e-01 5.195378367407474732e-03 7.292482597512990605e-02 -6.225827828501410283e-02 -1.958224866895503374e-02 3.289632974621896633e-01 0.000000000000000000e+00 6.928335450249795135e-02 -3.583015274702733288e-02 4.491463530093015716e-02 -1.996066203236216419e-01 4.380071420619372630e-02 -5.753619398956822187e-03 2.072547364075379706e-01 -6.548152152658338887e-02 2.320650552391323174e-01 3.178589515247873254e-01 8.831398043881295845e-02 3.129051240845975856e-02
5.939678767546262977e-02 1.908203122857388967e-01 -2.270755538302074786e-02 2.716439707626016054e-01 2.448684688033578305e-01 2.943573450391655938e-02 -8.976491650558456048e-02 2.925580461079914096e-01 0.000000000000000000e+00 -1.301220590895604268e-01 -2.546720755922110557e-01 -1.171932442631467008e-01 2.512633296424644502e-01 1.195339736252678947e-01 4.478038142345906053e-02 1.073523561647484331e-01 2.912918625290434882e-01 -9.438121162652199359e-02 1.065784103498375601e-01 1.147453004296608708e-01
-4.087062795964623019e-02 -1.781781309476963560e-01 -3.200840462203936587e-01 -3.067299896206058807e-01 -1.123761606908015437e-01 1.554046537567179975e-01 9.974000470723795586e-02 3.753977199266321785e-01 -7.125783694335223462e-02 0.000000000000000000e+00 -2.098062240650729326e-01 2.006166939948342831e-01 1.964458091052586133e-02 2.650702809067215227e-01 1.302265046319388796e-02 -5.427018552254367911e-01 1.960266399971355711e-01 1.769871041454619265e-01 -3.746468021776441226e-01 -2.196610986058492587e-01
1.438777141217325028e-01 1.225401944953597166e-01 3.842463431279252717e-01 2.894722992276856921e-01 6.064302905725801364e-04 -3.572286237890110461e-01 -4.542210464988318680e-02 -2.195131870335360544e-02 1.099958238156416995e-02 3.413472550569086050e-01 0.000000000000000000e+00 2.067602146187646484e-01 4.718450769028512681e-01 -1.439125044791663421e-01 -1.318392344432619823e-01 1.930134091520246953e-01 2.631787764903216753e-01 -5.548940114419697450e-02 2.982123132225369955e-02 -2.871000284616377907e-01
1.697455233297794630e-01 -1.331489010445646992e-01 1.349147292000726223e-02 -6.026216115791446781e-02 1.912185417738902771e-01 -1.076826365657630874e-01 -2.069384569977113231e-01 -1.038551734311971876e-02 2.447423127092187567e-01 -3.986560391441223289e-02 4.069162822478186725e-01 0.000000000000000000e+00 -6.448034387416412549e-02 -1.384146453866767594e-02 1.096704691128221054e-01 2.741920720480308660e-01 4.860799402553192539e-01 2.631985887359584164e-01 2.012912632726381323e-01 1.776287555354965353e-01
2.656957798852433439e-01 -2.894879392681768415e-01 2.207995802647703121e-01 -9.947550952411702771e-03 2.643921774713682282e-01 3.450051287692627033e-01 9.110814327816633973e-02 -2.730968827775469010e-01 -1.842468872037597571e-01 -2.781786776888189316e-01 2.849727480565077964e-01 6.127412044900987925e-03 0.000000000000000000e+00 -1.192795730872123205e-01 -3.574577040005099127e-01 4.637828099551704469e-02 3.357151167687116300e-01 6.936339919672295240e-01 1.556124155586165458e-01 -1.623683228855291871e-01
-2.327732905068250757e-01 -2.698450195823897113e-01 2.282944912903187018e-01 3.921398875646758819e-02 -6.994385644734994745e-02 -8.957946287601696589e-02 -2.070109511735537533e-01 -2.826557573236820331e-01 -4.738041747535445131e-02 7.195703737561358337e-02 -2.151973765607412825e-01 -1.289715567832867560e-01 2.075133025702963763e-01 0.000000000000000000e+00 1.041989777946194934e-01 -5.219073676510582738e-01 -4.060270896411873331e-01 -1.095222825357894392e-01 2.420202097851914536e-01 -6.170564069702665078e-02
2.547642831454867141e-01 1.516466778240554980e-01 2.468475460771475116e-01 5.273529822682180290e-01 1.879703038799002968e-01 -7.524305683827721414e-02 4.107328458633669604e-02 9.086508935964815459e-02 4.907920477875515886e-02 2.099849994964268496e-01 5.789823260804478899e-02 1.833674045311253775e-01 -4.364684454358518789e-02 1.569326599081528606e-01 0.000000000000000000e+00 1.990986678015799899e-02 -2.467521419629887733e-02 1.700551953498782853e-01 7.627029681472266565e-02 -9.610994177617975323e-03
2.336655589716033488e-01 1.679517473420192031e-01 -1.847278811376259489e-01 -4.342096367000899959e-02 7.671207631020286744e-02 4.605655185141152019e-01 2.837704689125146174e-01 -9.156187339968593908e-02 -2.110971986027084801e-01 3.070661366037084616e-01 2.492363329077345452e-02 -2.403878205158678782e-01 -1.623861983663859310e-01 2.092830854903676430e-01 1.865745604216568765e-01 0.000000000000000000e+00 -2.081082192434497158e-01 -1.508366732552488265e-01 -9.153837714339341236e-02 -3.020185123187536513e-01
-5.008512815142284608e-02 -1.958963885279310924e-01 -3.937470618765585850e-02 -2.654988295403419296e-01 1.252450040635563200e-01 -7.517219781051248662e-02 1.902008722638879878e-01 8.680236335580071572e-02 -6.508747627675576068e-03 -2.250308228164726587e-01 6.958677937210745734e-02 -2.672724478769070156e-01 -2.255442354892915613e-01 -5.505524750577425741e-02 -3.765804405731834059e-01 5.851661077290610802e-01 0.000000000000000000e+00 -4.598538383047506284e-01 3.021292132943304565e-01 1.257680178128857962e-01
1.127652094066479288e-01 6.310315110565237195e-02 -3.055941739034262472e-01 1.588474987344598022e-01 -1.260449582107134869e-01 -2.276687006433585070e-01 -1.004039350397837038e-01 -7.777081866316626346e-02 1.043772336580237325e-01 3.618694589702001752e-01 2.260165598224873063e-01 -1.905616543095476345e-01 3.289206825984380966e-02 1.288273707590586459e-01 -4.347836410315911171e-01 -6.045355020614896491e-01 -4.865313442466881466e-01 0.000000000000000000e+00 -7.138188129664958803e-02 -1.470160055283654260e-02
1.318411372315086705e-01 -1.666440173572202588e-01 -6.221697779657824751e-02 -2.684629300261848206e-01 -2.311944559039367242e-01 9.866372457230423651e-03 -1.693130443537205904e-02 1.266760753534008632e-01 2.591304348163727678e-01 -5.986734713939393521e-02 5.239928432963638499e-02 -1.578575365766068661e-01 -1.624356403174226915e-01 -9.518549009677478023e-02 -3.073601131829193922e-01 -3.331138214442251333e-01 -1.852374354654952315e-01 -1.994494730673599392e-01 0.000000000000000000e+00 -8.757483163721843655e-02
-9.619173000112364938e-03 -2.357221126959348212e-02 1.550448749223271305e-01 -7.503500810127665399e-02 -1.076953617915706457e-01 2.588566373466001311e-02 4.227252775831218390e-01 2.253182859476602629e-01 4.486021440744032002e-02 -1.453576078416076167e-01 1.741089362025937878e-02 -9.612683807543946635e-02 -1.394309447859144457e-01 -1.989592235469450354e-01 1.349300542923282387e-01 4.302072175405634025e-01 -2.396444019720224416e-02 -3.102126010275459977e-01 2.044994892524335528e-01 0.000000000000000000e+00
