0.000000000000000000e+00 -2.377836488382479019e-01 -1.426781122455871298e-01 2.373784472728686645e-01 -3.519663824410754899e-02 2.445651227265151217e-01 -4.639514628856444278e-01 1.566663034978952873e-01 3.744605819278355452e-01 -8.884660814340575308e-02 5.196167937355912203e-01 -2.235398565550905936e-01 -1.250290170555346247e-01 -4.479817791356613954e-01 -8.185330696828360675e-02 -2.809157721180875478e-01 4.563634633510239569e-01 1.331106565040525158e-01 3.485566939940886177e-01 4.127252853317958103e-01
-2.480034377037087512e-01 0.000000000000000000e+00 3.707199143769268068e-01 -2.033391239349316704e-01 8.509256962676518821e-02 -1.042569353149433303e-01 2.349689707224336330e-02 -9.565248436470046023e-02 9.708017094844498263e-02 -1.242374630968783311e-01 1.927414898074140404e-01 -1.678748334364524308e-01 2.093807170746542212e-01 -2.934042943548909599e-01 -1.057356609027506750e-01 -2.185140351607355036e-01 5.979406382391441038e-02 -1.271093860635701123e-01 1.370721059203816039e-01 6.027212821812841931e-02
-2.072592182522407511e-01 -1.264343899002650928e-01 0.000000000000000000e+00 -8.013873103426380484e-02 1.890750653324290917e-02 1.104328639701608883e-01 1.011988376786983335e-02 2.227312820755275868e-01 -1.670139277872921268e-01 3.250205650181727246e-01 -2.136014518978210375e-01 3.393144133294978548e-01 1.730358535809583820e-01 3.444676394182079604e-01 3.156856065385801324e-01 3.701601829381622188e-01 -3.010961867586764429e-01 -2.728265084966638998e-01 -1.743621979866844529e-01 2.843795647460021780e-01
6.020977460524548075e-01 -1.247649677153060688e-01 -2.161446892023169697e-01 0.000000000000000000e+00 -7.918236410075872936e-03 7.189797240157988489e-02 -4.189755309078388446e-02 -1.307054720503604550e-01 1.259699712137212768e-01 1.229262240568475967e-01 -2.015734877081598875e-01 -1.803473273677895505e-01 1.713847887512880974e-01 3.427280467530398611e-01 -3.742577779893716677e-02 1.509415606491319450e-01 1.380459279331314459e-01 -1.691999810290556183e-01 -2.231318875671712276e-01 -2.819533927693786482e-02
-1.227817747449424651e-01 1.623093697078605568e-01 -3.440848129509203046e-01 -8.335772904060673172e-02 0.000000000000000000e+00 -3.610149993226756393e-02 -3.463794185130109060e-02 -1.719672798199722505e-02 -5.230246216764724426e-02 -4.405288810946696859e-02 2.768045322377857623e-02 3.335761973044485719e-03 -2.003776340593911576e-01 2.818396110629054485e-01 1.296020248810332044e-02 1.025917450796960256e-01 -2.308991848468440466e-01 -4.169109540548647796e-01 -5.753444054809758734e-02 1.325073720962442747e-01
-3.827607892292800851e-01 -2.055659289243809140e-01 -1.217914010767052191e-01 2.479389153501637688e-01 4.815870066160201635e-01 0.000000000000000000e+00 2.129326086497079218e-01 8.723052464979105802e-02 -2.076926575036696365e-01 2.212566239600829709e-01 1.434744116077985299e-01 3.940372344041351976e-02 -5.565009731943288546e-02 -1.966766197870217781e-02 3.113987260568958360e-01 2.397420691293773720e-01 4.089309459719909223e-01 7.793489108952007804e-02 3.443795603084728874e-01 -2.134948468961293533e-01
2.297908181124546367e-01 4.851045407406940901e-01 8.584078956692219042e-02 -2.362245461213781025e-02 1.591771773417030578e-01 5.686634625771870566e-02 0.000000000000000000e+00 -2.809047608651534800e-01 3.418715773104489264e-01 -3.010414162264626325e-01 -6.064829284834380788e-03 1.028392662578995198e-01 -1.275031090621623897e-01 -2.416494286410770728e-02 -2.070569999339648970e-01 9.031313127515637473e-02 -5.757553114475351397e-03 2.164526598673247593e-01 -1.833306820541288351e-01 5.594730151189070133e-02
-1.382662547807730069e-01 8.426783790422708031e-02 3.824191473687183485e-01 -1.737483247834600286e-01 -1.241017277697911286e-01 1.471467015311191118e-01 -2.451308706668453852e-01 0.000000000000000000e+00 9.379216349194016700e-02 -5.926674515260389525e-04 2.349464321887254070e-01 -3.502407590670138932e-02 1.240909778173504736e-02 -1.951445765403223842e-01 -2.053813218740132055e-04 -3.018436122159431217e-02 4.325460758531261829e-02 1.239872825633299147e-01 2.068649022467141524e-02 -2.219954140599255943e-01
-4.775675298022053275e-03 -4.208283864544744568e-01 7.993531249136237582e-02 2.345117897469269075e-02 -1.571171663758076098e-01 3.120373590051038204e-01 -1.346171748365453946e-01 2.470914299114685964e-01 0.000000000000000000e+00 2.664575260562301873e-01 -3.016485319547540511e-01 -1.041026178520763734e+00 -4.547244092086332179e-01 -1.896509771382259291e-01 -6.932325731650752776e-02 -1.579225091773548140e-01 5.521338399420813031e-03 1.779780571901788955e-01 -1.748351185688332143e-02 3.772355941975717997e-01
-5.283423074277399101e-02 1.826876407395430779e-01 -1.071217358891374122e-01 -2.003433725081567307e-02 -8.380496347268420743e-02 2.315811151225911635e-01 -9.834169999132735818e-02 -2.198366045248202338e-01 -4.630075715368693889e-01 0.000000000000000000e+00 6.591777831860537451e-02 -5.317661862923080129e-02 -3.977325162074413917e-02 -5.874533682724046857e-01 -1.333262177408655880e-01 2.664303622567559260e-01 -5.585082697186469908e-02 9.004261018227571745e-02 6.471520363808501430e-02 2.388804247525340985e-01
3.734249845219661523e-01 3.726849468686756206e-02 1.267157880167553707e-01 -2.319308427783937643e-01 1.819218311473878302e-01 5.691036032255616245e-02 -9.165210405751350511e-04 -4.129737418192832576e-01 -9.405405913661668560e-02 -3.880723491764241639e-02 0.000000000000000000e+00 7.752913435384655161e-01 -2.616573737059473340e-02 -9.889805343406081473e-02 -1.165762883777781700e-01 1.166646327577432543e-03 -1.257139361450348714e-01 5.075753951166946942e-01 1.632988800329707169e-01 -4.614255957931078234e-01
6.732187397471871976e-03 3.516520615180262488e-01 -1.118403973728493705e-01 -2.834376527682509472e-01 -1.066557593242970919e-01 2.003186259952680418e-02 8.587376155145932943e-02 4.031489460426609939e-02 -1.120403953431978877e-01 -1.303585713475575135e-02 -1.042267897131586019e-01 0.000000000000000000e+00 1.169751439443809105e-01 -4.346573353969519493e-01 6.534044339550046376e-02 4.864346478199665924e-01 -3.412467211876746287e-01 -7.868315810989369441e-02 5.062330896397466279e-02 -7.583084626374111958e-02
-2.585932060090013335e-02 8.361701452515675481e-02 -2.956019906409544928e-01 -3.468676427535765977e-04 -1.346018503373729858e-01 5.384203937787207517e-02 -1.184446061480791956e-01 -2.957036446200638768e-01 7.317799708315630980e-02 9.468921566480902052e-02 -4.323363737103306237e-01 3.440381889515647384e-01 0.000000000000000000e+00 2.773498009326794689e-01 1.161480479587044708e-02 8.959057478179450751e-01 -4.361699718672948367e-01 -2.865740011615468003e-03 1.394631703628598507e-01 2.591704911294878677e-01
-1.479634443120534694e-02 3.226606461840886200e-03 1.159741058016837967e-01 3.804577215845453275e-01 -1.159719008797589906e-01 -5.105532696388569436e-01 2.445102237735575501e-01 6.617521220517720293e-01 -3.876423988507682883e-01 9.724428998109643785e-02 2.198715606183465898e-01 1.578026948485840020e-01 1.518522618120539125e-01 0.000000000000000000e+00 1.008263679318117112e-01 2.579970657796960554e-01 4.409800693843353436e-02 8.431542931501177784e-02 8.050453584313127520e-02 -7.678431339799605959e-02
-2.474867657653986031e-01 -6.734668376723830507e-02 -2.198432956716287745e-01 1.239273656022616132e-01 -1.030645312218343157e-01 1.612153724987113734e-01 -6.539436499566164684e-02 -3.075541102976818431e-02 -2.208056486159431786e-01 -2.175301626814849787e-01 1.972344646983665850e-01 1.847484635884334148e-01 4.055735969344475417e-02 7.185661758112056943e-03 0.000000000000000000e+00 4.708544501716684927e-01 -1.648269814402643016e-02 5.877952365538375440e-02 1.970498727934003047e-01 8.611778158750554857e-02
2.999947659535819877e-01 -3.066465625296421194e-01 4.301045332460468051e-02 3.156661074060528732e-02 2.647458123050052681e-01 1.065833792768875327e-01 1.004857361117970360e-01 -1.864047982055839214e-01 -1.138378011847480074e-02 -2.238309809178958276e-01 -1.707616797599037506e-01 -4.321068262364624601e-02 -2.545779868279713365e-01 6.305172302151401675e-02 -1.694198755909877008e-01 0.000000000000000000e+00 -2.303247849545500825e-01 -8.480902564469613991e-02 -2.776374957814886982e-02 4.156519415214927210e-02
-9.330201910543073351e-02 -2.822344717143945303e-01 -6.590606056497187726e-03 -2.724442335123595030e-02 -5.973418998356618166e-03 4.243485947878084669e-02 3.107606495181158834e-01 -1.194199989070977574e-01 -2.654636107961526048e-01 1.203441648250614948e-01 1.828576358439184535e-01 6.899100434193841669e-02 6.887232635457188890e-01 -1.112912857951082191e-01 -6.514186457789096496e-02 -1.123500098901016458e-01 0.000000000000000000e+00 -1.759475802999086180e-01 2.781887485321090647e-01 8.273080060225336541e-02
-1.379040908834240631e-01 1.805514510641019477e-01 1.937359053463073508e-02 -7.758236619158910552e-02 -1.417651873094632475e-01 1.971449381144790292e-01 2.352146485829904321e-01 -4.060665649358954216e-02 -2.122556630242820597e-01 -2.946337585534544168e-01 -3.511380492920962437e-01 2.814919190692450335e-01 3.167188076386656670e-02 -2.723222784067267921e-01 1.683515714126604668e-01 5.112749810979828891e-02 -3.187135594902837932e-01 0.000000000000000000e+00 2.820197071697778113e-01 2.853520589142550246e-01
-3.955918047939093185e-01 2.791790168845537656e-01 1.496431309335851667e-01 8.500203442712073176e-02 4.107591039720050463e-01 3.138574787851771686e-01 4.378248957583237566e-02 -1.806243814381215951e-01 -4.119603773377512046e-01 -1.170111124334033831e-01 -5.170677599341896857e-02 4.455803668969364750e-01 -3.511368253537967554e-01 -3.008697021187510257e-01 3.612955426336175724e-03 -3.557263431877365489e-01 -2.737562409750921577e-01 -5.231114495177358048e-02 0.000000000000000000e+00 5.510831886506897120e-02
-7.331093496907914453e-02 -4.146830922112284545e-01 1.698000767152433865e-01 2.423554397177173914e-01 1.840487331588284980e-01 8.981021723027488024e-02 -8.256890797801540172e-02 2.017718830043347955e-01 -9.971427514872972797e-02 -1.594155569344837473e-02 -1.568213576249182992e-02 -4.534621636139556933e-01 -1.908982279601091903e-01 -9.463590011735895091e-02 2.655485157341294644e-01 4.578103224428149431e-01 6.189491220320540721e-02 -1.160454968838934425e-01 -1.169373884348782616e-01 0.000000000000000000e+00
