0.000000000000000000e+00 5.771980397290101331e-03 -1.738809868520401203e-01 2.121209712854161822e-01 1.568985830726112030e-01 -2.350289826793104941e-01 -8.218625726399694797e-02 -2.543437190127047498e-01 -2.956411736796100698e-01 3.962889983982155750e-01 -7.769419233183755269e-02 1.498478958690812879e-01 7.206210267132530378e-02 1.349309027670063214e-02 -2.333225135027952313e-01 -2.258298689374128032e-01 9.877525567807739215e-02 2.524245382533115145e-01 -4.110044475958072874e-01 -2.099150474329031235e-01
-4.513291287706421018e-02 0.000000000000000000e+00 1.203366738466149499e-01 1.815952551407462590e-01 5.391300780111171059e-02 -2.129876060539130367e-01 -3.047017302018701149e-02 2.833653138696433094e-01 3.882566324846804112e-02 -2.735280828928328134e-01 3.164751687693013182e-01 1.023472864842060598e-01 1.629815931862758360e-01 4.401553867585858426e-01 -1.224891222755918052e-01 -1.519225440568182373e-01 -5.604101356127755285e-01 3.286136566190960701e-02 1.355494324307954523e-01 -5.039849029591253818e-03
3.001307991350835123e-03 2.092836405609061479e-01 0.000000000000000000e+00 9.204094979383697916e-02 -1.594851441902286199e-02 -1.016015076653043435e-02 2.327491792431375939e-01 -2.102680589359325058e-02 -9.410356874548803097e-02 -1.234283953861651101e-01 -2.707823491150188402e-02 4.251690041252528113e-02 1.145174028472556726e-01 2.941289531231792639e-02 -7.415184322510491588e-02 -3.650126688995909419e-01 1.384381152496443612e-01 -2.219462446033812486e-01 -3.607814888199564751e-02 2.666297140067462879e-01
5.606639746664719010e-02 -1.819301236942302558e-01 1.573350267529683155e-01 0.000000000000000000e+00 -1.079035797455076134e-01 2.783033639327624487e-01 1.513505232989434957e-01 7.127472685625543258e-01 -2.416216245513694016e-01 2.287341341072342271e-03 9.790169280226858339e-02 2.969023384662060061e-01 -5.615773611821636702e-02 3.562303658022675790e-01 3.819600048362750688e-02 -1.585939938536394533e-01 -2.974520282935215823e-02 -3.881129658169526781e-03 -2.260506263636390470e-02 -1.261230949207907126e-01
-4.003357611215738882e-02 2.260796268915587215e-01 2.059409295740222690e-01 4.322520275761487785e-01 0.000000000000000000e+00 -2.261861461528897055e-01 4.809290162965862425e-01 9.506421273509746417e-02 9.864447581926007180e-02 -1.827849902353542444e-01 9.791573516665053045e-02 2.229880283105526578e-02 1.462524153608327042e-02 2.737910215045725182e-01 -1.720875788902077597e-01 4.295926623426055829e-02 -3.853310988501614798e-01 1.031406932267747434e-01 -2.426953898089010409e-01 4.077197681382620509e-01
-2.980373375878356268e-01 3.661318076235942076e-01 -1.840146825940363606e-01 -3.573480606552167371e-01 5.064956478684679714e-02 0.000000000000000000e+00 -2.118053780689107268e-01 -2.820970159226929841e-01 -5.343902330981027404e-01 -7.452232878505890556e-02 7.681268333740981502e-02 -4.534434633197489961e-01 2.938557914805558363e-02 3.584940456003007925e-01 -3.945125238480849950e-01 1.266741286185057158e-01 1.227127439052107249e-01 -1.375483630398955104e-01 7.234700423839961203e-02 -2.466815579417936666e-01
1.007563202967795696e-01 3.616732686087165694e-01 -7.655512820706576738e-02 -1.394157933950933292e-01 -4.505247977541322890e-01 4.183446105641950852e-01 0.000000000000000000e+00 -1.121289647045365101e-01 2.014561822544457675e-02 -2.100664696805840462e-02 3.042136545188835473e-01 -3.510274636194889442e-01 1.512483435173330448e-01 -5.044315811647539505e-01 1.461529780244153476e-01 -1.667688113642380732e-01 2.922056157487388228e-01 1.228294686976644234e-01 -1.368877474135268835e-01 -1.647629052822059126e-01
-2.672905641115334019e-01 3.761168026673560871e-01 2.382357796445045972e-01 -1.354081384158830337e-01 -2.981917689019158435e-01 1.109218823057652736e-01 2.950226565325099904e-03 0.000000000000000000e+00 2.590057150222337470e-02 1.487198115536981502e-01 -5.938168119026704904e-03 1.393560666598839815e-01 -8.366069202081778244e-04 6.081417641265946666e-02 -1.211141126287120229e-01 1.774976815363148719e-01 3.488553903408538048e-02 -6.811009048631352925e-02 4.245302315655349185e-02 -5.189148336750629142e-02
-4.256539576449992757e-02 1.174794426953586074e-01 1.952218688652291867e-01 -3.646941601667045840e-01 -4.249716920925750152e-02 1.817707299098449830e-02 -2.504043253830635085e-01 9.779611942432715754e-02 0.000000000000000000e+00 -1.201661756680724169e-01 -3.955280806555918072e-01 -3.228505005393011440e-01 2.089611164916619843e-02 4.009276711211842703e-01 -9.325436569776382467e-02 -4.689585444711335538e-01 2.770307389121169361e-01 3.866543036683582624e-02 2.620215745792244255e-01 -1.405549374298123433e-01
1.931381528727917352e-01 7.818781133068793132e-02 -2.791738934113141557e-01 -7.897626957415647408e-02 2.766942383828967580e-02 -1.962463159449535088e-01 2.671164849933179153e-01 -8.952028609539228188e-02 1.982015529957256716e-01 0.000000000000000000e+00 1.457904780672587830e-01 1.272010116561926030e-01 -4.256389171688307882e-01 -5.447572083725753245e-02 1.645670534224854542e-01 -7.489313633350760946e-02 3.404168575586887791e-01 2.926605343947820126e-01 -1.719013000089015530e-01 4.229543945605146460e-02
1.281154596859933603e-01 -1.460012912977011468e-01 3.780266779557547308e-01 1.834982695083922088e-01 2.450048905237916727e-02 -1.701626159162495378e-01 -1.865501104266808763e-01 -1.614958372935459685e-01 1.811887512578364279e-01 -1.886187383440929566e-01 0.000000000000000000e+00 5.265375237685506749e-01 -2.961779418921569595e-01 -1.390655808409691774e-01 2.544949894154631687e-01 6.765046529571923373e-02 -1.904091575204517051e-01 -1.038647341329584570e-02 -5.427504806643508595e-03 1.689072054664648159e-01
-1.924391140371588815e-01 -5.783187593416091316e-02 -2.819816673986215785e-02 8.213410136128397598e-02 -4.736089799267247796e-02 -3.276961501843922431e-01 -2.919993963921932445e-01 2.752795061738475546e-01 -1.056946822892855103e-01 2.617212064708254737e-02 8.711013611529842479e-03 0.000000000000000000e+00 3.076770429458575706e-01 1.185643315074730655e-02 1.815575748144277746e-01 1.186007902845271772e-01 6.230122330357500821e-02 -2.437077775616641184e-01 -9.629077667091122394e-02 2.120743339339181410e-01
-6.652471257308033292e-02 -7.468144818518844541e-02 -5.901826705937495560e-02 -2.663250630721180068e-01 -1.814752383222032750e-01 4.721037137574313203e-02 -1.950422910765141904e-01 -2.823060453075736942e-01 1.631121259007657087e-01 1.852717389181776086e-01 -1.247365654495756308e-02 -2.218320233970189626e-01 0.000000000000000000e+00 9.590593211453019018e-02 -3.509372501223561591e-01 -2.118313932347762885e-01 -3.240860763638479525e-01 -4.624883492737228985e-01 2.817665166101169794e-01 3.164314575434954424e-01
-4.792732295825304356e-01 1.145327377151426629e-01 -4.536612676513943759e-02 4.782634112515166819e-02 1.706074262005036757e-01 1.758956886009384879e-01 -1.376902250876567251e-02 -1.403118600936642812e-01 1.257614506781306873e-01 3.800807713333166915e-01 -3.026217295166913068e-01 -1.850379798273598386e-01 -5.784817767373510999e-02 0.000000000000000000e+00 -1.075226171259956592e-01 1.835833099740921126e-01 6.792217566992107824e-02 -5.599042513912108610e-02 -2.325252724342085839e-02 -1.857709313535711726e-01
1.495873954376655823e-01 -1.339586737156013840e-01 -2.646811240591633307e-01 -1.421702964100875488e-01 -2.311892760115095632e-02 3.096808827668673381e-01 -3.168854640838511538e-02 -1.173758710617535117e-01 4.535225141326538756e-01 -2.856258432927259033e-02 2.704504046366808523e-01 8.428617678271384250e-02 1.257129071684760513e-01 -2.721571380289194986e-01 0.000000000000000000e+00 -1.310589277778068940e-01 -2.743395253379034560e-01 5.671449336426267335e-02 -6.665866964675144779e-02 -5.007976849429262960e-03
1.906928254263234035e-01 -5.264502922301156351e-01 3.061893068974638060e-02 -3.838758193331998636e-01 -4.153643379053638118e-01 -4.439734124882489807e-02 -1.493086124477468468e-01 -5.506183338225232315e-01 -7.011997178762177652e-02 -9.073192827911082461e-03 2.251690727209124943e-01 1.785163559359821128e-01 -5.882139120455602554e-02 -3.895172740772278597e-01 -9.148872360229926004e-02 0.000000000000000000e+00 1.044565034467509201e-01 1.652785706217507478e-01 -5.630685801942069899e-03 5.099668276134133177e-02
-1.516124027608689029e-01 -1.103505405255270216e-01 8.690112390635747197e-02 1.716025336971229720e-01 -2.953410423496714010e-01 -1.301884800630912498e-01 -7.626942126768687658e-02 1.175812424526729988e-01 -2.116986173308183297e-02 5.227558894392292377e-01 1.838892390294215307e-02 -1.734393975054835391e-01 -5.901075957534319960e-02 -1.309459685298694498e-01 -4.507851335885970645e-02 5.396465611934270906e-02 0.000000000000000000e+00 2.933933061459885194e-01 1.115914977029480309e-01 -2.444402218328892429e-01
9.245767940080795722e-02 -1.882721061911233063e-01 -3.722733131929396172e-02 8.904578807636914783e-02 -2.233489213147456243e-02 4.484708493190731615e-01 -8.059386647995698746e-03 -8.972212556464077837e-02 -6.764209167060052097e-02 1.930797042751096482e-01 -3.751559620693098451e-01 -1.216450963622988102e-01 -2.678278103698061852e-01 -8.628670663302513699e-02 -4.129996854922882710e-01 -9.429375032304566917e-02 1.680324292340592829e-01 0.000000000000000000e+00 2.046278646381005373e-01 -1.884126842657593559e-01
-7.394204444124677367e-02 -2.931167401494990110e-01 8.443464233505465488e-02 7.201939785582631148e-02 -8.909382220712801746e-04 1.694749171079825700e-01 -1.374382929012288590e-01 3.691979018871694440e-01 6.601866835767766263e-03 -2.080125177467047892e-01 -9.401059369473138694e-02 -4.156127667554333771e-02 -2.930638726727086141e-01 -2.643229547000254809e-01 3.312665920232559791e-01 8.557424433098338723e-02 1.954964344176333413e-01 5.015030378524223398e-01 0.000000000000000000e+00 -1.877264491083368847e-01
1.755503531655150939e-01 -1.675138273561916635e-01 2.490102796410654240e-01 1.355860676682014154e-01 2.496247399693592717e-01 -1.919795061195989638e-01 -3.946967958298201462e-01 6.748660051408642002e-02 1.632486730828394961e-01 9.325905827373007564e-03 -8.884193838232162799e-02 -8.421310221529357265e-02 -9.815337318705019687e-02 1.223590631501018655e-01 -3.166359286156451014e-01 -6.982494134426546484e-02 1.270203789170209485e-01 -1.159037110699440848e-02 -1.205361410831508051e-01 0.000000000000000000e+00
