0.000000000000000000e+00 9.760656985930797613e-02 2.157748982656268466e-02 -4.166896360297852597e-01 -6.202588769786743228e-02 -7.932651932738929434e-02 -1.850155771538201238e-02 -1.402016135316499490e-01 -9.798040447974788389e-03 -1.067091955972406386e-01 -2.937890901759952489e-01 1.978075777214755582e-01 1.970687052173065446e-01 3.822721582830567733e-01 1.118786250693599819e-02 -9.048862080064577762e-02 -1.219461915082994674e-01 -3.458028403304911902e-01 2.196640361883301640e-01 -2.462062068753853861e-01
-2.649844590917147524e-01 0.000000000000000000e+00 3.323128746596278327e-01 5.293136648993816001e-02 -2.289253167229716723e-01 -1.594301262945652942e-01 1.398090246929642178e-01 -3.589187913830741566e-02 -1.719170342886640335e-01 -5.143643319268469821e-02 1.665996458744601894e-01 4.418718042140756808e-01 -2.781944335938807411e-01 -1.400710795672641951e-01 -1.797275625482749883e-01 -5.409234418453401361e-01 -2.065661757583743818e-01 -2.289455801758902564e-01 2.513291121440368037e-01 -2.949691917425468698e-02
-3.629776603773665622e-01 1.446010270656525598e-01 0.000000000000000000e+00 -3.897781852997406760e-01 -1.334149157556761556e-01 -1.316137044157232594e-01 -1.954060222130213909e-01 6.644211101811061879e-03 -5.027257199243213570e-01 -5.987337315778928915e-02 2.265547049735409380e-01 1.906913943438532377e-01 2.477982581670186979e-01 2.503033598671077775e-01 3.326247562598260710e-01 -2.500596349603754764e-01 1.891340995820109394e-01 -4.161075485332128565e-01 -1.348092075182170946e-01 -4.280889630078328345e-01
2.343729087829919677e-01 2.982328428435740975e-01 -4.414326423541577171e-02 0.000000000000000000e+00 -1.508736579346181550e-01 3.367895495141234874e-02 3.419969882433863961e-02 -2.379612973856078673e-01 9.792783933379396732e-02 4.335687644363389048e-01 -2.291815107861994438e-01 2.010981899679073481e-01 -3.454878238362992654e-02 3.957006945004446496e-01 1.081783631957083103e-01 1.512065837593986328e-01 1.438156816043797970e-01 5.569748085305191443e-02 -3.121022072417756199e-01 3.111852863482408305e-01
-3.064909086718821118e-01 5.334435151489566596e-02 1.373118111643257255e-01 -1.873628800943670791e-01 0.000000000000000000e+00 2.611464181888342728e-01 -5.389923364087959023e-03 -1.987098395028629449e-01 -6.519787817570913413e-01 -2.173101427039913769e-01 -1.321692239309238404e-01 -1.154744339136538067e-01 -2.146616717128195795e-01 8.436577910638137778e-02 -1.285087095463221807e-01 -2.447473309889986251e-02 1.518450258799368124e-01 -1.912815659603447072e-01 -6.712811898840828628e-02 4.825768634435715909e-01
1.954962307514648279e-01 -2.892435840363233868e-01 -1.783061583725470411e-02 1.262227991220919998e-01 2.758125103674922141e-01 0.000000000000000000e+00 -1.186417742425619759e-01 -1.633507234673054198e-01 1.442402448124969205e-01 7.000242773794114470e-02 -1.155259880282862028e-01 -4.227770987694191851e-02 -9.306470539314969093e-02 1.620383784239220470e-01 -1.542798976275600864e-01 1.087655831940513712e-01 1.904054257413085038e-01 1.087286547191647218e-01 -1.865417015641384624e-01 3.007494562231761148e-01
-1.516529654209082811e-01 9.535378144381913279e-02 -1.684507808299721132e-01 -3.899949080687681868e-01 5.047929412643299696e-02 6.418301401904751013e-02 0.000000000000000000e+00 6.173079262812105478e-02 -1.449890823604316481e-01 -1.649021507573617262e-01 -3.758608868632444533e-02 4.269272733383941976e-01 1.821980703293269721e-01 -1.162736909901506688e-01 1.249320705965603628e-01 -1.069655898784622888e-01 -1.022466203486315367e-01 1.921417454458305696e-01 -1.174527452745302153e-01 -3.746832947489748267e-01
-2.026983771727515482e-01 1.977024113123463170e-02 2.862341896672344899e-02 2.776338936589096695e-01 -1.601082356892449265e-01 1.635607108505658658e-01 9.524906088187656827e-02 0.000000000000000000e+00 1.869003783857576262e-01 1.100411319927868947e-01 -1.928180394365839045e-01 2.396358117388438791e-01 -2.730019686747757190e-01 1.333041608980672227e-02 5.465312355950885251e-04 9.495143375172654387e-02 -1.622118575325334766e-01 -7.813578545845859674e-03 -3.144359394054500878e-02 2.229557368395669037e-01
-1.779719358338391899e-01 1.626639482418004018e-02 -5.841514822016253411e-02 -2.902520519794001830e-01 5.983969393108355961e-01 -1.592505860224182820e-02 -3.324268505877524538e-01 3.149785634925073019e-01 0.000000000000000000e+00 8.292904682731069843e-02 1.929351217505299587e-01 -1.449938081714957916e-01 -9.634994546708545993e-02 -1.208081036057421925e-01 -2.892600114413700768e-02 -3.627933468023940566e-01 -2.762967486989645338e-01 -3.148080550351625706e-02 2.323167559771901480e-01 1.412622925121126694e-01
3.867094933187154582e-01 1.551948060285410769e-01 -1.142919172619299428e-01 -2.746862055383350598e-02 -4.540098007325649165e-01 -2.148358457528208310e-01 -2.281592708878371900e-01 6.050652924988954989e-02 1.448591464858359490e-01 0.000000000000000000e+00 -1.315929626471931124e-01 -3.458203950803689919e-01 -2.856846463780447418e-02 5.549205785423098891e-02 9.967965266234501964e-02 -1.750190627752365724e-01 4.446398096613183304e-01 2.672231676309554937e-01 -2.129577447084413794e-02 -1.178827711497893310e-01
-7.190852342775291839e-02 3.379377844808966608e-02 -4.165283825089077449e-03 1.081203237723018656e-01 1.719458364927456129e-01 3.055011871970352288e-01 2.565362065592030616e-01 -2.464798845810893188e-02 8.681543186334797491e-02 -8.656426930518018592e-02 0.000000000000000000e+00 4.272738732864719835e-01 -1.028247251079249108e-01 4.451425073731758442e-01 -7.804668652622905045e-02 5.653340903889705199e-02 2.435993805081897445e-01 5.349126692396604515e-03 8.790548525667611635e-02 -5.397528211088988698e-02
-1.063305907061343758e-01 -3.706886928294502587e-02 -1.452812318956178683e-01 3.647883182385824874e-01 -3.749854755175478782e-02 3.852005429130253567e-01 -6.004085530534543080e-01 4.119014918152926787e-03 1.256562139605478245e-01 -6.570042610380293080e-02 2.447718696867872690e-01 0.000000000000000000e+00 -6.140245356693958129e-02 9.727102721137760588e-02 6.287551190974778326e-01 5.634782332623659157e-02 6.697075719984264819e-02 -9.838504814149964806e-02 2.985084585220731598e-02 -2.882875670115562228e-01
-4.433904931742683325e-02 5.495332993048691606e-01 2.386366518091252720e-01 1.434260188080772047e-01 2.468443883891494606e-01 4.207732077115849401e-01 1.327303375308894196e-01 4.630625156779877849e-01 2.392141851727523916e-01 3.723489439808013585e-02 3.844866463342567209e-01 -5.275364527715928897e-01 0.000000000000000000e+00 5.943179040674537172e-02 -2.039497283427223473e-01 -3.489571971868062061e-02 -1.428379867708420015e-01 -1.463316898615458772e-01 6.064051633980926947e-01 1.403074270074237406e-01
-1.206310580298369448e-02 2.940803315258343487e-01 -5.307027288957141126e-02 1.979679696859471538e-01 7.844480679760125474e-02 3.637129151094575796e-01 -3.174928760251244375e-01 1.712204368849210290e-01 2.733587408683079908e-02 -2.587987904013416829e-01 2.382351950619010228e-01 -1.950691280648940151e-01 3.620727323342600723e-01 0.000000000000000000e+00 1.555149463441631852e-01 1.799081894128989542e-02 2.022587183977543057e-01 -4.171722843978283302e-01 1.670964270806571741e-02 -1.404811510933055840e-01
6.320476618349357700e-02 -1.054460488850593632e-02 1.378710060516806779e-01 -1.873000855051639990e-01 4.112468640697868327e-01 5.178417249729317939e-01 -4.657358814190399460e-02 -3.348106132794214426e-03 6.429984536692895380e-02 2.826581667233282191e-01 4.241599483761254730e-01 -2.696257007706797659e-01 -1.375424563573158232e-01 -2.375053294702284823e-01 0.000000000000000000e+00 -3.665577844261080909e-01 8.112532576554229435e-02 -2.591684324188475164e-01 3.361395914238540783e-01 2.031062394972639740e-01
-2.302500495679527526e-01 -2.303616500197956940e-01 -1.369333186303302308e-01 3.130418015259101017e-01 -1.899779810502409405e-01 -3.339678584948518325e-01 -1.105151671430871889e-02 8.349252969018830517e-02 -1.469672415365718410e-01 3.621157368505933949e-01 5.376777066577582281e-02 1.013023287604675471e-01 -1.913029321093942803e-01 -8.883861983371389368e-03 -3.499867083716549920e-02 0.000000000000000000e+00 6.432211176166897915e-02 -4.013310537475578421e-01 -6.436666036500439565e-03 -3.295836355713782084e-01
4.516076126526309964e-01 7.295446208067862814e-02 1.926054177581134896e-01 2.054964652892203314e-01 -2.961646762581452430e-01 -5.102242726788371874e-01 -7.369591536588127045e-02 2.006087820705467484e-01 2.035593561854115788e-02 1.756279896184785028e-01 2.094374103191360692e-01 -3.337101367305749244e-01 6.432803622547136890e-02 4.397170944047298358e-01 -1.275748995209161352e-01 -4.537143204400358454e-01 0.000000000000000000e+00 -1.039030847506836192e-01 9.355284070712260869e-02 -1.995481227858843798e-01
2.028488711914731499e-02 -4.958296512783140764e-01 1.909520149318601201e-01 3.548341461516302808e-01 2.902142571062734655e-01 -3.388125212816653353e-01 7.137443474158287893e-02 -6.672360220950045440e-01 6.332229713721136688e-02 -1.439137193878674455e-02 -2.226663622210051929e-01 7.687479136540066593e-02 3.086101504891523850e-02 2.100792247036036564e-01 2.846705143148305084e-02 5.255363773135674627e-02 -4.349313799369782241e-01 0.000000000000000000e+00 -1.064143379580180654e-01 6.637645495511373950e-02
-1.408449792384595207e-03 3.356092864804626208e-01 -1.945735100170360443e-01 -5.358336058580162597e-02 5.703777732821747881e-02 -5.176439445404289880e-02 1.108151451931735920e-01 -1.275817259909142465e-01 3.175981945654938188e-01 -7.146252800646844816e-02 2.495329291888508660e-01 -6.776038900882908056e-03 3.335145356349081269e-01 -3.126282440663916140e-01 1.155594461580645993e-01 -9.672701825316458446e-02 5.174278316892230722e-02 2.667193434093584337e-01 0.000000000000000000e+00 -2.956148355125531868e-01
-2.232416207078124770e-01 5.688279087708041776e-02 -4.219095627563456130e-01 2.159901562662603844e-02 -2.876096211228658661e-01 -2.557439751040024856e-01 -8.255065340101722104e-02 8.510420711937805027e-02 -1.400705411886200291e-01 -1.100243592980112706e-01 -9.356653867833089611e-03 -6.098551986802280833e-02 -5.984883715461121190e-01 -9.617341945881276166e-02 1.899854089317325884e-02 2.454709558445734852e-01 4.575739192537479627e-01 1.491430171853442010e-01 1.768555193914412085e-02 0.000000000000000000e+00
