0.000000000000000000e+00 -1.258164505563086517e-02 -4.776679683184307246e-01 3.667757029102087785e-01 -4.010243881762829421e-01 -1.882204329488643968e-01 1.124477033386812735e-01 -2.784548813224415054e-01 -2.365653078322924874e-01 -2.032602819041387510e-01 1.233088730073001876e-01 5.125532935223954256e-01 9.288490648850894829e-03 -2.499757289050533460e-01 1.205371048655517752e-01 -1.333053614213128291e-01 -4.277709066461794600e-03 2.627382600447802363e-01 -1.672290281018374847e-01 2.018107469035111852e-03
-1.963508940864532593e-01 0.000000000000000000e+00 5.737089716927439714e-02 -2.210977167776453922e-01 -7.576289483114075074e-02 -5.281235481863240377e-02 -1.425839954108374663e-01 -2.655581803271443442e-01 -3.177938331045797593e-01 -3.432256917532901241e-02 -6.016296528624626855e-02 4.989487822685869656e-01 -5.444305810513475619e-01 2.520641276359844585e-02 8.283391658724048590e-02 3.040233741446538573e-01 1.122186829361184884e-01 -1.887719229300445500e-01 2.182731404929838751e-06 1.212737219097088232e-01
-7.010256399806573391e-02 1.724034657773466372e-01 0.000000000000000000e+00 3.871046594737593827e-01 3.281827800723806088e-01 -7.505973474455318595e-02 1.366999540544546754e-01 1.072655043381678421e-02 -1.854002868780979807e-01 1.961260106823824526e-02 2.236886124699196676e-01 -8.521487748808517781e-02 -8.400223670727581526e-02 -1.665216881672104340e-02 9.693272620478990409e-02 2.858542859911754053e-01 -1.419186070293388391e-01 1.136808558145633447e-01 4.832500810313633544e-02 -4.155983639195227064e-01
-9.376201581794896267e-02 -2.958964122922238052e-02 -8.848174584086279659e-03 0.000000000000000000e+00 -4.562301033017022722e-01 1.034304940796489103e-02 -1.515328657596916040e-01 -3.218683513253687289e-01 1.172362457863600355e-01 1.644135114549020171e-01 -1.460712005102933198e-01 1.883789513665219684e-01 -8.530967877632916752e-02 1.486739442073851600e-02 -2.456854975009720443e-01 3.543020767569274865e-01 -5.946709767198341545e-01 -2.044942815041649042e-02 1.554334689377878664e-01 -4.546969427101875127e-01
-4.236661555437856719e-02 -1.726661848610199987e-02 1.844091981405469594e-01 2.791088940848515665e-01 0.000000000000000000e+00 -3.095877854491557168e-01 3.057231349146792843e-01 2.723275064334230167e-01 -1.033075364439415555e-01 7.846105253027338411e-02 8.538788578191444656e-02 1.266230381054033460e-01 4.566229223997980008e-02 3.145468420048295743e-01 -3.886195593945737659e-01 2.327353112391742362e-01 8.507611889340162270e-02 -4.855292212262356938e-02 2.624096204371907937e-01 -5.240456047361338188e-01
2.597241010623260737e-01 8.632967590620371778e-02 -2.533763027508605936e-01 9.684243927614040459e-02 -6.799579481955712879e-02 0.000000000000000000e+00 4.103928729655531016e-01 9.854125117158944736e-02 -1.608300482507904750e-01 -1.304554692544141192e-01 -7.268330651227186689e-02 -1.252722439288743994e-01 -2.017483540637544370e-01 -1.321454180767411279e-01 -6.175561186640260436e-02 -1.155787522860841632e-01 -1.562094616455939888e-01 -2.077065486985863740e-01 5.702953267841562868e-01 -3.294115524714686383e-01
-2.283952770666969889e-01 9.668661805690718924e-02 -7.235470328552531805e-02 9.477008573320989948e-02 1.787020795156238628e-01 2.823289980514330777e-01 0.000000000000000000e+00 -2.222117111640189990e-01 2.480119773911820258e-01 -3.946476015119091962e-01 -2.558537982330445770e-02 -1.113951362245214627e-01 -2.372018755701114923e-01 1.323006560357878614e-01 -4.097741562948494648e-02 2.280464502044265707e-01 -3.314893582708198783e-01 1.892410920325340029e-01 1.113428020474542118e-01 2.828719354228982283e-02
-3.172556839562065134e-01 -5.629840436500051226e-02 -3.458469569860296855e-01 -4.656951301797230824e-01 7.333733665777403266e-01 2.170911908335229901e-01 4.008359473942809670e-01 0.000000000000000000e+00 1.556746008209171361e-01 1.559470193425716300e-01 1.345030248900955794e-01 8.182870000582793436e-04 -5.103770558201997654e-02 -4.627793706387097195e-01 1.364323653274791270e-01 9.469678576507242762e-02 2.499670727141270199e-01 -6.132239529903819875e-02 3.894810457461591047e-01 -1.000642379157473255e-01
-2.807220601024810192e-01 2.097797742989753189e-01 -1.047254073379967065e-01 -2.805639899453756247e-01 2.791141585181442994e-02 1.691590216989777018e-01 5.398754225523428457e-02 1.112277564747657654e-01 0.000000000000000000e+00 1.836082099413699209e-01 3.425120192521294293e-01 -4.440486143031024957e-01 8.162844781870567945e-02 1.730900046854169649e-01 -8.150000252232778020e-02 -1.958749658954581363e-01 8.866460292724842596e-02 -7.035059730333279027e-02 -1.327677845345519858e-01 2.570361409592008539e-01
2.986416740858781615e-01 6.766997676798656991e-02 -1.015684360419120968e-01 1.150167889888081413e-01 1.854725435361841146e-01 1.410113586936288799e-01 -3.249821481907352871e-01 -7.558307277719146511e-02 8.030465428769334446e-02 0.000000000000000000e+00 2.148373740223911421e-01 1.695767648385012039e-01 -2.536413236190904197e-01 -1.581841193295862591e-01 -2.731198642854951730e-01 4.034932434382790256e-01 4.034085920618290383e-02 1.236912919741198075e-01 2.309923214147273085e-01 -7.356718087537149342e-02
-2.573720825402001089e-01 -9.537332387635556741e-02 -3.312671901481038100e-02 3.357315006441299321e-01 1.944480682821787543e-01 -2.430808423047021993e-01 1.485244232463618086e-01 1.643252072691115118e-01 -2.373285952418988931e-01 -2.426509949852244385e-02 0.000000000000000000e+00 7.389937768538865082e-02 -7.059114782721388759e-02 -3.018696471327807496e-01 -1.561157810514189614e-01 5.365471906207041480e-02 -1.236432534983776393e-01 6.697623153547140051e-02 1.235793592067240682e-01 -1.879287707145691766e-01
-6.982584447361084301e-02 4.795645997106630087e-01 2.708003128637891457e-02 -1.893566654643380753e-01 1.351981460566258064e-02 -2.993175729311317035e-01 2.532897227033105159e-01 8.280268007801988572e-02 2.427936929798009125e-01 2.017334456104823148e-01 8.727293931536989069e-02 0.000000000000000000e+00 4.283716965125137360e-02 -1.480744365684900365e-01 -2.288649081998059553e-01 -1.002149370801967837e-01 -5.602374698097992711e-01 4.083047732690945897e-01 -3.832771249227807098e-01 -1.713712748640624367e-02
-2.946169980098830576e-01 -4.529364966130098868e-01 -1.839062494090433833e-02 -6.812551941965407087e-02 -3.571540125984418168e-02 1.227481823778030640e-01 -1.382729620275457427e-01 8.470101748215082271e-02 1.147665119025616104e-01 -7.487342263899265937e-02 -6.339689115362269478e-02 1.203953252335034779e-01 0.000000000000000000e+00 3.557326705874586797e-02 -5.309325807530099750e-01 1.308545533264694229e-02 8.419822537217039327e-02 -3.029419625575646355e-02 7.511140056773861484e-02 4.258313987640011677e-01
1.908806759938009787e-02 1.487732673194836208e-01 -1.900647724639994429e-01 -1.905894197459607198e-01 -1.073279337574825770e-01 -2.280004699624623432e-01 -1.699666219851398439e-03 -2.088108838401763478e-01 -3.913048384388314455e-02 -3.213550407885385485e-01 -3.694432163661124924e-01 -1.510825690004976574e-01 -2.386034625334693127e-01 0.000000000000000000e+00 -1.368685470045974406e-01 -7.854467409473153694e-02 2.337759849339382801e-01 3.061212892847076095e-01 1.621939195623418317e-01 -8.038093268232580912e-02
3.347285960412236250e-01 -3.423668517681690560e-01 -4.524379310843299473e-01 5.992048971119810774e-02 -4.933761924645980925e-04 -3.114661185845791005e-02 7.281860310191408392e-03 -3.668404183845962452e-01 -2.586457974796185222e-01 2.759385434123482472e-01 2.299091327951903463e-01 -1.614172139160673369e-01 4.322670387933811309e-01 -2.394373374181720804e-01 0.000000000000000000e+00 6.538979813505313432e-02 -2.672100998157145302e-01 -1.091045865111474750e-01 -3.869988903892594007e-02 -8.840214276688856954e-02
1.947259147241848787e-01 1.325556295126498196e-01 -2.458103510693756544e-01 -1.523948849770802028e-01 4.026413479981736515e-02 -1.496623641812417325e-02 -1.761461521398167418e-01 9.497780849002189496e-02 1.833318854311218049e-01 -1.411224276130387811e-01 1.764391012532148528e-01 -3.626172860796856856e-01 -3.601185819743519811e-01 1.117899296892226335e-01 -1.866032731971263570e-01 0.000000000000000000e+00 -5.889536447478439796e-02 -1.514624104810198546e-01 7.313441302094036978e-02 -3.254282650667729149e-01
-8.307420170007846771e-02 7.068134782468125099e-01 2.458579388621664336e-02 -4.278767992636451911e-01 1.341239254561701899e-01 1.228461010549088683e-01 3.094228459942989784e-01 3.317189926563847424e-02 -1.461363094974620080e-01 3.150248557151941742e-01 1.592217308666145081e-01 -4.026523475371604488e-01 1.671682053725350170e-01 -5.207735261009052014e-02 2.483478345671692178e-01 -8.348109643650193645e-02 0.000000000000000000e+00 4.341744025942665536e-02 1.310792211192562395e-01 -4.558737027949223870e-03
-9.266457945358563819e-02 1.505173658165946324e-02 1.412745341693051881e-01 9.337657323664777520e-02 3.611643932036474602e-01 9.516844196508129905e-02 1.420716552740671768e-01 4.700727546313530070e-01 1.478631631504344866e-02 1.197544877822526305e-01 -1.348663811268341062e-01 9.382011105920700159e-03 3.671432742639196833e-01 6.969772605275147137e-02 3.244914542813027714e-01 -2.381251130990747200e-01 -3.132385662930260439e-01 0.000000000000000000e+00 -3.062605176604916157e-01 5.971055602221613245e-01
2.791619732902539397e-01 -2.785529254006025579e-01 -3.738007431627728833e-02 -1.289341236686729619e-01 9.302529110338768337e-02 -1.293504115795727875e-02 2.083763479619884507e-01 3.283290462308378621e-01 -4.948886727915069450e-02 -2.623255717732074777e-01 1.258166307534384354e-01 -3.678668514304391651e-02 2.559974445143442523e-01 -3.401454882666479773e-02 1.855464713583794278e-01 7.514663128122409108e-02 -4.227153498193906428e-02 -1.004729295436561920e-01 0.000000000000000000e+00 5.656659143793147937e-01
1.872965854335481295e-01 -2.944508051116627098e-02 1.582225748861442460e-01 2.550322241430370493e-02 -2.864168689931500533e-01 6.928373388075596828e-02 3.462083240630871028e-01 -7.062129737341553415e-02 -2.517597389763415183e-01 1.092311751820313759e-01 4.094121188193618477e-01 2.102297430574910087e-01 2.277920566690830317e-01 5.148274363100320272e-01 3.624874095924612849e-01 1.593608245927230493e-01 -4.666755018464867344e-02 3.077231834848675671e-02 -2.311024739423084284e-02 0.000000000000000000e+00
