0.000000000000000000e+00 2.344473729438530107e-02 5.601972262124475799e-02 -2.068810015142224512e-01 1.268171777407333667e-01 -2.325913672011869493e-01 -3.436298739669060159e-02 1.766162340086759042e-01 -2.741901987731429347e-01 -2.119808067672100949e-01 -1.273784937806342332e-01 -2.184974304292733316e-01 -1.723184891823404397e-01 -7.538073929930242355e-03 -2.309543483380587792e-01 2.554545273620288381e-01 -1.363505076373578151e-01 3.285714928308364757e-01 3.337731347522223668e-01 1.581180078165322356e-01
-4.155710549394033282e-01 0.000000000000000000e+00 -7.381403231973836243e-02 -3.388291324592226372e-01 2.683416152588016246e-01 -4.075500301781438406e-01 6.023621465765051364e-02 -9.982352507600129876e-02 2.491680958058573314e-01 -3.087568473033217020e-01 2.270558247273875840e-01 5.010609819166914058e-02 -1.441260106482524783e-01 1.479229761850466562e-01 2.891157286246879288e-01 -2.001978594384100918e-01 -1.270781252712097353e-01 -4.721722190851205814e-01 -1.829791685581007854e-01 -2.151955177602682123e-01
2.783942041385181060e-02 2.426328175282014069e-02 0.000000000000000000e+00 -1.595569500572303623e-01 2.088892128123583936e-01 1.311577575163361264e-02 3.599430553152889178e-01 1.922809933515849390e-01 -2.202980962089099159e-01 -2.142976712742186429e-01 1.004237472629162381e-01 -2.107410350500258656e-01 3.553323265125156449e-02 8.677634598040986913e-02 9.779169680990959512e-02 9.351897066248961166e-02 -1.637215416334536766e-01 -3.193737803610526282e-01 -4.492746585128090664e-01 -5.219867758973908978e-02
4.033760125343054392e-01 -4.357360061570268450e-01 3.058607845159246330e-01 0.000000000000000000e+00 -2.759197708011288386e-01 -1.134960494592765767e-01 3.146531125879593049e-01 -2.104356983284897398e-01 1.953215961259983369e-01 2.538161194500814233e-01 2.607220381311556867e-01 1.100469503361315403e-02 1.142511649526327805e-01 1.411628350973828661e-01 1.984962162975838218e-01 1.289129786037474142e-02 -7.368837650077168788e-02 -6.332720461770724452e-01 -2.644270374909270527e-01 -1.226394292116598193e-02
2.791399551736391538e-01 5.613297406268726863e-01 -3.831199698199216214e-02 -1.024242424894111353e-01 0.000000000000000000e+00 2.951750428101723722e-01 -3.151356066297800185e-01 -2.455867242541172890e-01 -1.088408460095821595e-01 -2.238238215713123092e-01 3.966509075446130739e-01 1.242768682115735768e-01 -1.226957268805583534e-01 2.414988643618242725e-01 -1.682492644064350062e-01 2.591144320514331967e-01 1.678999335867414067e-01 -2.823511417695754866e-01 -1.768060145009786310e-01 -3.818954746301284064e-02
-3.621055741525726068e-01 1.437556171266499150e-01 -1.417950115501335762e-01 -1.255513868955515366e-01 -2.293234116743483875e-01 0.000000000000000000e+00 8.858766805596181293e-02 1.155360897644137491e-01 1.680382596550597518e-01 2.568971558531639166e-01 5.335702589392583156e-02 -1.679683517333738774e-01 6.946658411055821325e-02 -2.417657323788734436e-01 8.161111379759986018e-03 -6.584076864562200815e-02 -6.056863688992028538e-02 -2.881362431500758547e-02 -2.276812363322452959e-01 -4.288708497939830999e-01
-8.562911172449749753e-02 3.659002241043387005e-01 -3.362094290673253161e-01 -2.551175172754764197e-03 1.699899723380427219e-01 1.105999564651442280e-01 0.000000000000000000e+00 -7.482430821498267659e-02 5.278352390713688669e-01 1.364583345438045159e-01 2.476277596064979936e-01 2.077650311389599991e-01 -2.008511567844666612e-01 6.639252691924886485e-02 2.901119568944933169e-01 6.329133327679045684e-02 -4.289209048876859581e-02 -1.762924176369070617e-01 9.654579201110249920e-02 1.321442173589987626e-02
3.288938744853552865e-01 -3.475337206313424687e-01 6.096121943733035647e-02 -1.264906546307048296e-01 1.575806748768544541e-01 1.027626186142489434e-01 1.957640913047541675e-01 0.000000000000000000e+00 -5.573588348315012229e-03 -2.621181612558944884e-01 9.280133744567192755e-02 -3.254773423274190391e-02 1.389035688775156485e-01 -1.503741644159465041e-01 1.498464132871174248e-01 -1.108070649641974825e-01 1.497495174101651505e-01 -2.101513420555499098e-02 -8.488595317422312214e-03 2.874610099842632525e-03
-2.064302135015994022e-01 -1.502099790674780166e-01 1.213474553234186043e-01 7.351410722515905327e-02 -5.537324705496173699e-02 -8.441218262063356070e-02 5.818675840474099581e-02 -3.317965304710827068e-01 0.000000000000000000e+00 2.398035251324914796e-01 5.289071991039735465e-01 1.679076690162845387e-01 -1.942350398237620637e-02 2.716857375271664043e-01 -1.706438074994980347e-01 7.384319288704738193e-02 3.313893639900516996e-01 2.834851254949488641e-02 1.364144237241978475e-01 1.030206122734275281e-01
-2.760660910326138695e-01 3.288801297928768408e-01 -6.889254108626802209e-02 8.906263806049193044e-02 1.636572793187637542e-01 -2.161003610946397036e-01 1.433906698676343794e-01 1.409973081476543523e-02 -1.676927698545850609e-01 0.000000000000000000e+00 -2.696230308974003065e-01 -2.662679272774289285e-01 -5.494640024636555931e-02 -4.324418437596367348e-01 6.628426262920702472e-01 2.068028372022850392e-01 2.175980611879662074e-01 -1.629582363140541501e-01 6.641536898788603926e-02 1.234267473256741715e-01
-3.245487270476388741e-01 1.460407097530333764e-01 -5.575924026296166097e-02 -1.120621983832238884e-02 -8.600124787882114374e-02 3.365257891815367358e-02 2.521613060458722799e-01 1.992089157500229191e-01 1.683068202269557834e-01 -1.457533335629631610e-01 0.000000000000000000e+00 -1.762258492164655299e-01 7.358335822724225428e-02 -6.398112505001556094e-02 -4.610830469935033038e-02 -2.557369658258207279e-01 -5.237642779131952420e-01 1.151635639335179123e-01 -1.091782025592273886e-01 -2.739286014656947682e-02
6.639092412424248699e-04 -3.344660995047417096e-01 2.002545467026511650e-01 2.421233375142614330e-01 -2.484967700372530397e-01 1.821301858207876601e-01 -1.656324244396139012e-01 5.385865443299155952e-01 1.144618453147592529e-01 -4.757211832106913313e-02 -3.902261547191780422e-01 0.000000000000000000e+00 2.209099777008162180e-01 -9.541018116203738020e-02 -1.070183943505644553e-01 1.244683249738449127e-01 2.425997531400378993e-01 1.453597244951540801e-01 -1.020531476108249430e-01 5.485299178740295212e-02
4.879322906435509116e-02 4.264219970993519959e-02 -3.113682042669924654e-01 2.210162030884606499e-01 -4.191724191822800843e-02 1.380851997007321308e-01 3.080362668769669465e-01 2.695083872824924898e-01 -3.278617004328983064e-01 2.115877697262655288e-01 -2.471306777656663289e-01 2.710974962313579817e-01 0.000000000000000000e+00 4.021154011340983825e-01 -2.868825053528097913e-01 -8.981448067278455759e-04 -1.601219073685634237e-02 -4.676677837725946585e-01 -2.277084342992889976e-01 -7.780454362788685740e-02
-8.755065798411494626e-02 4.544823047997257476e-02 3.097359739868026929e-01 1.172604364091138773e-01 1.978288375868926252e-01 -2.600772215488563188e-01 -3.267188768864769111e-02 -2.442456151101047301e-01 -2.776395167220902516e-01 -7.730761384660683744e-02 -1.166138178603244174e-01 3.734381059971624700e-02 -1.682426961795703835e-01 0.000000000000000000e+00 -3.325585043197737400e-01 2.579105533400780428e-02 -3.246575981324867355e-01 2.060680018085607190e-01 4.412375906582528123e-02 -3.392932239980405579e-02
-1.938605422360447361e-01 -6.899690484316009509e-02 1.710720608202367932e-01 -4.378634903366586673e-01 -3.133672228439044610e-02 -2.698487693082942673e-01 4.366574639260927815e-01 -1.888201259201899851e-01 -1.581257556323977242e-01 -5.680105756512434517e-02 7.961564146093556837e-02 -4.675686004739110779e-01 1.845225984477224038e-02 -2.461458816024441054e-01 0.000000000000000000e+00 2.227978009664774439e-01 5.335632386360707191e-02 1.590770799491363768e-02 3.273979961700597408e-02 1.169306286149156549e-01
-2.458209282361783488e-01 2.028888108249942424e-01 2.200175055034018223e-01 -6.152908778669952811e-02 1.045388307006476503e-01 -1.722295516814677518e-01 2.498106377104575837e-01 -1.142566711099776422e-01 3.208494450884586402e-01 -7.019110518739510307e-02 3.387603650640935715e-01 1.073972872520726346e-01 1.445023329196607441e-02 1.249134134104085830e-02 -2.026963932443876237e-01 0.000000000000000000e+00 2.051712020888774857e-01 7.363000816608862575e-02 -3.178884403653246538e-01 2.340908694654316724e-01
-7.081312726491822973e-02 -4.536232118905727390e-02 3.054774512361319583e-01 -2.574972685680999018e-01 9.245446053111401608e-03 1.800776628399649026e-01 -1.629820241922876889e-01 7.575455491091899474e-02 -2.946193492426598115e-01 -4.936418765368418698e-02 -6.224443513718157933e-02 8.119786583237954825e-02 -1.720923218093187157e-02 -2.252546346455019388e-01 3.551763506297776762e-02 -1.580668749617795965e-01 0.000000000000000000e+00 1.684990697431011097e-01 1.559263052826621865e-01 -1.004455565319197774e-01
1.965019068754385312e-02 1.412848085873950332e-01 4.836518433284560659e-01 9.676523491521718534e-02 -2.482885605847257315e-01 -4.524948122250297411e-01 4.143762937142924097e-01 4.728255046532498507e-01 6.489206609517046698e-02 1.539289575661424436e-01 3.760820318753200775e-01 1.230778397959170212e-01 6.005120169033860700e-01 -7.983941392279908511e-02 2.523547036994337467e-01 -3.953144954716057528e-03 1.208892736622258351e-01 0.000000000000000000e+00 -1.526095683785522183e-01 1.250658030417381439e-01
2.440317231029167644e-01 4.278139478998936873e-01 -4.061010169116148205e-01 2.384145263728093544e-01 -2.516868381715714476e-01 1.247776131557422480e-01 2.756895591853692484e-01 2.061790867898654483e-02 -4.347111246972235610e-01 -2.041081559423567338e-01 -1.084899507853326062e-01 -1.375112806463577031e-01 -1.708309096745708536e-02 1.053657025585826718e-02 -2.452098753642329432e-01 -2.295106028013275956e-01 2.966161133866977995e-01 3.269538248364961541e-01 0.000000000000000000e+00 5.086737302836194519e-02
2.690051579336742438e-01 -3.552682675574221627e-02 -1.217777043164222500e-01 2.837872098469731430e-01 -1.800481906437315927e-01 1.987219086365662191e-01 3.359134737247544689e-02 5.381777172770635387e-01 1.931520812945932419e-01 -3.994616219768713089e-02 1.687224220713177125e-01 2.439632249728904412e-01 2.140252413503689333e-01 8.922034009626948758e-02 -4.206764029742960376e-01 -1.523013030945037094e-01 2.258545300833274261e-01 1.838737425192483177e-01 -1.244396696620521658e-01 0.000000000000000000e+00
