0.000000000000000000e+00 -1.367928926593048877e-01 -1.181027941856265251e-01 -2.399230776865484138e-01 1.935110287416921537e-01 -5.146396979070595457e-01 3.901517712729384302e-01 -1.702110375343395265e-01 7.133931062637574594e-02 -5.576091111421355162e-02 3.269372737674545171e-01 -4.606614669651400984e-01 -7.209467852896207785e-02 -8.587716440933911011e-02 2.535185543874066139e-01 -2.459431641572565608e-01 -3.855611933212168413e-02 -1.962951097092606734e-01 9.439280724102404319e-03 1.303214436189646386e-01
-2.461059297587979422e-01 0.000000000000000000e+00 2.016018139128510356e-01 1.123611500093394389e-01 2.014375140490326510e-01 -1.528861971224212135e-01 -2.747908980299766657e-02 -2.092444066269798231e-01 -5.990159564056479757e-02 1.185910875865212599e-01 -1.546600458226395913e-01 -8.871678563627537206e-02 -1.536564869749502127e-01 -1.889937269357454264e-01 -1.500951978184845159e-01 -2.831890409043378697e-03 -2.498381891512470310e-01 5.241694353120671113e-02 3.711430497219815883e-01 1.659261185357691903e-01
-4.289573355817912631e-02 -1.984798702491413214e-01 0.000000000000000000e+00 3.784443536730326962e-01 1.136095934633403644e-02 -1.424365567100504826e-01 4.269000016737728442e-02 4.696313255259789154e-01 2.686835858540898361e-02 1.380108109230049618e-01 6.712012402490918905e-02 -7.876546018233736290e-02 -2.554748356308070845e-01 -7.811540747600334567e-02 -4.671017059337091715e-02 1.311729332661249192e-01 1.876023945418233141e-01 2.082007547786290103e-01 6.385926727808650949e-02 1.979235812992655996e-01
-1.686885078154391204e-01 2.801498361946390681e-01 1.146945946141427336e-01 0.000000000000000000e+00 1.092359783900046788e-01 -1.689834874911866000e-02 2.530400235677838228e-01 3.398413714867354884e-01 4.887095178959886543e-01 -3.122660736480827870e-01 -3.229136636186467069e-01 -1.128019961876357280e-01 3.578537662052036494e-02 1.959173267388529815e-01 7.057811981067890761e-02 -4.521779382765194200e-01 -6.846929872202434098e-02 1.851407584515896154e-01 5.145074695395861208e-02 1.703908798792536650e-01
-4.971408401880308275e-02 -4.489086891590627487e-02 4.171639522267203692e-02 9.169033574434229394e-02 0.000000000000000000e+00 2.661114219356732619e-02 -1.499646462087697585e-01 8.442582920557810400e-02 2.724006430422761665e-02 2.525602797583164638e-01 2.680861878899698514e-01 4.140223359644289863e-02 -8.391626593341111606e-02 -1.428244610363779699e-01 9.469621637747208109e-02 1.729376502118587511e-02 -7.688801928900838856e-02 9.748553548670242999e-03 -1.386364033175256083e-01 1.560847078657930931e-01
-9.998098655434106696e-02 2.738082466917341473e-01 9.022347393972236784e-02 1.327281927942020046e-01 -2.448297316446733096e-01 0.000000000000000000e+00 1.655934565827268945e-01 -2.132539375825000527e-01 -5.952826762925347848e-02 7.292834346169072349e-03 -3.070383669154094219e-01 7.047178243540706821e-02 1.892072727885378003e-01 -1.921936071445008443e-01 7.838446375321349302e-02 -2.934354913272208543e-01 -8.652578914286328249e-03 -3.612976821281468909e-01 2.507566226786970276e-01 9.143293988629784541e-02
-5.504518673735326988e-03 -1.733314074011044759e-01 2.848204846578499261e-01 4.398573229992333022e-01 -4.154573749864737264e-01 2.764146803432626087e-01 0.000000000000000000e+00 7.558171307305605602e-02 -2.681644843543891654e-01 1.930498818084573909e-01 -4.045500939565409293e-02 -1.350407576760072059e-01 -2.750493607627985115e-01 1.231039265165334434e-01 1.772770045224222601e-01 -1.394257097624059805e-01 1.164044077173901071e-01 -2.558825136663919197e-01 1.793015775772452136e-01 1.041276448049082565e-02
-4.171826925314624235e-02 -2.275106874051971428e-02 1.942888511773675775e-01 1.677971437845249270e-01 1.183920456981632646e-01 3.079092661381288912e-02 1.740133320985167570e-02 0.000000000000000000e+00 5.198736387225055822e-02 1.526231343887105296e-01 -6.934421865492887416e-02 -5.444462754727159570e-01 2.322882426456804317e-01 4.890235156042932463e-01 9.869208986707193876e-02 -2.239539099242549708e-02 -3.050997225240793462e-02 -2.662132568704993207e-02 3.892862040685933327e-03 -2.508910149505939602e-01
-1.156258358698034061e-01 -2.229419762016954798e-01 5.563318376079957189e-02 -6.633097816251219692e-02 1.107326183642391021e-01 -3.906481410682367816e-02 2.205512528568319697e-01 4.774763188867809510e-02 0.000000000000000000e+00 -4.240391933458719786e-01 -1.446549690717014169e-01 2.015785970551505213e-01 5.653508149679308259e-01 -5.559642645423185092e-02 9.764683725585263444e-03 -5.060540305367940833e-02 2.977228612871445912e-01 -6.424399132026072101e-02 1.520682391414839019e-01 -7.150981144505506870e-02
-2.845527882092560024e-01 7.011140171463361992e-02 1.125155448086938570e-01 2.891740983604295101e-01 -2.469670589818343323e-02 -1.380463541190395105e-01 1.258372067132469685e-01 5.383045029492062455e-02 6.275861913564419192e-02 0.000000000000000000e+00 2.594595919420966679e-01 8.262108310071679396e-02 4.258946345787379406e-01 2.484398304837781013e-01 1.473680144637445621e-01 -3.639062758807408149e-01 1.346826854899776105e-01 9.397795770882351463e-02 1.813343066855918062e-01 2.335443522327703969e-01
-8.963908875372379736e-02 1.842532576696866431e-01 -1.257353167876003597e-01 4.371240263444133856e-01 -2.978334469076697189e-01 -3.937019308257923567e-01 -3.691124962287188338e-01 -1.991342823930611627e-01 -2.502418105846321850e-01 4.373925398034608225e-01 0.000000000000000000e+00 -3.002314336791136462e-01 2.491836089048184433e-01 -1.311507397636008654e-01 -2.765688228146708227e-01 1.958435379564353596e-01 1.393880201430708343e-01 -9.725927103557133191e-02 3.147355121589457405e-01 2.886799082357897200e-02
3.615609219235939586e-01 1.124162787219986359e-01 3.485595152529314955e-01 2.446318661290306298e-02 -2.727431386819605952e-01 5.476954801258110406e-01 -1.220388139972410635e-01 -4.446149779203557861e-02 -1.566138668343146356e-01 -4.548038141308644033e-02 5.426253663207727951e-02 0.000000000000000000e+00 1.478086297577138608e-01 4.007387581703641399e-01 -2.693669713995060569e-02 -2.757341788922744175e-01 -2.643743701905736931e-01 -1.488672359020867808e-01 -3.743615633481092164e-01 1.844822770910289622e-01
-1.114039395591507609e-01 -6.953835514664717665e-02 -4.229484204050498871e-04 -3.122938208160004891e-01 -1.925961932827963408e-01 1.508700836640901599e-01 1.383095543181784570e-01 -9.909625627664520042e-02 4.048479143621264154e-01 -2.919694158890704383e-01 -7.714148532745397635e-02 -5.161733575595001122e-02 0.000000000000000000e+00 4.332446135610074078e-01 8.191432868460116201e-02 -2.335772866520310909e-01 4.586563251871526026e-01 1.309580044223940809e-01 9.604496472022056031e-02 -1.357289680608788907e-01
2.375212316979477545e-02 -3.411524899022219670e-01 1.777732391020119262e-01 -8.372695343141817181e-02 2.997408797573904160e-02 2.687876384562684628e-01 6.367161323231389225e-02 5.868950499365873513e-02 6.182712413138380381e-02 -1.639645152280219120e-01 1.869363382165664389e-01 3.451055885452455896e-01 1.696741037690573384e-01 0.000000000000000000e+00 -1.961661111705336746e-01 -1.940431220349622121e-01 -3.221896737466192207e-01 2.755401631855246003e-01 -5.683634624819723646e-02 3.130146213278789946e-01
-1.748407674888931562e-01 -9.782998263714952347e-02 2.133769817184966860e-02 2.060424991394516070e-01 1.358415674541192664e-02 4.720893039302437311e-02 3.695676399805954138e-03 3.962037873152652462e-02 -2.496502854830694451e-01 1.809584989982403191e-02 -4.172033126651308182e-02 -1.270634020468920308e-02 1.100898006882474328e-01 -1.522042594094056012e-01 0.000000000000000000e+00 -6.649213837988778020e-02 9.331156502707479983e-02 1.754800522417622466e-01 -2.136395834088141155e-01 1.310135552671655712e-01
4.619231930794528984e-01 -3.289606891731365890e-01 -1.856320790934433973e-01 -1.969031372715174533e-01 -6.240814777361045063e-02 3.628800873416545558e-01 2.985749199384044646e-03 -1.553382102595965431e-01 1.390394904274843135e-01 -1.341203704686799447e-01 2.512025961031054688e-01 6.825978532757720485e-02 3.105405136035044866e-01 -1.478810684218299643e-01 6.777202533352578717e-01 0.000000000000000000e+00 1.463685717906046957e-01 -1.144608485134236513e-02 -1.622484482662593097e-01 -1.940389751911448524e-01
-3.040545445595741261e-02 -1.782749436769313633e-01 6.320821081756375359e-02 -1.847210013648607485e-01 1.388783138725188382e-01 2.137953125185762249e-01 -1.578307355824450087e-01 2.666927123316414905e-01 -5.320543430397679102e-02 2.583302246875305297e-01 9.797697379959878494e-02 2.509602420298507885e-01 -2.229404037717310771e-01 -2.387986140265611554e-02 3.245494491213588018e-01 -1.381972404015693601e-01 0.000000000000000000e+00 -4.343761462137029628e-01 -5.604571680952612489e-01 -4.727414244983580427e-01
-9.204531510905759883e-02 2.858875704376572235e-01 -9.888547306322094388e-02 7.234291552334135011e-02 -2.459484489523243098e-02 1.911602313088779171e-03 -3.761040394057782454e-02 -3.894790902169857627e-02 1.031194276331120208e-01 -2.629577193704581428e-01 2.258713034440428535e-01 2.057222639260862240e-01 -4.361614737088633648e-02 1.800914445214484294e-01 -1.568253812751635723e-01 -1.201267200463249085e-01 3.494165916297550800e-02 0.000000000000000000e+00 -1.003408745143270081e-01 -1.503639526063244580e-01
-1.246596095010925748e-01 2.100045154366457778e-01 -4.345403237340836888e-01 7.882013604154083919e-02 -5.286890966466804148e-02 1.627440460941257938e-01 1.151739613514084493e-01 -6.221936219408125135e-01 1.307309563842365685e-01 7.250992517029852813e-02 4.888678887794339380e-03 -1.047986512471612425e-01 1.907994816216857514e-01 -9.235616132136820200e-02 4.102553332705778932e-01 1.261998430220725997e-01 4.780328883001687124e-01 -1.756507415750757084e-01 0.000000000000000000e+00 1.598318129587995851e-01
1.906704246707916772e-01 7.906758070542750302e-03 -3.440846300802560820e-01 -1.001524079820065999e-01 1.381857662957370614e-01 -4.118307840079129395e-02 -2.593507590991990519e-02 -3.923381811896840821e-02 -2.088296655164163240e-01 -1.191869682512032153e-01 -3.189874893954707802e-01 3.953278625920469413e-01 -1.062966063468047673e-01 1.067968833290092040e-01 -2.285006437469554452e-01 1.776619153791260397e-01 -4.188515278792497298e-01 2.058557985084875919e-01 -7.908508425190360208e-03 0.000000000000000000e+00
