0.000000000000000000e+00 3.401281180267832771e-01 -1.144590079996936349e-01 2.571913392059886894e-01 -1.320882935089514598e-01 -1.719011361420602346e-01 -7.491032683740049547e-02 2.079530776128168598e-02 -3.080302401075402652e-01 5.096378297803896840e-02 -1.319648229828684627e-01 -2.900045758091764903e-01 -3.573368094906894110e-01 -6.650267682517081724e-02 -3.245782246774063240e-01 -4.469045530469631378e-02 -1.235976801650900819e-01 4.379249176317208669e-01 -3.812124511306319019e-01 2.042489421600055532e-01
-1.547185122468363871e-01 0.000000000000000000e+00 1.217576178284558025e-01 5.002725488020065558e-01 3.505298154507299757e-02 -3.622860927344079829e-01 -1.108996674734399057e-01 -2.285655689220277842e-01 -4.912942941764764648e-01 -5.649270709655387912e-02 -2.375733900530580256e-01 4.120451311676631700e-01 -1.160034784225103394e-01 -2.449345631205334384e-01 3.164469430530631455e-01 -1.860732047808861395e-02 -2.913953057682514003e-01 -4.566707408508866028e-01 -5.563982413279219830e-02 6.837533818651141126e-02
2.109945393827060145e-01 2.596632088784852632e-01 0.000000000000000000e+00 -6.811086736571138334e-02 2.119568726755895749e-01 2.743083188483505519e-01 -1.633681419502037158e-01 -3.854136934726619390e-02 -1.551389348290555248e-01 -1.397421616547370460e-01 8.825328100390207597e-02 -5.462653946186749737e-02 -1.209599359505867389e-01 9.287372429676288288e-02 2.612845940602490091e-01 3.237401147108885380e-01 -1.156296715977288420e-01 -4.264918750865580033e-01 9.159358051523862343e-02 7.119401663689904625e-02
-1.458722875937810164e-05 4.139192359616258310e-01 -1.403380727459464794e-02 0.000000000000000000e+00 1.000695458483048805e-01 -3.718674784580244252e-01 -6.430433537406589350e-02 -2.106998995813773590e-01 -2.794484417104687313e-01 -6.593783834743369154e-02 -8.033552264542937263e-03 2.831021566432337377e-01 -3.873613202203200073e-02 1.278593213862023459e-01 5.408936990612994711e-01 2.349006893560380838e-01 1.683284393454447803e-01 -1.536234355928630946e-01 -7.574572353240442701e-02 -6.855835978912935835e-02
-2.558873660194818656e-01 1.043394850736982793e-01 1.837121863314678527e-01 -9.927647847686039972e-02 0.000000000000000000e+00 -1.778249952644274934e-01 3.332729592507258642e-01 3.920771948526248218e-01 -3.910964107116242094e-01 1.552589066881950898e-02 -2.023023280385389810e-01 2.421250740416290848e-01 -2.702562059810298400e-01 -4.496647437120673829e-02 6.312605527387955134e-03 -3.352171661832582528e-01 3.440051916139688637e-01 -1.243125460236741697e-01 -1.042414858958110729e-01 1.038887457651536672e-01
-3.535827370743895304e-01 3.571173406844542209e-01 2.504426451786903596e-01 -1.247357696623195983e-01 2.471189257924510385e-01 0.000000000000000000e+00 1.274525818128313670e-01 -3.120866419753239376e-02 6.044971703287251863e-01 -3.537656763380443437e-01 -9.123316703150335938e-02 -2.555986860266043492e-01 -2.098972692202978260e-02 2.643746319901000841e-01 -1.329864037557047241e-01 2.528544394822535013e-01 -6.172472688955146225e-01 3.458546511168488768e-01 2.528861877920768886e-01 3.101343198523671685e-01
-4.907574133271226657e-02 -3.387463168266326985e-01 -9.094208913731362254e-02 -1.187234273586278421e-01 -2.784617906850398936e-02 -4.114228164234499108e-01 0.000000000000000000e+00 3.783983288287046665e-01 7.180225704051573787e-02 4.529175050814009118e-02 1.924265566702660080e-01 4.277985283400181360e-01 -3.603946767115583372e-01 -2.148551912276816245e-01 3.050164506335750203e-01 -3.629356802144838995e-02 1.494694938829048934e-02 6.341086266840695491e-03 -2.623766118406221648e-01 -1.308610911721077574e-01
4.586844115075028872e-01 -1.678061826717289762e-01 -8.141564574720143443e-02 1.936816357464502675e-02 1.267139186721668587e-01 1.573388619647297648e-01 -2.360527743341329088e-01 0.000000000000000000e+00 3.418145175616159603e-01 -3.620920053544572359e-01 2.081327792989099423e-01 -1.547407196676374164e-01 -2.205476755202846195e-01 -3.632147118889454407e-01 1.480469486246631938e-01 6.016871333112842057e-01 -3.235278850850090704e-01 1.214750468345374701e-01 2.313953439695125985e-02 -1.816624025744122961e-01
1.862817987241591755e-01 -7.413886349831845524e-02 6.804633723921497956e-02 9.361922825304003215e-02 -2.069206669245227115e-01 5.448879820645835537e-01 8.722214862318247719e-02 1.361461835892145977e-01 0.000000000000000000e+00 -1.215685675513251268e-01 -5.262498301938939305e-02 -7.163134686373087701e-02 3.861229810831655618e-01 3.607485112069180322e-01 -6.413094952730941101e-02 -2.196215039521307311e-01 4.649722662597609996e-02 -2.802261781373532323e-01 -1.554670060776874307e-01 2.477886103652307270e-01
5.014027144184751705e-01 -5.880065554253163101e-02 -5.268982856255919472e-02 1.118544918232123320e-01 3.978566787555717910e-02 1.082677144408588921e-01 2.601042225613867664e-01 -1.957144220259859901e-01 -5.288128826778219771e-02 0.000000000000000000e+00 2.982319923705866183e-01 -5.788357883816320354e-02 -2.694227816446727042e-01 -2.117980247473235100e-01 1.936900140454639596e-01 -8.503326556612593456e-02 4.805726442879534183e-02 6.801863390501029782e-02 -7.308516263552447545e-02 3.397063099106211181e-01
2.931970638082095348e-01 -8.541323361286022597e-02 -1.141981490483276324e-01 1.707319253788885105e-01 2.271831942519444980e-02 4.083238788900525051e-01 3.613785316815510962e-01 -3.149968752884859530e-02 -2.880933088642754353e-02 -3.729126141435039621e-01 0.000000000000000000e+00 -4.697524637923269353e-01 -7.988258829969543950e-02 7.723703046741485501e-02 -2.826765145430846782e-01 -1.085863775991443569e-01 6.994438336050046168e-02 -2.553753181822896456e-01 -1.003496382906342299e-01 6.049883641284238278e-01
-5.076419202476113030e-02 6.512950179199762657e-03 4.133364346376894316e-01 4.868785121753552159e-02 -1.759168244762077671e-01 1.680723636267744681e-01 -2.049661373903032269e-01 1.179348219809254888e-01 7.978310279565996310e-02 -2.696905819673946492e-01 -1.825589533016666044e-01 0.000000000000000000e+00 -3.527741558870925997e-01 -9.983041325650636455e-03 1.606398895277510452e-01 -7.484740543183228401e-02 -1.304660500785082000e-01 8.064258464003867810e-02 1.639296484166594403e-01 -2.688866954066154169e-01
1.721080695953412509e-01 -2.476120149090649813e-01 -7.222818597090614745e-02 2.299119179016718972e-01 -3.717520890496453512e-01 1.344613406612626128e-01 -2.016835249989026302e-01 -3.501600168067832142e-01 3.707815370065868730e-03 -4.783548068834805322e-01 2.511561183316912693e-01 1.037952072787867025e-01 0.000000000000000000e+00 -2.531468478352230655e-01 -1.293814375191564177e-02 -4.533388824059322864e-01 4.189171011022741614e-02 1.211775107375604593e-01 -2.634652683913685581e-02 -2.941342917504511933e-01
-2.523699342791330125e-01 6.404360386387422492e-04 -4.840777859016233697e-01 6.140520725532008089e-02 7.812320454009787085e-02 -4.439008251073729983e-01 1.255337456693536025e-01 -2.006284224302261054e-01 1.339778548382974943e-01 4.033795915676580135e-02 -1.105037533561635671e-01 6.157863235222831716e-02 -1.888865378346390178e-01 0.000000000000000000e+00 -5.131410752281607285e-02 -5.921187283911043264e-02 5.764729355196333838e-02 -6.371495796117288002e-02 -4.042647485239414529e-01 2.101599774219759798e-01
1.645407111060009087e-01 1.067836948162478872e-01 2.130934013949805361e-01 1.352124310674886754e-01 1.752105247750555816e-01 -2.504644596130713250e-03 -2.095928863031077949e-01 7.895994438669033666e-02 -5.413389473505181987e-02 5.579352632993509614e-02 5.045260343857551136e-03 -1.696682404446809012e-01 4.398083230406693578e-02 -1.336532062657778686e-01 0.000000000000000000e+00 -2.977312973215306968e-01 -2.979726571587391626e-01 -7.082721406613548543e-02 1.076180123272023814e-03 -2.257850366625764327e-01
2.000586190754652383e-01 1.288516590392368433e-01 1.428334986838406262e-01 1.348438555379871950e-01 -3.787590522694162520e-01 2.414251573321055144e-04 -2.353778243709126472e-01 8.202797966704859778e-02 1.913331380432518186e-02 3.424438064575728857e-01 8.838058934533735145e-02 -3.551101994448607191e-01 1.392914102319230962e-01 1.100871388736643225e-01 2.649681099571130072e-02 0.000000000000000000e+00 -2.014591010581174013e-01 -1.635430662132422441e-01 -1.005000044412722726e-01 1.529891552813933409e-01
-1.661369609516161194e-02 -6.126559675298231394e-02 -2.020569136033393831e-01 3.602272083383494250e-01 1.916914087529539568e-01 1.367557128947555489e-01 1.001885382549066589e-01 4.934043980064319879e-01 3.840893143386760467e-01 1.898820293103597456e-01 -1.953080921966516004e-01 2.386476577273814736e-01 -1.510241004779447060e-01 -1.243008102718077129e-01 -4.443605774933276353e-02 -1.210769175447441726e-01 0.000000000000000000e+00 1.708449929011706114e-01 5.751573375141075944e-02 -1.453680043403425028e-02
3.673513197922846363e-01 1.568236530666143602e-02 -1.857076945057048456e-01 5.978654509741729850e-01 -9.073941628501620837e-02 -4.879247818178714113e-01 1.585441453306692672e-01 -1.030939670945663078e-01 -1.032876546743759921e-01 4.899319085668988466e-02 -3.085616218152639756e-01 -6.490912356152818419e-02 2.106207434402627698e-01 3.820829407006157696e-01 -1.371657561527349356e-01 -1.650894258255740724e-02 -3.735280461269370189e-01 0.000000000000000000e+00 -1.672354081750592469e-01 -1.956068138572817638e-01
1.014226241116388122e-01 -1.106245054353756085e-01 -1.493635603508835716e-02 3.891251540874302722e-02 6.398862812753662588e-02 -1.048640065621893463e-01 -4.941881325231605587e-02 -3.687668741659175797e-01 1.334919534497203686e-01 -1.547318539230859435e-01 -1.638778781782100347e-01 -7.967030881876975557e-02 -6.980909352600467299e-02 1.859567186797648486e-01 1.148919491267355736e-01 2.317831207137285576e-01 4.173603676751601044e-01 6.488485179596273911e-01 0.000000000000000000e+00 3.468496154471133186e-02
-7.197326386459522440e-02 -2.460811934993867734e-03 -3.003880839304490236e-01 1.116812709475314691e-01 1.665244840330095677e-01 7.547714914774769634e-02 -2.518933010227972571e-02 -6.747252276357325329e-02 -2.311263114475144431e-01 -1.747590364150169995e-01 1.657818006817811732e-02 1.149007227547325233e-01 -2.335533169438357426e-01 1.452595705265429804e-01 4.054849051779457203e-01 1.683940926152081297e-01 1.360655652282000139e-01 1.196421293935736631e-02 -1.123402276490903240e-01 0.000000000000000000e+00
