0.000000000000000000e+00 -3.272151534605608481e-01 2.418959732181099609e-01 -5.351473448163406726e-02 -1.098198134359885114e-01 -2.241148346964748628e-01 2.054547339893365576e-01 -2.467796400262543544e-01 1.400881955781545229e-01 -1.255582983643271644e-01 6.452200606243681941e-03 -5.160111186857198329e-02 1.314253905567648872e-01 1.682233247854970914e-01 -2.366883666056732727e-01 2.361226099680889812e-01 1.672020423928165245e-01 2.380689224972706575e-01 3.399113093036887912e-01 -3.328617356266245220e-01
4.159063835533119424e-01 0.000000000000000000e+00 -1.444664516496340367e-01 7.542816339275291992e-02 2.340556583847670791e-01 1.406807276678291030e-01 8.118248156392100789e-02 1.242694100985507338e-01 -2.434070750434830233e-01 5.298312053958305172e-03 5.588328856335740280e-01 -5.567877224718734697e-01 -5.251682636193069631e-02 -2.181585278075948847e-02 -1.982339871697544886e-01 -3.057000929167075567e-02 2.280318125663742188e-02 -5.610955011018619459e-02 -1.762296701590928411e-02 -2.426500842456417728e-01
1.330300457662213776e-01 -1.428641881202048214e-01 0.000000000000000000e+00 4.709485081645422566e-01 -1.268717623928229676e-01 -1.073200362681081266e-01 -4.300472693509251321e-01 8.935071433511071470e-02 -2.343810387556387320e-01 -1.551559947790260574e-01 1.666628998955676233e-01 1.200567246131718779e-01 -1.638415702676043750e-01 1.242617923786408368e-01 9.666282638622414325e-02 -3.036669257915944331e-02 -2.104377196264498595e-01 1.083972776989009235e-01 -3.427492966168114719e-01 9.055603282936403042e-02
2.868008661371369578e-03 -2.754199718543928754e-01 -2.354769697039960363e-01 0.000000000000000000e+00 -4.559406343659774818e-01 2.112800467065854490e-02 -7.039663788020864010e-02 1.096377037814399713e-01 7.937508859902975278e-02 2.125855195717420432e-01 1.700243030315599646e-01 2.572289022061999102e-03 -3.076956898607457469e-01 -6.072147323775707595e-02 1.212512447319903930e-01 1.197464061424082099e-01 2.593834471122355434e-01 -3.689625069780926719e-02 -2.637224308514884430e-01 -1.219325522997079386e-01
6.048623578341986301e-02 2.191877816255496381e-01 2.251470906452335274e-01 1.748954554837376107e-01 0.000000000000000000e+00 -9.477203970521649867e-02 1.235669396629180683e-01 7.370156646389502964e-02 1.929991169287715025e-01 -2.744500700041991870e-01 1.397260802744793029e-01 -6.192863952630692781e-01 -1.100542557323349463e-01 1.546200712554293352e-02 -7.826295431579456674e-02 1.943914905677215643e-01 -4.846994990607246534e-02 3.827811788279486364e-03 1.542246035091210943e-01 -1.974768121574078938e-01
3.347948460360337108e-01 -1.445717630814088162e-01 1.351683522901050427e-01 4.806431005468856515e-02 -9.471999731195294980e-02 0.000000000000000000e+00 6.966962758570599545e-02 -1.044384975184465825e-01 4.920577085429356790e-01 -2.266786830027982258e-01 2.646111930002285288e-04 2.522939547750620015e-01 1.135858168736337687e-01 2.413926614558909722e-01 -3.426717506208211139e-01 -5.235295614292188177e-02 8.689046002352042788e-03 2.813919729372784118e-01 -1.836570449301027086e-01 -1.240325388334367548e-02
4.203819906975250764e-01 8.585822286194509656e-02 9.686972044924775649e-02 -1.419810810326140385e-02 2.658754647741306543e-01 -4.183935411691826478e-01 0.000000000000000000e+00 -1.265510028764346706e-01 2.865238156007104617e-02 6.707778890115862489e-04 -4.765071797011615207e-01 2.480747610191249425e-02 -1.907883468042013697e-01 6.321949372906365827e-01 -6.068875706014503074e-02 2.367571770572954037e-01 -1.240649549266869267e-01 -5.477255153899755757e-02 -1.907577690271650972e-01 1.896884494167451751e-01
2.964164360112716556e-01 -2.829531195459307202e-01 1.157495955742613436e-01 1.747721988410321781e-01 3.104520707316836270e-01 -1.057069719234491612e-01 3.551112046273136036e-01 0.000000000000000000e+00 8.048487403608348134e-02 -7.363399314308263777e-02 -3.003091299335018324e-02 2.808779159908843526e-01 1.557988240994815921e-01 6.876796694882443273e-01 1.986665152497669312e-02 -1.300668836975839571e-01 3.023343829556924822e-01 9.442290199261481332e-02 -6.214440488434277293e-02 3.324732036146164638e-01
3.649465779132872734e-01 -2.932165133449762817e-01 -4.634958348142956958e-02 3.049808095310408973e-01 -1.323414205314961400e-01 4.193652544218421374e-01 9.762132681889639993e-03 1.334495193592633300e-01 0.000000000000000000e+00 -2.069815681089982040e-01 2.318828961181704749e-03 -1.187356443097501435e-01 -5.555448408774894126e-02 2.816259094940626873e-01 1.874577775288702730e-01 -1.385882748239327007e-02 1.003611183608265484e-01 3.795832172069992239e-01 3.058245761210743804e-02 -5.339618843754768973e-02
2.024842281390133447e-01 -8.999229910866433924e-02 -2.401578620546227227e-01 4.594509531615723064e-01 -2.145448623500108565e-01 7.155856899671776683e-02 1.346765601365945975e-01 -3.506420411515669827e-02 4.629323019397824091e-01 0.000000000000000000e+00 1.325629590215346709e-01 -3.101908598819650420e-01 1.243545889547274796e-01 -3.587944421365600323e-01 1.637275606322461941e-01 2.282505201300717990e-01 1.080940186875092579e-01 3.225425957328675319e-01 7.811552218214060095e-02 -1.748052832208600860e-01
-7.022185137197706206e-02 2.804907828950701787e-01 -4.727190420503807888e-01 7.654645604778695378e-02 -2.777911917671445630e-01 5.323855733039807303e-01 -3.424295066721902425e-01 -5.248820050925047109e-01 2.063995324844778434e-01 1.893467149117615267e-01 0.000000000000000000e+00 -6.200288322177467670e-02 -3.394341554865851207e-01 -7.506769996655607291e-02 1.594302216939741945e-01 3.497407579067449146e-02 -4.534600625704624660e-02 -1.673313434653205256e-01 2.320269481565287450e-01 3.987645121697948047e-01
3.219985760683508058e-01 -3.064076907059493093e-01 4.509582931050208632e-02 -1.854254117253299750e-01 -7.053374500991398122e-02 1.070914646110477791e-01 6.368320375553996326e-01 8.889147336564433288e-02 2.080590674692017403e-02 -9.823250035525889212e-02 1.567891757155066568e-01 0.000000000000000000e+00 1.856773898598702843e-01 2.269532679786654128e-01 -1.949201323486092208e-01 3.941208246503510315e-01 5.518763238700431506e-01 -1.555627545703002212e-01 2.084427392057199013e-01 -8.678988037412621592e-02
-1.362372388053597894e-01 2.177922371983262162e-01 1.037884739380522947e-01 -2.753458146486552072e-01 -3.289280636941905867e-01 7.181330861339355054e-02 -3.096949362647105075e-01 -2.758233657588374244e-01 -3.881432978959575841e-02 -9.093639698838529295e-02 1.114527188251073636e-01 4.856034873537602436e-01 0.000000000000000000e+00 3.677054362070334426e-01 -2.978575693623357612e-01 3.429833867026260696e-02 2.702680191784955221e-01 5.780764726337918047e-01 -3.677280127908693075e-01 4.190822605385975397e-01
2.510684165283240659e-03 6.157744627663522263e-02 1.523583507174408047e-01 4.658842202820517309e-01 5.914747784759765148e-01 1.220262638999321386e-01 -1.139778726988412427e-01 -1.566987370979066874e-01 -4.896999574694951285e-01 -3.435667658077816711e-01 2.679121036851773163e-01 -3.825781509274485126e-01 -2.731553107611747189e-01 0.000000000000000000e+00 -1.515753704302384430e-01 -1.943413345913430068e-01 -2.260210852260092496e-01 -1.287732353702841503e-01 3.488269014539049917e-01 1.783318992957451110e-01
4.520115834230413465e-02 -1.502443011947728613e-01 4.378806730776745038e-02 7.965748751336398925e-02 -1.849865503892078045e-01 -2.518551618460499464e-01 7.204434904272218054e-02 -1.586418155808307362e-01 -1.682893482564761234e-01 1.821468646312484133e-03 -9.415529549835629022e-03 -2.247220131002055088e-01 3.808782871760527100e-01 7.769309655311515406e-02 0.000000000000000000e+00 1.762310870793820927e-01 3.288568491046102160e-01 1.130052080395407138e-02 -5.896935500222492132e-01 -2.793852770389795848e-01
-1.205077506282761259e-02 3.563668235947189955e-02 3.327955089780268438e-01 1.241577863572987522e-01 -5.838628696492474679e-02 1.989925511915607292e-01 -1.390849865297304477e-01 2.339992719800892962e-01 -3.543629388907678091e-01 3.684925641417203246e-01 -3.006771944665195817e-02 2.068215728752236249e-01 -4.631194668223853617e-02 -3.153853302933110059e-01 -4.276353191359897471e-02 0.000000000000000000e+00 6.216889755932136080e-02 3.487767422012803820e-02 1.023867458326079283e-01 -1.219245196166365147e-01
-3.851469733002928497e-01 -9.696552270431897658e-02 -3.130230556218507876e-01 -3.857819396430402226e-02 -6.142402757525532858e-02 1.959108539321490969e-02 -1.169420199179327657e-01 1.507676416969532807e-01 1.418252890034223945e-01 1.663176075444597335e-01 9.562315416402002166e-02 1.831027399495694929e-01 2.249302255379642679e-01 3.222127750673764446e-02 -4.957111003893228118e-01 -1.339779565716315290e-01 0.000000000000000000e+00 -4.873233388738134053e-01 3.820708032172421414e-02 -1.233349336987395045e-01
3.528349704407472420e-01 1.053297333700915911e-01 -4.718744070503473609e-02 1.869868445551952849e-02 -3.691659463749475956e-01 4.739918897662102615e-01 1.825349174033255584e-01 -1.904743748545959792e-01 -1.150940886454050183e-01 1.467597511523406617e-01 -1.387130740401921192e-01 -1.752307297109353124e-01 2.149097007213122412e-01 -8.928757192154830949e-03 1.136097521961871998e-01 2.355379258581165036e-01 -1.654765338594338941e-01 0.000000000000000000e+00 2.387601546223242222e-01 -2.141030973296459694e-01
-2.717734645698453022e-01 5.253760898805021756e-02 9.848923198083697761e-02 -1.413932432227694436e-01 -3.429521473137647769e-02 -2.645288725485911430e-02 -5.500205841773828097e-02 1.115188536249887979e-01 3.776301108650093608e-01 4.581815359226389384e-01 -1.543207713239147516e-01 1.761828767499358864e-02 -1.070491549326289815e-01 1.324443509160071371e-02 -6.320193981943143802e-02 3.388675825896880212e-01 2.461817659667316638e-01 -1.035933068999717183e-01 0.000000000000000000e+00 -1.266374380553279833e-01
6.135164610522726020e-02 1.623221536901354733e-01 -5.168679792356572350e-02 -1.403876684862672697e-01 1.055226172290651410e-01 2.139261091414758620e-01 -1.774632570651591031e-03 4.359121607769271267e-01 1.928130446731123326e-01 -9.069278095667705764e-02 1.977316876597621786e-01 -3.833951763571497029e-02 1.362647776203430861e-01 1.839337977647890199e-01 1.498973290549606430e-01 3.905173440883897285e-01 7.858594785294853446e-02 1.469240928614401198e-01 -3.289471244420714285e-02 0.000000000000000000e+00
