0.000000000000000000e+00 -2.486419274219831693e-02 2.329528461493804159e-01 -2.810154491524409215e-01 1.666737525418848787e-01 -3.826032522143733572e-01 -4.603267516814252974e-02 -5.245173527092605176e-02 2.522606770371630946e-01 -2.823248612044220417e-03 -1.371157525360292562e-01 3.071660865373994631e-01 3.602287570522877402e-01 -1.541161266509285810e-01 1.547188452259302682e-01 -1.002016949139010737e-01 3.630087913934967186e-02 5.751818297040348082e-02 -2.852006003697859504e-01 1.431182673552166759e-02
-2.374383580738037292e-01 0.000000000000000000e+00 -1.023500248204077812e-01 -4.436764969374774603e-01 -3.301424949625849647e-01 5.183271751858196247e-02 1.440383925991512437e-01 1.905404271785090531e-01 -1.037577397587959166e-01 1.558934264374230716e-01 3.505891127637699167e-01 2.635331791604992313e-01 -3.094621636067511061e-01 -3.907157145744114546e-01 9.005177733598021539e-02 2.782748133070987451e-01 -5.329970349179272149e-03 2.130006148793805176e-01 5.477560264038831145e-02 5.010964376127694658e-02
6.633993245739268352e-02 4.936195783727675979e-02 0.000000000000000000e+00 4.126920853940525546e-01 2.057438722937680597e-01 -1.247538615918499516e-01 -6.377825773927495168e-02 -2.328342979244860111e-01 1.074138689804242652e-01 -3.191713353902692063e-01 -7.452063673768459517e-02 1.671032589798658319e-01 1.252711532040184927e-01 1.282852180998714786e-01 -2.640529112968694747e-01 1.709809565446959168e-01 -3.004939580192884929e-02 2.961979888529208127e-01 -6.181110066922255314e-02 3.755590150239784264e-01
9.283301720393725975e-02 1.671866891959764567e-01 -8.777246712645550564e-02 0.000000000000000000e+00 -8.627778219029159923e-02 2.238085306763727134e-01 -1.001048350502965617e-01 -2.595717561510316185e-02 2.613996145928377812e-01 1.152947850139238867e-01 -5.766086567534265545e-02 6.373818162095576390e-02 -3.140759504518977341e-01 -3.374410727426676027e-01 9.711419759786631134e-02 6.160374650778799310e-01 4.496269408130351142e-01 5.634664040987995559e-01 1.275537196750561875e-01 -1.177324460846405907e-01
2.388619588082392386e-01 -2.671080175451284733e-01 -6.394456730879761741e-01 9.485557460471495672e-02 0.000000000000000000e+00 1.576883137408400803e-01 3.466497975852258495e-01 1.711529914337066027e-01 7.743699775415224806e-02 -2.356407130621508694e-01 -2.895456838971361205e-02 -2.641767760647741881e-01 -8.247293695869842289e-02 4.254655826070304903e-01 4.700376435848015871e-02 8.423330912952760319e-02 -1.551687622456010274e-01 5.820067423262159645e-01 -4.434744042489912053e-01 -2.072530146150098618e-01
2.115087907875642936e-01 -1.678357190603161075e-01 -1.776019448954724300e-01 1.136813215320803122e-01 1.673493762647984828e-01 0.000000000000000000e+00 -1.914455032539549850e-01 1.684381224785610753e-01 -2.705139132613778030e-01 -2.051664459406729035e-01 -2.228968681051800294e-01 7.327525566191020467e-02 -7.875729698923139566e-02 -2.128293652655671719e-01 7.042148012576726797e-03 -2.288510000574552339e-01 -1.128906324759166441e-01 -6.974298656658867168e-02 -1.269836367187345549e-01 -2.249728709516963798e-01
-2.790434955256604344e-01 2.456520835266073899e-01 -4.623356757395317151e-01 6.660806248814991892e-02 -1.800186020681986687e-01 -1.582726037935763552e-01 0.000000000000000000e+00 -6.831086338108731219e-03 -1.240573808105652903e-01 2.367926903624287260e-01 -1.265194336860340218e-01 -2.436954343317966620e-01 -2.685806525833895897e-01 2.139498757027867570e-01 1.269859058986332612e-01 -7.807718068890091845e-02 3.709326808975074719e-01 5.954325487227621339e-02 -6.581455805663742609e-02 1.158278074924921630e-01
-2.462184570607655609e-01 2.244355235650816183e-02 -2.531799629449677513e-01 1.287478885697937725e-01 1.415358761797813059e-01 -2.444816119683949213e-02 2.407638861546178843e-01 0.000000000000000000e+00 1.204748654817882764e-01 -2.783888042169050184e-02 -2.582353725749236828e-01 1.538219583639574006e-01 3.797685958784998705e-01 6.919471096620523065e-01 2.066304922471944375e-02 1.075093630314058468e-01 3.821073812779461343e-01 -2.347107012030957007e-01 3.391298436647530168e-01 -3.713243946454398703e-01
-2.584121906760847853e-01 -5.011973238632147498e-02 -8.583521300982030477e-02 2.163154285750389927e-01 -2.388034305137899660e-01 -2.830028617813989608e-02 -7.803804418514592722e-02 3.641536673947912139e-02 0.000000000000000000e+00 2.085980230191722129e-01 7.179644272608068367e-02 8.569731257233055566e-02 1.119130584994558301e-02 -3.492919837540603423e-01 -4.084304810069767644e-01 8.032223672380600643e-02 -3.102666433232174614e-01 -1.766295891313327815e-01 4.891564309059386745e-02 -7.858877449579343422e-02
-1.786462837458960839e-01 -2.019875732916970035e-01 8.364114983994398733e-03 3.281339341757460448e-01 -3.796340349784588231e-01 -5.493772507874440658e-02 2.150169352445344406e-01 5.897593181579829230e-02 -1.337562392784059639e-01 0.000000000000000000e+00 9.143571045630875804e-02 2.271925149858128323e-01 -3.573929762544686417e-01 -1.926237619329176920e-01 6.179020890559259321e-02 9.690345881858969390e-02 5.455447976309423658e-02 9.199145926853585786e-02 1.973949262597952670e-01 1.026553505399504240e-01
5.746173781869582387e-01 -1.507386217905834491e-01 -7.988104085623813633e-02 -3.246175079922264950e-01 1.332289069993216890e-01 5.376580489518242856e-02 -3.513810523643798311e-02 -2.563382136256872057e-01 4.392208490659949560e-01 9.362282522652792816e-02 0.000000000000000000e+00 -3.007085242499132893e-01 7.475133805895343986e-02 1.119832920608479082e-01 3.857244718602263478e-01 1.316023392381593382e-01 2.393026041757876088e-01 -3.476340962079356167e-01 -4.645740735427102142e-02 1.965314678673646051e-02
-2.143650459539218900e-02 -6.383123084196036523e-02 -7.003773705360281931e-02 2.912826927370332220e-01 -9.450328274016545071e-02 1.654718460386341294e-01 1.551980434423775590e-01 -7.926614100626068471e-02 3.159400267879395457e-02 -5.316173606896660297e-01 -1.357260856394940929e-01 0.000000000000000000e+00 -1.409981861092747812e-01 -4.598464895727332746e-01 2.173861392410649795e-01 -2.899335663267703644e-01 3.018888319626588101e-01 -7.932590363153340512e-03 -2.905864034463301881e-01 -1.542561930506038126e-01
3.489880790804291699e-01 4.098459220689869981e-02 -1.918628931683201422e-02 3.517241153899595962e-02 -3.902511159298638344e-02 -1.446578395900355862e-01 1.390512169084524019e-01 3.281994787669528790e-01 1.921089486626784484e-02 3.543383831206025625e-01 2.480599681438533655e-01 -3.397265507090426184e-01 0.000000000000000000e+00 2.989965049655872176e-01 -4.516391348541793360e-01 -1.267586366145244114e-01 1.016458240297698490e-01 -2.004811029148448054e-01 -2.859010901145309352e-03 -7.928501361595759189e-02
-2.219555665258546584e-01 -4.652998710677437588e-02 -1.137814812688610622e-01 -3.366651424824889521e-02 -3.201359428833913667e-02 -1.786857494805394464e-01 -2.066172729027381527e-01 -1.657494187595425217e-01 8.100855711497635669e-02 -2.561121737305747659e-01 2.726161030235942362e-01 -2.289242080956011838e-01 3.946108699700753286e-01 0.000000000000000000e+00 -1.307981085567387347e-01 -1.474538286960143940e-01 7.877099609292419202e-02 1.192860068401261665e-02 -2.287228784023787875e-01 1.620448730298319068e-02
8.487867677169211311e-02 2.343178747378691501e-02 2.714845306065632458e-01 -5.754677051112835340e-01 -6.757673502694036549e-02 -1.585095630328775818e-01 8.745038036477781329e-02 4.174425332716444337e-01 -3.227551085972770739e-01 -1.999815414372627664e-01 -6.395736829017180380e-02 2.022179578552300294e-01 2.260472105836014434e-01 -1.673751402955624412e-01 0.000000000000000000e+00 -1.710463056092567657e-02 2.263896405153481284e-01 1.686757461616994122e-02 1.228545912661062472e-01 4.639761230157835557e-03
-1.953427188829064132e-01 -2.081504661682198609e-01 1.103425633730659439e-01 -1.583573100778598308e-01 -2.210543933587653109e-01 -4.771000668609751832e-02 1.054586842758547666e-01 1.455460196398545847e-01 -1.551884358152600396e-01 -3.367781799779900886e-02 1.264095929653120676e-01 -1.433963957718140947e-01 2.169224211376203915e-01 3.655627444424279504e-02 -2.224414091399514459e-01 0.000000000000000000e+00 -6.354180223167819885e-02 3.536848860268877459e-01 -3.351584332867082322e-02 3.428399405420980983e-01
5.133427955353492278e-01 1.356807834108065269e-01 1.220105230226327386e-01 -7.483570724115616579e-02 3.398454158504450595e-02 1.885313946320773260e-01 4.570180826968850418e-01 2.848091960216022622e-01 -1.719212567532348301e-01 2.958068935938941157e-01 -1.478677917993726498e-01 4.165340865435667173e-01 2.794627792607241590e-01 1.219802982592588514e-01 -2.642284760573797575e-01 1.492709445639762156e-01 0.000000000000000000e+00 -1.601941184809057561e-01 -2.110981893958471106e-02 -3.576843494929481948e-01
2.002420312438090919e-02 8.513045222359202913e-02 1.987593289848192668e-01 -1.334128333889319507e-01 -1.080852070465433967e-01 3.019416632276188950e-01 2.790840114882930378e-01 -3.749859118166947725e-01 1.252730605363829020e-01 2.247817779359554680e-01 -1.555526367944840005e-01 2.211287324307277813e-01 -5.569776860570950505e-02 -8.533739590922648222e-02 -2.736266851847452553e-01 3.009832738592690404e-01 -2.244574152702933090e-01 0.000000000000000000e+00 -3.328502915284209385e-01 -1.823935880610406957e-01
-3.174425337448018580e-01 3.047623252165037044e-01 -2.425427568616126683e-01 -1.356620744316444083e-01 -1.710539674007982222e-02 1.136918160210548534e-01 -3.458873320104718374e-01 -4.349649510024883869e-01 -2.511416520477422476e-01 9.240899985155291707e-02 -9.845567696565581117e-02 1.028132437755233525e-01 -2.024178199827749436e-01 1.904447011931812150e-01 3.744210108951734339e-02 -1.169003143439632797e-02 9.363566448281189503e-02 5.513376311446282346e-02 0.000000000000000000e+00 -3.518059805494289094e-01
5.292449877711884881e-02 -4.305521919195909319e-02 9.003922821099442919e-02 4.641533680159497938e-02 -9.799107306712660781e-02 9.682660570650648835e-02 3.398327139456028823e-01 1.214278949949317010e-01 1.016536687066347568e-02 3.338333855080445611e-02 2.344988791064982481e-01 -1.454707900381948804e-01 8.289204242354408780e-03 -7.709510128362266623e-02 -3.224004476953283849e-01 1.739592818024736365e-01 2.102382513604101888e-01 -6.253129974096049981e-02 -2.761727481143204377e-02 0.000000000000000000e+00
