0.000000000000000000e+00 -3.584373489290688108e-01 -3.432851519609823598e-01 -1.275455175255119922e-01 -4.846192141220201366e-02 5.699162620309516231e-02 -3.341802185257992941e-02 4.496246522557845737e-01 -2.164159571260719506e-02 9.440716130498165437e-02 -5.041473820780090903e-02 -1.426484122198043158e-01 -3.641728216588611088e-03 2.334939699701644999e-01 -2.425866162278083604e-01 -4.932597866781567864e-01 -2.126990357177928892e-01 1.862584670775660756e-01 -2.236533450673010293e-01 7.680060444732640657e-02
3.457028762946675049e-01 0.000000000000000000e+00 -4.574667193712470548e-01 7.478905674291645711e-02 -1.434345201800929226e-01 -4.975178445328917037e-02 -2.751200797672106457e-01 4.602906623205098302e-02 1.836642296355371906e-01 -1.104126516485949283e-01 -3.150158067348741153e-01 -2.719782730091034884e-01 3.878010573804836492e-01 -4.623961876662739667e-02 -1.639459496289084051e-01 1.731080890738072864e-01 -1.738266069952801862e-01 -9.271522354174922820e-02 -2.561731586548720019e-01 7.268126524856501069e-02
1.328852379361930591e-04 3.172059269171607632e-01 0.000000000000000000e+00 -1.355660755493338920e-01 -2.651532038715272988e-01 1.018538399938705985e-01 -1.873031040320868867e-01 -3.286157917311779281e-02 -1.525780338958710736e-01 3.326530456901323762e-01 -2.447847248965245304e-01 -3.700037059951220564e-01 -5.331242969422031290e-03 -8.133417784830571096e-02 -1.079893639386659138e-01 1.653744571726475099e-01 1.366800653257864429e-01 1.099703340429907944e-01 4.009099642451013912e-01 -1.528882732536488709e-01
2.357068430373064072e-01 -1.376439478475992850e-01 9.781512740894406088e-02 0.000000000000000000e+00 -1.461404858551985375e-01 1.180166677801588043e-01 2.085629179790305099e-01 -2.490786628379249371e-02 -2.506000064460068844e-01 2.216247821765822135e-01 3.646571511608912575e-01 -4.248730405946704591e-01 1.393426050791124991e-02 1.073307131012569693e-01 8.488319732878638058e-02 -3.381482558613797540e-01 6.462680840043921737e-02 2.135992492357707828e-02 -6.547679798997065037e-02 1.915376461666859487e-01
2.087309110498494769e-01 -9.414853120522632957e-02 3.556308533098991309e-01 -2.378730366675864960e-01 0.000000000000000000e+00 -2.438419387940204686e-01 3.319490788420569327e-01 -2.435590108389037167e-01 1.351551117917945133e-01 2.105970701862421302e-01 -1.386682053277904225e-01 1.822094122051148568e-01 -2.012550691578063600e-01 -1.074228040033135129e-01 5.148719154975799073e-02 4.365588374165384894e-02 1.198171968676953747e-01 1.530139849970754140e-01 6.308572362163157310e-01 2.049364297192896034e-01
3.370254662628712622e-02 3.968344126248303863e-03 1.539624126279046318e-03 7.357437749225090307e-02 -1.313412783308861298e-01 0.000000000000000000e+00 6.893206309270694110e-02 -1.999678253537470751e-01 -1.719886195053899891e-01 1.943583347213360124e-01 8.304327110470136053e-02 -1.405059556740110571e-01 -2.062721945609938545e-01 -2.020044674921767369e-01 9.081760204118920210e-02 -7.578038644269875779e-02 -3.702144652949362347e-01 1.005696935900801947e-01 -5.800224355684353572e-01 -1.662159919082232262e-01
3.396657552687752379e-01 1.676817503593223124e-01 -5.073833285610740429e-01 -1.700751960595670020e-01 -2.136567724512319910e-01 2.066017681991059729e-01 0.000000000000000000e+00 2.998365863509198648e-01 1.518272341613852716e-01 1.328801073895516660e-01 -2.501941079785284794e-01 -1.222426672446375318e-01 -1.209821772061267092e-01 -3.280021925478437406e-01 2.960220711693684059e-01 7.702064272218486773e-02 -4.324955035132438397e-01 2.025122788180577782e-01 -2.104416053165584499e-01 1.581449665788645931e-01
-1.500020461246469039e-01 -2.617214558721394080e-01 -2.770949760180266286e-01 -3.799854082278867895e-01 -1.830252221894340114e-01 -4.137666221830181845e-01 8.880367814099322799e-02 0.000000000000000000e+00 -7.880514142594481630e-02 6.138612269915048186e-02 -3.099300383359711031e-01 -3.969412209362869204e-01 3.765237158280444474e-01 -4.325032730980050144e-01 -2.188970543763253118e-01 8.639961546058631814e-02 7.742057975252673863e-02 -1.005384777854780864e-01 -3.031700845283001877e-01 2.665486854426060703e-01
1.293236910674648577e-01 -2.319478644709316653e-02 -3.601051694207322434e-02 2.000254471874242657e-01 2.886197802376148647e-01 2.417766473369434288e-02 1.215245249642193590e-02 1.589666426558591361e-01 0.000000000000000000e+00 3.787119380143396108e-01 -2.786786444317949640e-01 -4.308729995494817167e-02 1.328915506720714235e-01 -3.718636234368890431e-02 2.845646819090488777e-01 4.642112012490522410e-01 1.173592658011513717e-02 1.656246099969869157e-01 1.356413707611335562e-01 2.725938887773460828e-01
1.911917632344607460e-04 -3.267921412392423008e-02 -5.857964776908999860e-02 2.433917706164421407e-02 2.276053054111005503e-01 -2.559282101552353694e-01 1.748351821079363322e-01 -3.890320859210962684e-02 -7.636733783685564769e-02 0.000000000000000000e+00 -2.222521226903887703e-01 2.284935334779596428e-01 -1.425898948862289184e-01 3.369783415178766450e-01 -2.275899833516089599e-01 -3.233603110165741978e-01 4.825387894260244059e-02 -2.521350669724331528e-01 9.819603601824475336e-02 2.232640146578842855e-01
9.788329317800681384e-02 -6.085800773966997847e-03 -2.314938957117269325e-01 1.087661036927898006e-01 1.059471178590860735e-01 -6.694352005795847771e-02 -4.255540596286062210e-02 -1.410310810858880493e-01 4.398857695578716615e-02 9.310924474996654793e-03 0.000000000000000000e+00 9.669749896875609596e-02 1.359597145430255782e-01 8.011732337964058703e-02 1.270221189843873111e-02 -5.290368726131442628e-02 1.961569067959345603e-01 1.279336518977163863e-02 2.529802494664512014e-01 1.320091350531347463e-01
3.922379464419327721e-01 2.405253742860099381e-03 -6.026498952399771819e-03 1.130907187958138799e-01 9.453231090828712047e-02 8.744660295556105217e-03 3.673344595616919589e-02 1.667515173111219495e-01 2.386051083131622563e-02 -2.908242427310909761e-01 -1.830570792930598101e-01 0.000000000000000000e+00 -1.348616883039025216e-01 -2.166611218475289480e-02 -5.734550152490081043e-02 -5.911956805413994681e-02 4.872132622527342548e-03 2.501615699407894189e-01 1.939035242412079363e-02 -8.826259537463555793e-02
2.720443737914336399e-02 1.365307592892267552e-01 -3.559665927738792646e-01 3.787780976332038585e-01 -2.773653003588210653e-01 7.213973399605860815e-02 3.297325971069646755e-01 2.122702072966726194e-01 2.769806124535603709e-01 1.613061320570232382e-01 -6.344349525149556301e-02 4.941562246050466012e-01 0.000000000000000000e+00 1.905544752318286406e-01 1.108710178318531719e-01 8.513421209328311812e-02 8.064788576602907599e-02 4.666015299038606123e-02 2.959332619740875359e-01 -8.547710576092044932e-02
3.974625406459924015e-01 -1.401442402887707606e-01 -2.726399795679733673e-01 -6.498860390683272592e-02 5.652054123175974387e-02 -4.919978023470426148e-02 7.372628181475476827e-02 -7.279471377928802001e-02 -1.203375703322833029e-01 -5.852816838410609956e-02 -2.272746193695459604e-01 -1.469464171643692085e-01 -8.059214605190098690e-02 0.000000000000000000e+00 3.675929036709558173e-01 -4.560977796691059183e-01 -5.672831535168234435e-02 1.000076284894885342e-01 2.017395847352697683e-02 2.542906422547781542e-01
7.212109255838544675e-02 -1.012012330231049639e-01 8.367569943144644029e-02 2.190452900297706340e-01 3.510889290305905797e-01 -1.544440088134095730e-02 2.020314014780290879e-01 3.866138093812309523e-02 -2.602183301230529544e-01 -4.557849273918435640e-01 -1.658566353346053457e-01 -2.449005220412523720e-01 -5.331163420579394518e-01 2.671375194294104902e-02 0.000000000000000000e+00 1.057805270755402399e-01 -3.148447661086866134e-01 -1.978083384331760508e-01 -3.450463051659377611e-01 -7.485135256006601734e-02
-8.966435977247080857e-02 -5.064201875260485736e-02 -1.112794412706516328e-01 2.644667380172536775e-01 2.587155884089761826e-02 -5.211145883382690275e-03 2.105227535495977562e-02 3.987856239506097911e-01 -1.394223035299351106e-02 1.891995301007635133e-01 -1.508554157765109593e-01 2.676598117506556740e-01 7.503073874948565369e-02 -3.341332063069639147e-01 3.021626949283298114e-01 0.000000000000000000e+00 -1.844644586850465451e-01 1.825254376425117508e-01 2.210915639156172119e-01 7.306285576059687314e-02
4.885260757417851651e-02 -3.550049524178862750e-04 4.964010665957909602e-02 -4.121939163173998777e-02 -1.168679432372892041e-01 3.396921318305469728e-01 2.091504192497432510e-02 3.716044659698566899e-01 4.328457408015397023e-01 2.563712045677454809e-01 1.864473539804128721e-01 -1.732461074215600749e-01 -1.164048070131904894e-01 -1.274637223828282429e-01 -8.929214744872365772e-02 2.049024118925189264e-01 0.000000000000000000e+00 1.984400838741430528e-01 3.053593309828461222e-01 1.725633743372940732e-01
2.730359900276634333e-01 -5.354236900570389368e-01 5.646910657760303986e-02 1.442896321111431512e-01 9.651646811797810754e-02 9.978158708083981199e-02 2.973716498399882682e-02 -7.899111712999305757e-03 3.343101026345374205e-02 2.794971948339681211e-01 -1.906390215876612448e-01 -2.889619950445530827e-02 2.385360254179287320e-01 -1.706015545921995939e-03 3.136016222070255738e-02 -2.090377137217746262e-01 -1.509554177323707558e-01 0.000000000000000000e+00 -4.726109938919307307e-01 -1.853686681560515193e-01
9.434225116815329881e-02 7.791910461666873289e-02 8.567025871838085394e-02 1.646941831748182927e-01 -3.573828283333797540e-01 -3.585152320361472689e-01 -5.145615673306293270e-02 -2.689047923169203269e-01 -3.840254709974375569e-01 -2.433377853583358272e-02 1.074902108458881123e-01 1.479294370167658912e-01 2.572375864277876706e-02 -7.959146442775220931e-02 3.898678368051028409e-01 -6.630554079039226167e-02 -8.629489915913270137e-02 -8.326549381129030869e-02 0.000000000000000000e+00 -1.840435118313126645e-02
8.743664325437630613e-02 -1.323385678634442508e-01 1.245096442108378221e-01 2.202508341452063811e-01 1.818611765150132120e-01 4.869990768977753431e-02 -2.944966629386481030e-02 4.332539668359128848e-01 7.576839927147330234e-02 4.197039748468788245e-01 5.047558016425964800e-01 -3.520992497188069059e-01 2.939455668319050363e-01 1.115457171403704401e-01 -1.359269406545099423e-01 2.212720141696888909e-01 2.285372533362749481e-01 1.485117979445340353e-01 2.571767542022540542e-01 0.000000000000000000e+00
