0.000000000000000000e+00 -1.835489125274773481e-01 1.487311345643999305e-01 4.075517563261360499e-01 -3.223478500581851702e-01 5.228106592965148930e-02 7.594119171910483634e-02 5.170095794357597307e-02 -2.219481412101714877e-03 4.033526268444266871e-01 3.058592135832783887e-01 -5.844235668754240581e-02 -1.000877103671829332e-01 1.274206123444024674e-01 -2.256237364364897247e-01 -2.524414764996239513e-01 2.369213771484434405e-01 2.304136282188045948e-01 3.183407209256165771e-02 1.325718167098688949e-01
-2.259853582752300583e-01 0.000000000000000000e+00 -5.143046628362833023e-02 8.427612579369607448e-02 -1.050988563099806844e-01 -4.885651757166310089e-02 7.735008131859447134e-02 -4.681044250436650067e-02 9.098163669697025002e-02 2.278899429660084519e-01 -2.338235846507648041e-01 3.624102976913749496e-01 -4.090362066799669294e-01 2.761900480130177193e-01 -4.996471210216694159e-01 -7.085030803029550295e-02 2.897519196479537151e-01 3.859675615898563311e-02 -2.825439332745518020e-02 3.885160229337237051e-03
2.909981396802970299e-01 1.384725151036624302e-01 0.000000000000000000e+00 -8.419949357877114238e-02 2.504394351063348179e-01 8.859693435101284598e-02 1.430476912061418304e-01 -3.468468509834862767e-01 3.863117097519431220e-01 3.751808351517976065e-02 2.934103439376032907e-01 3.721884095436228668e-01 1.917486351685288026e-02 8.205795108464535026e-02 2.615672323026396184e-01 1.657787119834485123e-01 1.252576376325638119e-01 6.619701069033168128e-02 -4.182468867968187898e-02 2.560963460678999590e-03
6.554608145360976690e-02 3.006103185532934541e-01 1.888335166569553580e-01 0.000000000000000000e+00 4.722253776036010320e-02 -1.217656844481853767e-01 -6.828363513839237620e-02 -3.659534153893514441e-01 1.554322475150883009e-01 3.203346423464270305e-03 2.084992425298634044e-01 2.898664654316473674e-02 -2.827401025218678060e-02 4.707671640246107181e-01 -3.413068175632210099e-01 -2.886515718487718818e-01 2.095182961260582399e-01 1.331003544126335147e-01 -3.325184596291745343e-01 -3.329379034460753228e-01
-1.490537492513227258e-01 2.662970943958826164e-01 4.044538513272630947e-02 2.536328753278267456e-01 0.000000000000000000e+00 1.616025455237066755e-01 -3.745449152612708166e-01 -1.637318034062992533e-01 -4.297261524097064078e-01 1.742509541958695007e-01 5.231111987107495837e-02 -4.438121448222232535e-01 -2.765672770079027343e-01 -7.786298454712835271e-02 1.736177679701172705e-01 2.995069072370731833e-01 9.885815162506528253e-02 1.029914629253214919e-01 -2.079625501274849630e-01 7.406178678586247677e-02
2.611989722417361326e-02 -1.545110207362642152e-01 -2.216795992553179939e-01 -1.157621167827173891e-01 -3.377218495565915968e-02 0.000000000000000000e+00 8.685706794665165598e-02 -2.022202185976416378e-01 1.730442886422941043e-02 1.418378738583604692e-01 -2.841027867220281000e-01 -1.676862063181917273e-01 6.259223341121760154e-01 6.575276656410217191e-02 5.006291213769190063e-02 -1.921397589914659587e-01 -2.826025004085226944e-01 1.283218734008878814e-01 -4.491836868381846593e-01 -1.683304331885772942e-01
3.716445536618816214e-02 -1.510084138907935025e-01 -3.709667073137676990e-02 6.850166940175318742e-02 -3.376066297323102594e-01 -1.589939971698414722e-01 0.000000000000000000e+00 -5.645920759517441406e-02 -2.151454717372656422e-01 6.808616655529714512e-02 -2.481099700030069410e-01 -1.832156020875367330e-01 3.520497390545752614e-01 -2.026522400069014351e-01 1.007085960195353985e-01 6.878655226335293749e-02 2.858217339381247113e-01 -6.663767685012722541e-02 5.164931501449372686e-02 1.970210293932342094e-01
1.187607537867440832e-01 -3.413878275230131654e-01 -1.032577221370285236e-01 3.336409483110472363e-01 -1.355851480430899647e-01 1.224535794830361284e-02 7.854885041559511727e-02 0.000000000000000000e+00 1.556330316886581910e-01 -1.702689137524763530e-01 -8.885092295669615170e-02 -1.004898087431859849e-01 1.643300945654149192e-01 9.548759910042760313e-02 1.358741116348917144e-01 -1.243591632370816356e-03 -2.367229370479523309e-02 -5.970133989805176053e-03 -3.312576561313515522e-01 2.774304916147108391e-01
-5.935927877196203739e-02 -1.371701460660547933e-01 -1.902275439319855294e-02 -7.004639998381899380e-02 2.342487728683664006e-01 4.785399353879523504e-02 4.764564045930677061e-01 -4.555381958045209845e-01 0.000000000000000000e+00 -5.275168736315873075e-02 -1.093378996594658037e-01 -1.888194949359748298e-01 -1.091500719111988815e-02 3.319721984599594555e-01 -2.207695108139655013e-02 -1.424951546274466629e-01 3.745523044308932126e-01 -3.178223545529198502e-01 4.403313299428664174e-02 -1.652633690927555188e-01
-1.694995821484496512e-01 9.785848314259863734e-02 -1.281292859867398659e-01 1.245305728183589838e-01 -6.051880870342787183e-02 -1.274497730936263451e-01 -2.844273437253500569e-01 6.531560056412391013e-01 5.507776467136998172e-03 0.000000000000000000e+00 -5.144830477284295656e-01 2.702233550876770307e-01 4.097114673329648182e-01 2.197371409940149789e-01 1.143003466410112551e-01 -1.111496806196276554e-01 1.973362569844391290e-01 -2.709794327714434847e-01 -2.392604216418273112e-04 8.002492817198743336e-02
-7.943446290449790448e-02 1.366498094863589918e-02 1.420342045072665593e-01 3.352942631989821454e-01 1.772140779226819562e-01 2.071687931604069555e-01 2.559010452516969347e-01 2.255352696613327490e-01 -8.623136363599268051e-02 -8.164872416546654910e-02 0.000000000000000000e+00 -1.010802416631818336e-02 -6.686833888189087638e-01 -2.790486003135276838e-01 -2.064885054337642079e-01 2.737875239872323840e-01 1.949894916236681319e-01 2.479632458772270120e-01 -1.765191301268543428e-02 -2.664129734135926020e-01
2.567228830297159647e-01 8.525666390178342213e-02 -2.735121596117788198e-02 8.987531842097269685e-02 3.694454784951516357e-01 1.131649943271666875e-01 -4.305197711562579188e-02 6.644841637856650773e-02 5.485521328920729411e-01 -1.187507563036430541e-01 -3.071155887863125655e-01 0.000000000000000000e+00 -1.077225720662554342e-01 -3.840613932925810992e-01 -5.410967040112575187e-04 -2.962857159480280500e-01 -2.598064756698891808e-01 -5.056297318627509529e-01 -2.285194406810702183e-01 2.390631895945536101e-01
1.212734021293999653e-01 2.125338933269996788e-01 -3.615974885477405421e-01 3.700109524713434128e-01 8.720028886304757865e-02 2.361052704598714802e-01 8.461840514575215411e-02 4.570299431120503075e-01 2.139479049931041765e-01 -2.753569803825405837e-01 2.418271482807610728e-01 3.159064640244581557e-01 0.000000000000000000e+00 1.987522563511164020e-01 2.155277114712416675e-01 -3.047789560485769100e-01 3.980190885545402402e-02 -1.259417408969993324e-01 1.636616556824051771e-01 3.605170724062132792e-01
-6.256257718911278909e-02 8.049820904106128050e-02 4.385349368014076488e-01 -1.128767998095084601e-01 2.307955713246981067e-01 4.287239102309992923e-03 -9.968962423860490418e-02 -1.954548169748139205e-02 -5.292932686200097631e-02 -2.992212094567079927e-01 9.634557620429819169e-02 -2.127612787973424402e-01 -2.151083288460069742e-01 0.000000000000000000e+00 1.509148340580681591e-01 1.191940328105361435e-01 9.750118511948473177e-02 -2.522697999762431031e-01 -7.855929360728694522e-02 3.160088212851044649e-03
1.312227809626501929e-01 -8.350310312415275271e-02 1.031382973207196213e-01 -4.776442102072875340e-01 8.436125777277261872e-02 -1.529649169575964807e-01 7.886075407006178095e-02 6.813145788319573126e-02 2.265849864514364320e-01 -3.938862902533804555e-02 2.557313378791717384e-01 5.759400836314052669e-02 -5.903018296595292924e-02 1.951002793233112265e-01 0.000000000000000000e+00 1.489382888226261914e-01 1.056727547818338692e-01 -1.368902318071608948e-01 -3.064110344142557119e-01 -7.357103088572304606e-02
-2.085296370703424162e-01 -2.346279107669120567e-01 -4.297652082128082529e-02 -8.254032237922807880e-02 -1.150550479018960515e-01 3.266161785582960553e-01 -2.052078525691821143e-01 -1.100425613347888465e-01 -4.205811162986088786e-02 -6.060642615289225932e-02 3.839328518769908032e-03 1.301665121022350102e-01 -5.271297194167802458e-02 -6.249477222883575295e-02 7.668532622284779388e-02 0.000000000000000000e+00 1.166275790247147809e-01 -2.414426634585550846e-01 -4.211840743460345399e-02 3.665750903489368301e-02
1.413758135328977705e-01 2.125376482809439860e-01 -1.325770939434524065e-01 2.319012165507582657e-01 -2.109568679124298463e-01 1.076498772160091599e-01 -1.195745246456324934e-01 7.773410734579394576e-02 -5.503828253790512409e-02 -1.530778431937900308e-01 -1.779712422140610484e-01 -9.065550596758768787e-02 1.712764937877866989e-01 1.247392202378351106e-01 -1.219788411683820628e-01 -2.053808404134824239e-01 0.000000000000000000e+00 -7.271159227727956587e-02 2.152137278827657985e-01 -6.478380603353013356e-01
1.392104966725776216e-01 -9.760760870840592615e-03 -3.274833762593130221e-02 -3.438701969168387884e-01 1.811704195381451665e-01 4.322977321313275362e-02 2.194588101830133586e-01 -1.163300165953525672e-01 4.860989170582399183e-02 1.982870338017152789e-01 1.188612723948058308e-01 -4.761638021580362756e-01 -4.436939979935811684e-01 -3.236339208182891641e-02 2.474865850018982405e-01 -6.807636262178816400e-02 3.445955495757653253e-01 0.000000000000000000e+00 -1.924988932017675514e-01 2.747124130783020757e-01
-9.834691327186934062e-02 6.378230488856499042e-03 -1.321351602862179675e-01 -5.393413773377088438e-02 -2.739876821349429559e-02 1.480510328338182913e-01 2.604893645731316560e-03 -9.118123853111975707e-02 -4.079543080316431342e-02 -1.651800943245542233e-02 -1.506015778178805831e-01 1.398876651957064454e-01 5.141119556201304008e-02 -2.545076839323278176e-02 2.967044679030833576e-01 -2.237446023572476628e-01 4.881432964426117571e-02 6.461752023494968244e-02 0.000000000000000000e+00 1.483605389226777260e-01
-1.213705162310071556e-01 1.941981509148073548e-01 1.857860819635888117e-01 -2.291524696850054388e-01 2.722165057385637632e-01 -8.017209786615657127e-03 -2.060977552150382308e-02 -3.482352004406897295e-01 -7.216279908069106463e-02 -1.278760358891498639e-01 4.307571754074240866e-01 -1.311493118637118982e-01 1.435986585252504999e-01 -2.338460264030775212e-02 2.562481569218070729e-02 -8.973533270174351151e-02 1.549202968944113634e-01 -3.433378429298025170e-01 -9.831031646679837255e-02 0.000000000000000000e+00
