0.000000000000000000e+00 1.117925166561435646e-01 -2.226920069354105247e-01 1.550933413631824243e-01 -9.353506338716605084e-02 -3.543222413309375929e-01 -1.448316360771083333e-01 1.338454778634818043e-01 7.429336584424021950e-02 -2.565835753858667356e-01 1.383387480282762261e-01 -1.967447529002586473e-02 9.504907739037227188e-02 7.429406187906614778e-02 -2.586719796892336665e-01 7.848534942014405436e-02 -1.357041219685949929e-01 3.459150939466179020e-01 1.617441008114266776e-01 1.031622645071601958e-02
-2.198036158358751546e-01 0.000000000000000000e+00 3.575314719443565409e-02 -2.703290265085499522e-01 4.971584583482050457e-01 8.816709033042550991e-02 3.784226893518743418e-01 -2.488323622204991481e-01 3.657642697496397144e-01 -3.043211578384632521e-01 -1.456185232029381105e-01 1.212958000073548481e-01 1.073452320630391595e-02 -5.272812939363733520e-01 -2.472161076819286429e-01 1.873459041385989177e-01 4.668621189722563236e-01 2.045646570243342954e-01 -6.176094757500812105e-02 1.781054750436373568e-01
-2.557611359215335445e-01 1.140215297793344823e-01 0.000000000000000000e+00 -2.092982128471263751e-03 -2.922644568576679772e-02 1.793520191917853945e-01 -6.774480252322763463e-02 2.687759499950511111e-01 -4.399358169296892218e-02 1.870535043093728700e-01 1.758896175494807368e-01 -4.116323576300415232e-01 8.395873222190108204e-03 8.033756526496550754e-03 -1.741315408102364626e-01 4.011745531944598681e-02 -3.254673699193704195e-01 1.243667966598019786e-01 1.139900172239765030e-01 6.718166575690694142e-02
5.537810537001183198e-01 7.878637861046840218e-02 1.508697437412193955e-02 0.000000000000000000e+00 6.644279451026681438e-02 -2.150598306446916408e-01 2.843872883390516360e-01 -1.448177200987047220e-01 3.543486570314121481e-02 4.449960905387356780e-01 2.603202524192392842e-01 5.426046099870480283e-02 3.085595140521438795e-01 -1.219969741570786810e-02 1.778197168634840786e-01 4.268645251415504466e-03 -2.024621223159007721e-01 9.621159454632463581e-02 2.089941076147304178e-01 -7.739073134355857475e-02
-2.453239111220000268e-01 -1.181082316062509047e-01 -5.321339283808137477e-01 -1.358822042992131607e-01 0.000000000000000000e+00 4.522235206940283803e-01 -1.263099562484005789e-01 -3.450094241584420462e-01 1.947261415341282331e-01 -3.917826484073638066e-02 1.086796268683441757e-02 4.218257341311038716e-02 4.680391888368646419e-02 -8.372842871372673801e-02 2.134770961476759876e-01 1.170017342441243974e-01 -1.108683915081245808e-01 -3.834065228428457095e-02 -2.111672384097731114e-01 6.280325067133342432e-02
1.650770725054165611e-01 1.455128461143009033e-01 1.374601836258252108e-01 -2.830159815082582825e-02 3.530470144380934983e-01 0.000000000000000000e+00 6.723203865294082558e-03 -7.517209740894842396e-02 1.817113159521938429e-02 -5.378284109889076847e-02 4.544091114413898458e-01 9.522221983807817314e-02 -3.763223895232632454e-01 -9.701994384706758012e-02 -3.166781029213939225e-01 1.967513967871522551e-01 3.073683908996698300e-01 -1.008562606214374741e-01 1.371900662873996868e-01 -4.699243606949254221e-02
9.124457973424476842e-02 3.873760821576593960e-01 -7.813893879361315242e-02 -2.757377760724697424e-01 1.606110360204339171e-01 1.155062452584889737e-01 0.000000000000000000e+00 2.295223086241237886e-01 -1.523094190161725647e-01 -4.396142561159732676e-01 2.327537394365980783e-01 -9.137698772453069218e-02 -2.699829506484384689e-01 -2.612376488226997306e-01 2.523119473321163153e-01 4.043555811205332140e-02 6.773095400240579378e-02 1.901522850579457635e-01 -1.513596527328134322e-01 -2.515832707298104598e-01
-1.907257043858657242e-01 -2.469903924007776919e-01 -6.509099932456205440e-02 -1.992282303486183348e-01 8.639096254693607105e-03 -1.075211369665582950e-01 -1.788395744862868175e-02 0.000000000000000000e+00 3.133350389776560774e-01 3.479182946957885547e-01 2.569738061879434446e-02 4.748743989693753748e-02 -1.136772749080486450e-01 2.249444118941147097e-01 3.425188496312609465e-01 -1.327333984674082534e-01 1.708592209122280769e-01 -7.369331840886286789e-02 -3.826247605997755430e-02 4.120732452691380082e-02
-8.970586351068803033e-02 2.001514234423557859e-01 -3.344827571415263656e-01 -1.554954759322711988e-01 -2.670121004277138319e-02 -2.336296826383266467e-01 8.064110469687255089e-02 -3.387428992414815987e-01 0.000000000000000000e+00 -3.220530170633039702e-01 -3.247815774910521591e-02 1.136086436495395702e-01 4.927318938653384994e-01 2.409663617280872472e-01 3.616261281542779704e-01 1.519904449714074013e-02 4.730929162398423982e-01 -5.394707949843965261e-02 -5.639307704974686614e-02 -2.866824356762572856e-01
4.969700133337159875e-02 2.355922124255950822e-01 -1.417349896965481026e-01 -8.286916893771613390e-02 -1.036518064818778978e-01 -7.411504445088970550e-02 -1.320137384674519854e-01 -3.018780595240594389e-01 3.087938613074580063e-01 0.000000000000000000e+00 -2.073018807837574140e-01 7.686292494308519241e-02 2.261920818159237068e-01 -4.664455996052906811e-02 -6.333579608843499520e-02 1.106329133964652212e-02 -5.843114900210113344e-02 1.960455788843784852e-01 -1.079749566953478873e-01 -2.203462665192176817e-01
-1.056906185974299806e-01 2.152616666792683819e-02 2.748604710327537948e-01 3.577434877315258110e-01 -8.931174729272689516e-02 -3.274013974963990159e-01 -3.094419073442039592e-01 4.752364807781913059e-01 -9.008442165046685879e-02 1.023909427653822563e-01 0.000000000000000000e+00 -1.520786146491585611e-01 -4.350806755134890152e-02 -1.298250271080905738e-01 -2.450542681059942052e-01 1.788307745578715524e-01 2.382977128119438959e-01 -4.189806518232027099e-01 2.195171775827383376e-01 -5.276385128203666536e-02
4.106009311770443537e-02 4.424485379714119399e-02 -2.921509286548080730e-01 -6.951284994950940321e-02 -2.215749321545014972e-01 4.282632710721925862e-01 4.887705053684719414e-01 1.879043784565926495e-02 -2.636225804255146188e-01 2.585019942376455826e-01 -4.248570177439454226e-02 0.000000000000000000e+00 4.402190381667749342e-01 3.740732494187874457e-01 -8.838270015278125447e-02 -2.231763073045118506e-01 -1.482624890598641942e-01 -2.154345002471958967e-02 -2.065695999014094397e-01 2.668453112957331341e-01
1.470134553291704560e-01 -7.594868641307882078e-03 -8.953059341445257502e-02 1.451911315396642588e-01 3.082239826153423956e-01 -4.315153573641684059e-01 5.229572466548314952e-02 -6.718608508713264094e-02 -1.664148201729047649e-01 -7.630716015588580314e-02 3.007894352484116046e-02 4.180475590874623837e-01 0.000000000000000000e+00 -9.609876780808897234e-02 -2.744080592010182396e-01 1.730714956979472752e-01 -1.681234125047176842e-01 -2.543417319614139915e-02 1.594510558228670050e-01 1.171042268421792522e-02
-8.636334963530103992e-02 -3.862133541425286087e-02 2.008769472648824495e-01 -4.390792455728278164e-03 5.426337666195148873e-02 9.455179157153827119e-02 -7.480527375637835430e-02 7.332941495328579307e-02 -6.189640944954236806e-02 2.535350746284739665e-01 1.122081838640532903e-01 -3.869153258707355159e-01 -4.636575005352233658e-02 0.000000000000000000e+00 -4.759826304865712870e-02 -9.447776782981021082e-02 2.221944483195036346e-01 -2.420825727141467376e-01 1.454224431014823800e-02 1.319644967082346798e-01
1.904968083572286808e-01 -2.310641223666778654e-01 -2.786614940590257383e-01 3.341931050491775412e-01 -1.740604105658526690e-01 -2.009876553518701037e-02 5.436382136683661770e-01 -1.040327792753549391e-01 -4.923966088542405806e-01 6.231482272605687323e-01 2.264196231071825549e-01 8.022806785568105392e-02 6.209861923965011021e-01 -1.682993431443101373e-02 0.000000000000000000e+00 2.786135770755918204e-03 -6.163601016182989473e-02 1.414345336262416153e-01 1.977551278291736214e-01 2.867460608052929683e-01
2.671019556780397375e-01 -1.115173442558271555e-01 -1.805392643749558629e-02 4.333212188842575086e-01 1.361401409598262946e-01 2.181038244396699480e-02 3.012943105789600007e-01 3.130854728026414291e-01 2.884480106699537916e-01 -1.221306761716943329e-01 -8.604090814014590805e-02 1.681823559496599119e-01 2.666209252989557021e-01 -2.672240001581434599e-01 -1.017463510915484065e-01 0.000000000000000000e+00 2.252273017307764025e-01 -2.421667529608914071e-01 6.048482102879469968e-01 2.013669959048727462e-02
1.386548437956047486e-01 4.986129729015821854e-01 1.406871580922546827e-01 1.688547810782339564e-01 -3.844195621371299110e-02 1.062797259524349974e-01 -2.346724119672497777e-01 -1.555102981159005304e-02 9.865681555903331457e-03 -2.197989909985564316e-01 2.266366842656282743e-01 1.027656099895022934e-01 -4.143287622314323349e-01 1.782197906750531968e-01 -2.052131361893035355e-01 1.319478729152078755e-01 0.000000000000000000e+00 -7.825713229849699804e-02 9.558573901892568336e-02 4.355756535377321437e-01
-3.359172135889645361e-01 -7.537676670214656094e-02 -7.426225629238350501e-02 2.465182404668042337e-01 -5.270971300238066343e-02 9.523038227476138262e-02 3.000266727737411210e-01 1.733998885397777523e-01 -9.093663240528475356e-02 -9.459825118743735162e-02 -5.736361414001046183e-02 3.697572087145074154e-02 -1.893521662092771396e-01 -9.826475511219789905e-03 1.312197575896280610e-01 -1.022593951130211370e-01 -1.044765178154275359e-01 0.000000000000000000e+00 1.809210778969203293e-01 -2.973126440572743112e-01
-2.181845018141436443e-01 2.890156172606654916e-01 -3.376946782966316375e-03 -2.442169975903018819e-01 2.843131326987642996e-02 3.553751052511423536e-01 -1.365278201553966619e-01 -2.132442892959852399e-01 -5.452982277703913305e-02 3.571210686188451278e-01 -1.457559058057598111e-01 1.193283969187462212e-01 2.253931130462083487e-01 1.391330329882841388e-01 -7.589872919507562044e-02 1.458197114916485460e-01 3.775663839901317181e-02 1.816174858890410859e-01 0.000000000000000000e+00 3.216430995076045157e-02
-3.868895562576477598e-01 1.443193438111805837e-01 -2.537984318052142335e-02 -4.631828503595937785e-01 -9.508311970466176363e-03 6.625580838431549546e-02 -2.639648260599847251e-02 -5.448647391646860294e-01 -1.616859348196394153e-01 -2.150234133285654492e-01 -7.072678217842606752e-02 -5.127109452218654440e-01 6.310332810760931055e-02 1.193092738125448027e-01 1.284872762121782586e-01 -1.184715638760157341e-02 -2.186640302941632308e-02 2.249819754263911731e-01 1.015896800661871824e-01 0.000000000000000000e+00
