0.000000000000000000e+00 -2.820495974980627429e-02 -1.530826355892169199e-01 2.076669309561590127e-01 -4.124206089907326289e-01 -1.044249165893599840e-01 5.126164245048686618e-01 1.093012509713882779e-01 1.588205273291452280e-01 2.360246767641591692e-01 1.209111281273430281e-02 5.768013739689532848e-02 1.315437758652021616e-01 1.979466294227916479e-01 -2.274096839721386210e-01 -2.989467060675261509e-02 -9.798125677339381001e-02 1.103373196596429684e-01 -4.449979201232311110e-02 -2.850950016170219481e-01
6.562728803219064488e-02 0.000000000000000000e+00 7.094324988838022691e-03 2.845709244609889721e-01 2.395830337513659702e-01 9.297973414554042138e-02 3.467424172655791947e-01 -6.962644247927621266e-02 -3.084074190132435334e-01 3.066563271949272473e-01 6.196513826798914770e-03 -7.164352335608450972e-02 -1.892094546314432024e-01 -9.691765272065940018e-02 -2.989700038874432697e-01 4.677231926270786905e-02 -3.184879252511876868e-01 -1.237611866700668029e-01 1.672548525287554863e-02 -1.130600318410114324e-01
2.353255344780079972e-01 2.172117344964929753e-01 0.000000000000000000e+00 -9.726913034010720160e-02 1.236533065293232980e-01 5.963957909949249570e-02 2.010092820972328529e-03 1.433549335709349004e-01 -3.973652846272710676e-02 1.556924070835113416e-01 -2.658070122473006891e-01 -7.416967165364246606e-02 6.725228934668652132e-03 -2.477373638139869494e-01 -1.229669454777995163e-01 -4.545723966611253108e-01 3.148199915492725376e-01 1.415673114080231720e-01 4.947852452680707169e-01 -1.177518492331880856e-01
1.213920337411402706e-01 -1.889023609962829295e-02 2.889033402454376231e-01 0.000000000000000000e+00 3.774006803400183352e-01 -2.340299026947878780e-01 1.435824436053879660e-01 -3.867542017887586753e-02 -2.486652878740564787e-01 -4.629282699270699693e-03 -4.055157965475488235e-01 4.550887883228724173e-02 1.189306515670643938e-01 -2.274133598448099813e-01 -4.132366638506318468e-01 3.858314578178440035e-02 1.758000072208430187e-01 -1.598118447723721053e-02 1.870132703999493884e-01 -4.432532709206028765e-02
-2.063277262164887882e-02 1.947002254457641524e-01 -1.876491431140229482e-01 1.840854979575132500e-01 0.000000000000000000e+00 1.337974781592916884e-01 -1.135911290566373327e-01 3.044140827364149454e-02 -3.336469658525348936e-01 1.367725719321385702e-01 3.062356782370997399e-01 -3.807423195766598267e-01 -1.160029529393669240e-01 -2.760880357267997964e-01 -6.442099745049787440e-01 -3.515833073582272979e-03 -3.784957938701718483e-01 -1.385545206419204756e-01 1.955050510896081395e-01 3.844961393790426452e-01
7.667496994719574278e-03 -1.897156793518716134e-01 6.011252030656247941e-02 -3.893837797586144900e-01 2.828469245704806623e-02 0.000000000000000000e+00 1.804374683900426546e-01 -1.993031167647418556e-01 -1.443533517775896780e-02 -3.046939902032504491e-02 -3.888384542935299087e-02 2.955261365862625333e-01 -3.507412178941083924e-01 -1.293876384118975986e-01 9.749393004493052406e-02 -1.683555267000704514e-01 -2.066355360871945657e-01 -5.449416467689005561e-01 -3.551078326488681935e-01 -2.075094563237411260e-01
-1.236917942327978165e-01 -4.752780195084543163e-02 -1.640133129256531597e-01 8.289750784496779934e-02 2.305168283209227398e-01 6.797497645443015268e-02 0.000000000000000000e+00 -2.724845078027292589e-01 -1.725061364708295186e-01 -7.882345359042876309e-02 7.686369512088216949e-01 7.998427219261768084e-02 5.022965841346436339e-02 7.095480915757217122e-02 -4.746093939648514393e-02 -7.011732367904886798e-02 3.644199906285118251e-01 3.877898348896914593e-02 2.560071830186880920e-02 1.969156515252715178e-02
6.796607720938362129e-02 -8.485824860420247695e-02 -1.990938134806208015e-01 1.986789542524536045e-01 1.918256132392179847e-01 1.718214160783371469e-01 1.349682322195262796e-01 0.000000000000000000e+00 -4.360486790148434544e-01 -1.430737941524117263e-01 -9.241730171987505571e-02 5.177849221442615973e-02 -1.632325168628850631e-01 3.617877818775899201e-01 -3.392175470506479940e-01 1.019653177350657441e-01 -1.923599303189565957e-01 -2.368122295269173561e-01 -1.660002655519929315e-01 -4.167887544368162334e-02
-7.305618034865213328e-02 1.798526956313488689e-01 4.650491419735859611e-02 -8.527701844155822011e-03 2.057800036688332834e-01 -1.216130927305432846e-01 4.177549574668100174e-01 3.956386784692039749e-01 0.000000000000000000e+00 -2.995751087211491748e-01 2.120777297650218440e-01 3.416344043331836500e-01 -5.745247085477857285e-02 -3.119058660162263297e-01 1.849771220588886447e-02 -5.818087369253308050e-02 9.946194869053900933e-02 1.984058428770583415e-01 -2.912741721043399235e-01 -3.730335492498128985e-02
-3.814333112209423171e-01 -4.927594999489160604e-02 1.221510844803221224e-01 1.833595218125067261e-01 -6.789362979569503465e-02 3.894673849539179722e-01 1.958876792547011580e-01 1.777936541073562859e-01 -8.755488714249111404e-02 0.000000000000000000e+00 3.937754805844737582e-01 2.237315495545836863e-01 -4.740342245072806104e-01 4.266773002510826363e-01 -2.353412460055692157e-01 1.818439810094814313e-02 2.117741252139131447e-01 -1.193426910389151913e-01 3.040260712878301453e-03 -3.216316434393633461e-01
2.265740100861124706e-01 -8.511029756303105376e-02 6.834238681753222744e-02 2.660872196004219759e-01 1.076655006941332759e-01 1.867660301895123776e-01 2.741636331700152973e-01 3.849822202680971417e-01 -4.726547037216256159e-02 -2.719020546831916740e-01 0.000000000000000000e+00 -2.789517372897714065e-01 7.016101279635398452e-03 1.242737251433111423e-01 3.479994485449288688e-01 2.871296195973209175e-01 -1.174511813617848677e-01 5.483629799702343099e-01 -3.815463324566547576e-01 1.006365142607672375e-01
-2.330296571952208684e-01 -3.302100937490091148e-01 -1.159851623059856424e-01 -3.924841778536975433e-03 4.362616079780461953e-01 8.230915147823449074e-02 -2.183071544193710412e-01 7.922579620763446628e-02 -1.428737556873890258e-01 -5.516791234729274962e-02 -1.143089423032975366e-01 0.000000000000000000e+00 -3.242694894779491466e-01 -5.362728332830348985e-03 -6.511959623870087199e-01 -8.836641304421752330e-02 1.334372597581595099e-01 -4.088320601699865775e-01 -6.403974542230244094e-01 1.548412782933877019e-01
2.704083749116428237e-01 1.487870425843343114e-01 -1.375332258017318843e-01 -2.725602508894695367e-02 9.256006107385482407e-02 -2.560884713667554990e-01 -9.364230573230759164e-03 7.870031976494969161e-02 -5.612553967552389445e-01 -2.674401352787417543e-02 9.692219375416105676e-02 -9.607227488882971733e-02 0.000000000000000000e+00 -1.813615282642755677e-01 -3.649381423610746356e-01 -1.957754331050566288e-01 7.868940869761129053e-02 2.405318101006695131e-01 1.022463175155186865e-01 1.839892321911499595e-01
-1.085829308715250546e-01 -2.190715190071425844e-01 -3.360477620774232621e-02 4.372751557442163817e-01 -1.299373779925745431e-01 9.875791443694614813e-02 -3.359465320184690795e-01 -3.740810500041115150e-01 2.003577312509441377e-01 -1.043001147991349520e-01 1.870804577289628401e-01 -1.701862972334417523e-01 7.756575121110551030e-02 0.000000000000000000e+00 2.253447243330063132e-01 -3.250767092846623685e-01 -3.858294243195639073e-01 -6.787005503729361122e-02 -3.423978192377514218e-01 1.981528583259147269e-01
-3.542001968966470345e-04 -2.278300837346484142e-01 1.440609080365801986e-01 -6.580330719728491595e-02 3.238075776301329589e-01 3.433743853312008071e-02 -3.316617013183012844e-03 3.333926453995899042e-01 9.199689230723988309e-02 -1.837689654775232495e-01 2.767077387021829246e-02 -3.721109362435314205e-01 3.559721942305892894e-01 5.076364117254795749e-01 0.000000000000000000e+00 -2.836862693599952190e-02 1.955772836966244987e-01 2.314329413978143818e-02 2.109030516286537205e-01 4.363404584772503925e-02
1.797435806827027936e-03 -2.245564082306495124e-01 4.083277173811392796e-02 3.230368581404720607e-01 4.792633095223285816e-02 6.661235523407157966e-02 4.239268000028611483e-01 -9.015146871236218162e-02 5.452764224566825080e-02 -1.779436729806751216e-01 -1.210058727224837954e-01 -4.752003755328545326e-02 1.529514537290181837e-02 -1.819645791988777975e-02 1.720787323008538539e-01 0.000000000000000000e+00 -2.475406743957242195e-01 9.178009986720368774e-02 7.504599293397223869e-02 -1.639424940389215823e-01
-1.541918871497659493e-01 -2.442894070763995673e-01 4.892159552482232276e-02 -2.197561057405937046e-01 -1.972055545211623129e-01 1.048521628300640995e-01 -4.483877999576340798e-03 3.827638022699885734e-01 -1.465991668979294837e-01 2.857490892190451756e-02 3.469045435747183381e-01 2.594610564190693025e-01 4.746911140446775923e-02 2.457752550706190919e-01 2.585481728632882392e-01 5.033884923648263704e-02 0.000000000000000000e+00 1.970871502656044646e-02 -3.574792942187171585e-02 -3.557394893688160531e-01
-3.802459776827887827e-02 -6.827670780757363889e-02 -1.105917217779644607e-01 4.509146068161846294e-02 1.372865251670448150e-01 2.047695377408469131e-01 3.580962117291434932e-02 -1.850921782837954555e-01 1.091713140630268253e-01 6.336906666567211806e-03 1.335178617628222097e-01 -4.109903200217127420e-03 -7.093003592967420112e-02 -2.076244093657306500e-01 6.757675720976241696e-02 -1.238547307261426283e-01 -2.001839174920726494e-01 0.000000000000000000e+00 2.990950569041353480e-01 -6.554048602554493619e-02
-1.824044360982353674e-01 -3.095769912598630991e-01 2.603128823619412224e-01 2.454156103807063061e-01 1.550264048879339968e-02 -8.186777858345979653e-02 4.761419358962076798e-02 1.021138935905059747e-01 -2.265985973133439191e-01 -6.858643241198547624e-01 2.545089615475331635e-01 1.051567630009950516e-01 1.673524115271730617e-01 -1.632287090365783233e-01 -3.123434654904510555e-01 5.608731999665105272e-01 1.749934005926842839e-01 -2.689928273103189271e-01 0.000000000000000000e+00 -2.483179292865295429e-01
2.187349586052660111e-01 9.408006576025990109e-02 7.794384273562381116e-02 -2.342185541764366802e-02 4.043571341673588559e-01 -7.040250363760551522e-02 -1.342850186276842994e-01 4.458797599805013057e-02 -3.358726531330817888e-01 -9.916357505430588304e-02 3.231686393106410204e-02 2.925848942474225112e-01 -1.398263021056659894e-01 2.725057080464423076e-01 1.189344004929678150e-01 8.482406702039065050e-02 2.721266709758647651e-02 2.946127451279194065e-01 1.095633894661691143e-01 0.000000000000000000e+00
