0.000000000000000000e+00 3.732265896661744464e-01 -5.909479597290165365e-02 -2.164144693078479398e-01 1.323493424456842829e-02 3.386793255888491672e-01 7.532652122767347080e-02 -6.761169718683308905e-02 -1.875260081568125847e-01 -1.157682271381330619e-01 5.668608162810313128e-02 -5.555967016747441756e-01 -1.456619106975886035e-01 -3.970069715847293623e-01 5.238790353845650116e-02 2.771382335724782986e-01 -1.454191646876359101e-01 -5.952746709772407246e-02 -1.204614028335147108e-01 9.408044223040951115e-02
-2.130667021302607919e-02 0.000000000000000000e+00 -4.108205464615018176e-02 3.953568233832272655e-02 1.648107745208142461e-01 1.551524035041773608e-01 -1.823581255724775196e-01 8.668798491339824164e-02 2.382239870654252051e-02 -7.034153850119934104e-02 -1.564605509250810711e-01 1.184853952220082246e-02 2.088728636320456300e-01 3.264373331740929585e-01 -3.530476560809563402e-01 2.129332478137140050e-01 -1.347140265324941188e-01 1.031822216458039565e-01 -8.852921410954789220e-04 1.738203028447289356e-01
-1.102633754690580808e-01 1.360716379705674550e-01 0.000000000000000000e+00 -1.590523570338341908e-01 2.247910292865884785e-01 4.723894139438029188e-02 -1.952420155887170661e-01 2.200642107097965094e-01 -1.569790652131402425e-02 3.977343340715299158e-01 -9.538192144828646496e-03 1.039327857259760186e-02 2.238079474111941969e-01 2.953950125875356436e-01 2.618650922732944086e-01 -1.755749030460174720e-01 1.126342814758212463e-01 -4.941010181074572682e-01 4.960471628565712304e-02 -4.929306349811354293e-01
1.494077177069614015e-01 -1.012225082192666492e-01 -3.323383901876975077e-01 0.000000000000000000e+00 7.021631864027232106e-02 4.890151232751571708e-02 1.471753299240609603e-01 9.827118526038140789e-02 5.736725261398624431e-02 5.028383801796232344e-02 3.259488724885185595e-01 -3.448589181261855763e-01 -3.322413075635986535e-01 -1.088646820516689928e-01 5.241924104014131919e-02 -1.273893272751342245e-02 3.385965501273002776e-01 -3.073196583348872246e-01 -9.453011497982151401e-02 -1.128600863117567264e-02
1.643242210529958780e-01 -1.569899354758022281e-01 -6.935516138033981370e-02 -2.679343806567804354e-01 0.000000000000000000e+00 4.150375940974108946e-02 -6.434112679252295131e-01 6.701355325702480770e-02 -1.256811040498591880e-01 -1.554370770442655980e-01 1.923181699402060768e-02 3.085467162330746693e-01 -1.402950470949787809e-01 -4.896177403530057592e-01 2.567454820469520227e-01 4.693099672662885968e-01 -2.017297676693896591e-02 -9.328274364600346036e-02 -7.690387040952761065e-03 -1.903581632200639639e-01
1.952020573179458901e-02 2.001310526992457900e-02 3.166094318425123344e-01 -1.881908684895739481e-01 1.369357972125140321e-01 0.000000000000000000e+00 1.447125241636764703e-01 -1.397155511451179596e-02 -8.803236209955829505e-03 5.082061321054898162e-01 1.315300924480308775e-01 -1.573796127772338349e-01 -2.750785724111308173e-01 -1.218755572974144497e-01 -2.347919263206270091e-01 -1.417881643515161716e-01 -2.323257208212968494e-01 -5.744619209874937682e-02 1.089669147239758634e-01 2.493257582819230489e-01
1.936122823433657492e-01 1.721136654639347230e-01 8.417036775247006830e-02 2.980521781068487530e-01 -2.641791785819374086e-02 -7.682600330013443501e-02 0.000000000000000000e+00 -6.558521207145925902e-02 -5.516306660429307063e-02 -6.865376728516527083e-02 5.284535604257932680e-03 1.322514169358045000e-01 -3.579118848034590350e-01 -6.191406060942305882e-03 -8.804337228664273207e-02 -1.169313928267790015e-01 2.016205042658270608e-01 4.485150182358838000e-02 3.411264161103387260e-01 -3.294280359884257502e-03
6.429935430541441899e-02 -2.146084842286626881e-01 4.214332929782164776e-03 1.981987813561196798e-01 3.948029307176850744e-01 -6.962692652846587393e-02 -1.837291202321465061e-02 0.000000000000000000e+00 -4.802043633489572888e-02 5.762578818956096832e-02 -6.031992485958705824e-02 4.914410459469269465e-01 6.756097823599974128e-02 3.196524364490719861e-01 -1.922387211436120680e-01 -1.295916086800729949e-01 4.872286144473039760e-01 2.724311306555707302e-02 -1.845190089833393388e-01 3.354776022954775727e-01
-2.077370059780392353e-01 -2.141287117516471050e-01 3.010923086325321615e-02 -1.387376040791168108e-01 -2.948112094393712801e-01 1.739428730163438200e-02 -3.040691550712310565e-01 -3.548743049920406040e-02 0.000000000000000000e+00 1.126865606230090661e-01 8.936675178914434969e-01 -1.149862763379621705e-01 -1.264804317622305330e-01 -6.277675968630879177e-01 -4.903855031979782730e-02 -3.409540470426226100e-01 2.023150837411008263e-01 1.119523355791551267e-01 -2.707151202671031487e-01 1.738758411489259581e-01
-9.780531027018388168e-02 4.324179917257976458e-01 -7.436841696869941898e-02 3.224383116020717588e-01 -5.001114831209491074e-01 -3.863476206829974391e-01 -3.055763413849071908e-01 -1.251412913240520369e-02 5.547521331550622214e-01 0.000000000000000000e+00 -2.369599857356409489e-01 -2.281239428646732459e-01 -1.055887949461652708e-01 -2.086880806488261297e-01 7.222006602990831137e-02 -1.432719708514335610e-01 -3.466338744063517940e-01 6.033476817546686716e-02 4.217995017202627595e-02 9.241645492107358750e-02
2.908623973806669372e-01 -7.303596144925372791e-02 -6.451493233707832065e-02 -2.395483451001563513e-01 -3.719482436892308785e-02 -1.380457734109111212e-01 -1.523307589070334589e-01 -6.686447449103941065e-02 -3.540317951868541257e-01 2.708196783879309177e-01 0.000000000000000000e+00 1.799536122011936509e-02 4.080479166717528722e-02 -5.649200639897998533e-02 -1.353562737052601238e-02 -1.660078491125099309e-01 -1.501111859833356987e-01 -3.653971497098622984e-02 2.530569713402893717e-01 -2.132255686938504535e-01
2.592816011178346591e-01 -7.444017419025940330e-02 -6.241725045772988228e-02 1.794592760560193567e-01 1.964461099648056042e-01 -9.970411715544631737e-02 -2.419637857000943026e-01 -5.605016903120021432e-01 -7.119639806506269930e-02 9.325559274216586869e-02 -6.955968158862957385e-02 0.000000000000000000e+00 6.797799928314401940e-01 5.159580759479365231e-02 1.606608131889811567e-02 1.245031674398030114e-01 -8.666466343000447936e-02 -2.036971499992569837e-02 -3.646201988502814628e-01 2.572030672721332123e-01
9.463080161893619446e-02 2.946804400680099606e-02 -1.370158540690193383e-01 -4.369572757456110373e-02 -2.187179926251163475e-01 2.543126853886913952e-01 2.843004296459761358e-03 1.506124738752325776e-01 -8.399858621852918095e-02 -1.286991386327964448e-01 2.554553048157661710e-01 2.618742601801198888e-01 0.000000000000000000e+00 -3.107200735281767656e-01 5.471206911313068744e-02 1.020995064181715734e-01 1.384850690085100422e-01 -1.840009412585294213e-01 -1.729783368449099856e-01 -1.880653842765048211e-02
3.951953636299077033e-01 -7.293286687748055941e-02 2.992513233768593350e-01 3.524224142329088205e-02 -3.652666062860093765e-01 1.460929170590566373e-01 1.035835633119097654e-02 1.535888995416432312e-01 -3.740688919127475587e-01 9.768674911192995816e-03 -8.363101874632888899e-02 3.708007961561808619e-02 -1.800956626410900874e-01 0.000000000000000000e+00 -6.383871478236094466e-02 -6.249141839319369979e-02 -4.640929745797083700e-02 -4.241969729763844094e-02 -7.205795250659202678e-02 8.599943927544832778e-02
3.473143974669469780e-01 2.740807978669012809e-02 1.882964425193763836e-01 -8.027273840062274651e-03 1.568207308994476190e-01 -1.090897816624005479e-01 6.395655120418002049e-02 2.476692278834914662e-01 5.010521006033223923e-01 -2.271160159435091364e-02 -1.845062650329662712e-01 2.845011679935682478e-02 -5.060976636461798073e-01 9.901101266878625795e-02 0.000000000000000000e+00 -3.140554727319157524e-01 6.049338832574308739e-02 -3.078376681908787105e-02 2.625863969186879587e-01 -1.764669664217370371e-01
1.204595391428561896e-01 -6.408282014644034463e-02 -2.521994008279980770e-01 2.759183074678318581e-01 -6.477140210574381871e-03 -1.590973712355141789e-01 2.638811332420210043e-01 -1.703088836627847380e-01 2.822095395864906431e-01 -1.054984859727424173e-01 -2.973277819398119637e-01 3.115728717230472622e-01 2.299858081874458504e-01 3.485876417967907481e-01 4.141349917942242949e-03 0.000000000000000000e+00 -1.827699009750618775e-01 -3.385717394666325122e-03 -3.169214780840938495e-02 -2.250426393235096523e-01
1.957810492594248483e-02 -2.876556522543711192e-01 2.907267529713315757e-02 7.695019113855591786e-02 -8.151385042785506962e-02 -1.281126385626926434e-01 1.321946187584602250e-01 -1.442460259300067660e-01 -1.027500568426189115e-01 -7.291580096252710252e-02 -1.318005834760705569e-03 1.338279024158569863e-01 3.030016742090207603e-04 -9.016745495440020228e-03 2.493758271148212580e-01 -2.226156323871976705e-01 0.000000000000000000e+00 -3.405602869718615811e-02 5.772354638882522954e-02 -4.271139258586954535e-01
3.390090682051733612e-02 -1.195769973734654296e-01 -2.623233467907180594e-01 1.399984464052852692e-02 2.216470892637813495e-01 -2.193684502347429677e-01 -3.191333542725082739e-01 3.256732667624810673e-02 -7.643978756703280475e-02 -1.532875734603882101e-01 -2.907219635786700840e-01 9.435598658555759133e-02 3.700350754794325403e-01 -1.513828684317629347e-02 3.013943169451191451e-01 -3.126489563004707373e-01 2.184120278687485817e-01 0.000000000000000000e+00 -6.543891583877595175e-02 -3.088811768572065630e-01
-1.256954721804133257e-01 -4.198091613195932270e-01 -5.312891417005349837e-02 -2.666576418297624818e-01 3.793635610238386795e-03 -3.719064142675764656e-02 3.286989267379664126e-01 2.702070397083750630e-01 -2.586780286029551901e-01 -5.876102916396300224e-02 -3.584612243104747242e-01 2.438982029325924847e-04 1.772485698463999821e-03 -1.750832381940296834e-01 -1.488125668496607934e-01 -1.937382495465832244e-01 -7.545640693587170322e-02 4.734088032173314753e-01 0.000000000000000000e+00 -9.012822700523608066e-02
6.440995338453660291e-02 1.365553350966698387e-01 1.653122021915386375e-01 9.726873431254504099e-02 -1.111698911815261342e-01 -5.630243660906172204e-02 -3.005789016173606720e-01 -2.720286936918533405e-01 -1.321281957324693113e-01 -2.099561185597821067e-01 -2.336565616814016977e-01 7.695414213736159748e-02 2.094471402955666584e-01 -1.695215981437873665e-01 9.983397396222776221e-02 -8.977134777873617411e-02 1.479145666504159962e-01 -2.862006132540159675e-01 1.974372142584342182e-01 0.000000000000000000e+00
