0.000000000000000000e+00 -1.041867633786810049e-01 7.338811701798428171e-03 9.112341107182331257e-02 -1.764085521022163983e-01 4.618761430181798802e-04 -1.990963304538997643e-04 -3.923682830759526174e-01 2.275552478510436683e-01 1.342755501983851907e-01 -1.398501700887620769e-01 -3.835935734555218773e-02 1.129883749692039835e-01 -5.844107107241813814e-02 -5.428034413872585839e-02 -3.249546586047220020e-01 1.240079276373296097e-01 2.770061253360310213e-02 6.137110466266882530e-02 -3.413412622582006617e-01
3.691076719930869721e-01 0.000000000000000000e+00 -8.656712299937771582e-02 4.537143416878305913e-01 -1.014862479972399555e-02 -3.243816184802707503e-01 -9.061170311127644816e-02 -5.116828121948134855e-01 2.346522019685229610e-01 -9.312648870936610090e-02 -1.660400159289516786e-01 2.398116118040951317e-01 -3.691917253901987328e-01 1.197256437894096553e-01 -4.616171833535793190e-01 -1.480633295431357244e-01 -2.692717434615303218e-01 3.269076883897331087e-01 3.949255782250698510e-01 -7.365915420008649350e-02
1.879936680376736724e-01 -4.024618282258086294e-02 0.000000000000000000e+00 -1.683395147188756491e-01 -3.819962586909360636e-01 -4.031851170499378689e-01 8.566865041953940219e-02 5.025775323970245179e-01 6.024227197446915816e-02 -1.173051590290710849e-01 4.275404150436030726e-01 5.306230602669943786e-02 2.268132861618804910e-02 5.647809863046555912e-02 -2.960044124303900029e-02 -6.920101349846138894e-02 -3.208675855284209844e-01 1.121665638586535202e-01 -2.119243497817656710e-02 2.667821225359243154e-01
-8.247031668067457411e-02 -4.262772638652143620e-01 -2.227361441986256893e-02 0.000000000000000000e+00 -8.573601670201204394e-02 -1.989780431486978252e-01 -2.668952675563941446e-01 -2.347908967082088794e-01 -6.712536019048447045e-02 -2.638520173205056718e-01 3.348822868238862105e-01 -6.319916007012514603e-02 2.429451443068671168e-02 3.216001336287397927e-01 3.361522403486618127e-01 -4.756853753064867185e-02 7.423169126094454617e-02 1.643569407937261473e-01 -4.312379191741243234e-02 -3.975757604083563490e-01
1.463966458736989940e-01 1.999832549412323690e-01 9.290920903992277990e-02 -2.065108632667461974e-01 0.000000000000000000e+00 -1.321001474033210998e-01 -6.701747002855945601e-02 2.899923449949756149e-01 3.420244037266303438e-01 1.496864585839103867e-01 1.227031390145609108e-01 1.512988416193955798e-01 -2.737436144524425189e-03 -1.691886432980175062e-02 -1.506316431688484447e-01 -1.249234160415392363e-02 5.053395087642128525e-01 1.943231015332375633e-01 -7.649969206423538892e-02 -1.055260074564449979e-01
-1.933058387053948890e-01 8.371175507735895138e-02 8.755227869690679343e-02 -3.226918124856232861e-01 1.087478560883214512e-01 0.000000000000000000e+00 3.190245491203922978e-01 3.507138094244240806e-02 3.840961158034375544e-01 -1.024402651207083903e-01 -6.439515019636928017e-02 6.703918558976994235e-02 2.361172177657192561e-01 1.265351711847631233e-01 -2.758243390048455979e-01 4.089784019430240530e-02 4.974074751840270800e-03 -9.594265422014264244e-02 -1.449207491484728327e-01 3.907701503114989205e-01
-8.729307098214106331e-02 -1.891540520323665708e-01 1.424627603506075091e-01 2.920818565818073670e-02 -1.695249586971131137e-02 1.747043960452597522e-01 0.000000000000000000e+00 8.098814628973567686e-02 2.156017827037415846e-01 6.342303245895324071e-02 -1.379479414977961560e-01 -8.100876897866080006e-02 -1.164929556137255101e-01 4.689527757807628733e-02 -2.410447502262499653e-01 -4.097429025340864617e-01 1.971204039533810959e-02 -2.988550803026335800e-01 -4.364755718937682882e-01 8.347930107073932293e-02
-1.589963282150726742e-01 1.109370169492359531e-01 -1.187025075414302883e-01 -2.508784168225684508e-01 -2.780589692193587981e-01 -1.151412273430670735e-01 -6.113025386452176219e-02 0.000000000000000000e+00 -6.285764020638885674e-02 -3.434829154724610700e-01 3.239826588920852960e-03 -4.010720514422615457e-01 -4.334759025774055641e-02 1.559197029777332488e-01 2.441649389089124433e-01 3.833470771282160294e-01 -3.479964970896861631e-01 1.696561124681990884e-01 2.697328986090630765e-01 2.192592073909923334e-01
-2.078031223686995221e-01 9.208057072943294508e-02 4.159210925033964279e-01 -3.348005645228054883e-01 1.065123478021135217e-01 2.487157136659962908e-01 -1.557624863528257741e-01 1.303561227011065249e-01 0.000000000000000000e+00 -1.816153599990041612e-01 -1.827046974981609562e-01 4.300130871556590018e-02 -2.034402955282614903e-02 2.133466462832869226e-01 -2.102528017261563464e-01 -2.935412773973034364e-02 2.149032304214902878e-01 1.253935877347445715e-01 -2.961988072165743224e-01 1.487440658448797304e-01
-1.069774900894332886e-01 8.617504963457342515e-02 6.723418474940719147e-02 2.726479910803032425e-01 2.606359487015631748e-02 -4.145235945779471298e-01 -3.063099451276237173e-01 1.634910907862727192e-01 -5.776128808177866114e-02 0.000000000000000000e+00 6.114277845809588940e-02 -1.674961905190103795e-01 2.420335094046389690e-01 -1.805396100774929458e-01 -4.589832529533501293e-01 4.614787143838166572e-01 -4.272564378294655962e-01 1.423062414432745004e-01 2.099336376187519171e-01 3.288492670648379690e-02
-3.764189775483350320e-01 2.269642393868112062e-01 -3.223389742941302205e-01 -3.004444807605570200e-01 -8.087149324265130446e-02 1.763149828295127175e-01 6.710750942070181635e-02 1.812933001021867496e-01 -9.920177629015869414e-02 -3.850135333284513545e-02 0.000000000000000000e+00 -7.085326931271830608e-02 1.326274866815741471e-01 -6.704359102498433365e-02 1.063159885117267445e-01 -1.281880196215039180e-01 -1.324627870777258520e-01 8.758376337775488144e-03 -4.357682878366538753e-02 1.324613671324564312e-01
3.986690999557884751e-02 3.891532620888283889e-01 -4.908046327742321413e-02 -5.081523729220395469e-02 -2.325803764132866880e-01 5.093308353857553886e-03 1.526851923875072459e-01 -1.655351377631432974e-01 -1.110705561267589722e-02 1.606741761454129058e-01 -2.837774841545565030e-02 0.000000000000000000e+00 2.175902433583986884e-01 2.169423437313045336e-02 8.867451923046909545e-02 2.619315383068734904e-01 2.561004249410706035e-01 -7.763721540841556079e-02 -1.174896570140091245e-01 6.357341015411015206e-02
-2.969219553586046126e-02 -4.248219057737761539e-01 2.851795534614974814e-01 4.329324442297370450e-03 1.646591190559043294e-01 -2.622721169665961360e-01 2.880510726240912422e-01 -1.315395622990092883e-01 -2.407508952248249567e-02 -3.133680826855606560e-01 -3.733109601575231723e-02 -5.138572149933515881e-02 0.000000000000000000e+00 9.805264132580697456e-02 1.349374179938325410e-02 2.181916280975794986e-01 -1.046833527339466052e-01 -2.227159278556543054e-01 -4.272319046719014191e-03 1.405073644063316030e-01
2.783103611991917803e-01 1.819983658265180992e-01 -3.947645343126632844e-01 8.431281201070983666e-02 3.265490556673766309e-01 1.399250089361071640e-02 -1.153906109596515711e-01 6.913046826032558101e-02 -1.125283285850245396e-01 1.429100484276565053e-01 -2.905652151091323368e-03 3.114842983338224625e-01 1.116922100573702198e-01 0.000000000000000000e+00 1.351996652086405182e-01 2.092985789451919376e-01 -1.271105933528843546e-01 -9.521052284180180070e-02 -5.154546500367795936e-01 2.020077202607138134e-01
-1.314258756585248988e-01 -4.745717691475886402e-01 -3.955093758056057451e-01 -4.985317054063537895e-02 1.700887401646934138e-01 -1.991545420493201490e-02 1.054927139680005566e-01 -2.463028042547903140e-01 -2.999384724815697401e-01 1.980531932792178318e-01 1.100468465464763262e-01 -6.821986238432835477e-03 2.866846262990774274e-01 -2.126926523833330140e-01 0.000000000000000000e+00 2.295036065854269558e-01 4.109433189622915816e-01 1.884021427638708562e-03 3.755519564926749765e-01 -1.347254692178438962e-01
7.373430759838281445e-02 -3.886813477181726845e-02 -3.551431513648031224e-01 5.768447955041700048e-02 2.085691719804790845e-01 -3.315351443541417892e-02 -1.575424494366866809e-02 3.114680168370353441e-01 -2.794444495372086501e-01 -3.348709282312993252e-01 -1.462475987227034591e-01 -2.675729893079488719e-01 3.010394339542643016e-01 6.924859186991069726e-02 -1.932170919822941701e-01 0.000000000000000000e+00 6.397540726650442489e-01 -1.364202815460773544e-01 -1.703938957176398816e-01 6.804515180015463516e-02
1.427175886638618607e-01 4.956956604296551550e-02 -2.031749203549138016e-01 -2.592021087301679683e-01 1.333010801207498430e-01 -1.211729396597702353e-02 -3.670355701962941808e-01 2.618437822814764782e-01 1.733688372429112723e-01 -5.387900066773750052e-02 -5.819678231962427395e-02 5.175598209033552277e-02 -1.536199369391341718e-01 -3.014918315827573303e-01 7.211716278397950486e-02 -3.217895398739931689e-01 0.000000000000000000e+00 -3.222637870031108687e-01 -2.218385829301419004e-02 -3.033104089859860533e-02
3.986080203237521991e-01 -2.380033434345847354e-01 -3.163915035220464800e-01 -1.444896381225682092e-01 -2.512742094072087373e-01 -1.318748964737856688e-01 9.409395935385471421e-02 1.726194008344772712e-01 3.710891825888675832e-01 -1.647253524920702927e-01 5.899952122543971056e-01 4.432301142966337815e-01 -4.550997601554081923e-02 -5.123770838257132310e-01 -1.858447657247395274e-02 1.621321094989751355e-02 -5.141276788195091596e-01 0.000000000000000000e+00 -4.475585376668962667e-02 -1.756903842718177122e-01
1.401185483035098100e-01 2.248027319033792937e-01 -1.087125324359105999e-01 5.131323440411807851e-02 -1.464159125904810343e-01 -1.758903421326519223e-01 1.777600711828136032e-02 1.170406186968616646e-01 -1.259561123341105537e-01 -4.949916066781619439e-01 1.309854728430917825e-01 -3.570011800475971775e-01 2.727972147121554211e-02 3.978023586773097864e-01 -3.763200733253214622e-03 -2.660361886647258922e-01 -3.267295675536761590e-01 2.617231535717654545e-01 0.000000000000000000e+00 1.206891958055634484e-01
2.071273787880746065e-01 -1.095724600764849503e-02 -6.900600557377445377e-02 -2.118333849229896981e-01 -6.892690197111752681e-01 -3.394352294376035695e-01 -1.556158119006396598e-02 -3.918977823136631650e-02 9.023873091433609606e-02 -2.832803820875349002e-02 3.563342306278579480e-02 1.761571650700873015e-01 -1.979020645806426337e-01 -6.421045827842891685e-02 -3.593837146243705205e-01 2.175454408771947123e-01 8.590508276531072518e-03 1.095275595511212702e-01 3.449097178149403975e-01 0.000000000000000000e+00
