0.000000000000000000e+00 -4.340736551414317579e-01 1.596072853347821896e-01 1.480608271270303922e-01 -5.117512601343569140e-02 6.076533198338857772e-02 -6.500014923599255375e-03 -3.934545209067159544e-01 -1.776065306280119604e-01 1.392226231245648482e-01 3.562957426910659531e-02 -2.938872025159707801e-01 2.138254631266267858e-01 -1.780112992960523610e-01 -2.068839868415391636e-01 -2.307571154627501564e-01 -1.306611583051677239e-01 6.140075564403328912e-01 1.112710392977090262e-01 4.669158040624900585e-01
1.538976110571602628e-02 0.000000000000000000e+00 -2.168838207750839464e-01 2.333401215012855523e-01 3.260986468795997739e-01 1.302804356210996439e-01 1.430066498771980221e-01 4.775886807015704283e-02 6.742864518498012383e-02 1.811799852855355553e-01 2.310577605680833313e-01 -2.585982088529426015e-01 -1.432184989081169424e-01 -8.549431852912189878e-02 -4.301796286590346408e-01 3.307325539336525289e-01 2.532583490813650751e-01 4.317311117150772481e-02 -5.955273271410807534e-02 -1.648837392504365063e-01
6.507605932283344607e-02 9.245424270729059313e-02 0.000000000000000000e+00 -5.665709256847947101e-02 1.304164487755259394e-01 -1.618864606494988256e-01 1.173202488531250448e-02 -3.051985513911513181e-01 1.040926222297628226e-02 -1.874719669853617543e-01 -6.538896723457982008e-02 -7.944100929193158300e-02 6.246629473655278264e-02 -1.844004193838529593e-01 8.210542172351337556e-03 1.407631935980732940e-01 2.404799355372189487e-02 -4.723455149296772460e-01 4.488399374504112305e-02 -1.276351102465337131e-02
-2.121373847533273571e-01 -2.529948384564166264e-01 -4.685505041704284696e-02 0.000000000000000000e+00 -3.479095445107993068e-01 -1.351483619735542319e-01 -2.650260175445516564e-02 2.490338715633434452e-01 -9.434874554033972904e-02 4.106286665411456038e-01 -3.967856593389465503e-02 -8.443013983600820838e-02 -1.576142297790593741e-02 3.635946153329881487e-03 3.438263227513498888e-01 -2.253721724912514379e-01 -4.621212175711579551e-02 7.865062492853683307e-02 -2.770145355288828812e-02 3.107994283395105334e-03
2.842114453692561327e-01 -1.427235615345342212e-01 -2.130464643505816380e-01 -2.303459034422536966e-01 0.000000000000000000e+00 -2.921718205724393447e-01 1.775114807120541788e-02 -3.471833484473788034e-01 1.600632462127270506e-01 8.268523144419659410e-02 -4.346572419760967587e-02 2.496132356982346534e-01 3.061951284851279764e-01 9.573620563325192789e-02 4.708478597028841195e-01 2.099720236411548591e-01 3.581144130784114643e-01 1.115122950356849801e-01 7.656082470440531140e-02 -1.467959679882107904e-01
2.028501841681727355e-02 -1.504528244695150785e-01 -2.058446041596858067e-01 -7.338684519249985723e-03 -4.409437754576770452e-01 0.000000000000000000e+00 -1.200947435855013838e-02 -3.884635485603308847e-01 -2.591174326794150606e-01 -1.081760479830961436e-01 -8.932194437617908822e-02 7.622883296250219931e-02 -8.978365422484851921e-02 1.597600049352385920e-01 2.157495446204948236e-02 -1.402650985000243877e-01 -1.285537716356005000e-01 -1.120544405661593051e-01 3.634560871011296990e-02 -4.563988458853397495e-05
-4.657030412613688553e-01 -8.799918236688529516e-02 -2.989724335634117436e-01 4.280463183828862039e-01 5.309958082004795354e-02 1.947959357020362728e-02 0.000000000000000000e+00 -3.610717231619998691e-01 1.305017627286592097e-01 9.721199591044954458e-02 -2.045572092925736496e-01 -1.249960068294924398e-01 1.919705884148568686e-01 -3.831878562129367033e-02 -2.683620063519264742e-01 -2.061867414244333008e-01 -1.126862299755529290e-01 -6.228491127417273843e-02 -2.739585832701895915e-02 -2.588380850128547128e-01
4.467143665684686349e-02 1.895447675548136146e-01 1.422906882799057082e-01 -1.682416309165285506e-01 4.445743985826251105e-02 -2.180898338795479174e-01 3.258001907205759218e-01 0.000000000000000000e+00 8.241243677076728544e-03 -2.109093858610775474e-01 4.559050366408900490e-01 1.575430833195246849e-01 -4.104986073766422189e-02 -1.516224611616142082e-01 2.418898317021283551e-01 -1.389480600631784468e-01 -1.647775671857401314e-01 -1.007552823260259717e-01 3.218630174659554699e-01 -1.556410722479214803e-01
-1.532940746994637671e-01 1.587562290362934947e-01 -2.427225204470462028e-01 3.616043458288024648e-01 -8.802923989486298451e-02 1.610035064145431682e-01 1.777642317300808239e-01 -1.015464091962424709e-01 0.000000000000000000e+00 2.671133797248391797e-02 -1.824676210546163635e-01 2.604616430281599549e-03 2.387517001770765313e-01 -1.707400557354964710e-01 2.669223945007805354e-01 1.136770977953091982e-01 -3.425628404871990940e-01 2.571623208753185397e-01 1.325954059140016794e-01 -4.657809878337200449e-02
4.204510866796523638e-02 5.174930802821546827e-01 -8.980393539358540178e-02 6.649196663219743286e-02 3.934018087556060417e-01 -4.746559977401151875e-02 -5.961873071713347932e-02 4.620207445995939965e-02 -1.315332516037893140e-01 0.000000000000000000e+00 -1.291483103373842686e-02 2.009672753352582109e-01 1.121367880326197414e-01 -1.292942340555639225e-01 8.672005830154621252e-04 2.564271826362833351e-01 3.156104317932370007e-01 2.805362224178102881e-01 -1.698009651465774428e-01 -2.942247883474838899e-01
2.277769582039310403e-01 -3.534882898790978611e-01 4.653623403237091422e-02 1.304919678845678777e-01 -2.179801702487040027e-02 1.823506517389892057e-01 -9.950395465821045005e-02 7.901188127186041521e-02 1.784612802454177694e-01 5.537160518766660600e-01 0.000000000000000000e+00 -5.233918923571838633e-01 8.114009097266740300e-02 -2.281154462657492277e-01 3.113764070112303717e-01 -1.873292255491796829e-02 -1.318244091733501711e-01 -2.024207707427740088e-01 1.748212445155144790e-01 -6.051163354444144549e-02
6.017738915672162653e-02 -5.778583020274402279e-03 4.175118913006786725e-02 1.775858648774214232e-01 1.365815203124381982e-01 -1.247203754992134428e-01 2.654093994602644835e-01 -5.950627632843801251e-01 -3.601103176936644723e-01 -3.815682970933153423e-02 1.292176496938370889e-01 0.000000000000000000e+00 -7.454563495767414089e-03 3.085224602162578433e-01 -2.388550140677698774e-01 4.892639554835929300e-02 -8.586645606856413426e-02 3.532170547524404736e-02 9.903598507143812624e-02 3.934628489992493261e-01
-2.307974585746552232e-01 -2.913105077381450067e-02 -1.814272246197188299e-01 2.227939081232286136e-02 2.194722212046510135e-01 3.232343872707221233e-01 1.102812487680311371e-01 5.430545744542092379e-02 2.841803563456782311e-01 1.221607134848632092e-01 -2.801855774687501133e-01 -3.561735898270142198e-02 0.000000000000000000e+00 1.709139236840021003e-01 -3.964896189962351797e-02 3.921607927878148492e-01 1.812016369595310233e-02 1.288515399196877298e-01 3.144059862787421111e-01 1.442359998679812287e-02
2.873757365948488851e-01 -5.832074896909876516e-02 1.060897933908687973e-01 7.507118964168436881e-02 -4.203882695902659838e-01 3.351844562357765289e-01 -1.278607720133562442e-01 6.982474166648675040e-02 -1.957969090427535142e-01 -1.177731835911025732e-01 -1.857628256190792526e-01 4.302986508662677567e-02 -2.048156246469237385e-01 0.000000000000000000e+00 -1.624247585597176358e-01 -2.873569406977938279e-01 -2.560835155628504167e-01 6.905422961753124311e-02 -4.448859288132016310e-02 4.265315368448902023e-02
2.886998800041049584e-01 -1.612645883362105390e-02 3.520782863123119166e-01 -2.711825191573561389e-01 7.097701875700473950e-02 -6.507560499689005740e-01 -3.712765020096099322e-01 4.684747318101338265e-01 -9.249706468975774087e-02 1.925442750456146657e-01 -3.766220347115413203e-01 -1.190513066472281140e-01 2.216983102134156003e-01 -7.743275637210607354e-02 0.000000000000000000e+00 2.948373997882871023e-01 -5.070956864210109105e-02 -2.502635232872339466e-01 2.213966479601666218e-02 -1.063056818975315065e-01
2.939494035284676565e-01 -2.625024655037224656e-03 -4.574765403555933890e-02 2.462140811040607613e-01 1.189981552908387225e-01 -1.104683231787319669e-01 -2.355928780023712824e-02 -7.018741727776629802e-02 -3.227235378466770249e-02 -1.821796454152120603e-01 1.545733744738979898e-01 -2.396393893324303692e-01 -2.415729068134785940e-01 -3.757005365856234957e-03 -6.935644327655056396e-02 0.000000000000000000e+00 7.969254625553928370e-04 -1.067069219422692727e-01 -3.303418982688155481e-01 1.621456893304855096e-01
-2.294555588521036971e-01 1.326933228283883881e-01 1.155062467343079130e-01 1.444846946447622127e-01 2.820119360743636450e-01 1.936216455967217920e-01 -1.313422373001104926e-01 4.814079673714560803e-01 -2.739626692252092321e-01 -2.731832932101507239e-01 -7.120964869998572255e-02 8.508695460230651653e-02 2.836737910453530631e-01 3.040978358688026933e-02 -2.038031573333564869e-02 -4.243957170055644434e-01 0.000000000000000000e+00 1.966006273016277783e-01 -2.431407005248914233e-01 -5.512225254016654696e-02
-2.310961787753392782e-01 -3.358930676253417680e-01 4.866923682114844274e-01 3.362136702195097637e-01 -1.454905367185184081e-02 -2.263579940623400288e-01 -1.573969906157205167e-01 -1.395899313785496088e-01 1.889618600461956122e-01 -4.669337618222275249e-02 1.238614023137543652e-01 -4.934678999676939820e-02 3.709781595339385341e-01 4.397320223211268475e-01 -8.768587499620496273e-02 -7.824057721927626941e-02 1.549349950331514736e-01 0.000000000000000000e+00 -1.167695112066363394e-01 -4.228707326737796146e-01
6.038944142958169690e-03 -4.170691862788000193e-01 -4.395161793741646228e-02 -3.647928697888871193e-03 3.031455466105271168e-01 2.276830576692235875e-01 5.158831961454295179e-02 -2.088353661693457541e-01 2.206722161347793587e-01 1.282886042181849706e-01 -8.397848714478817547e-03 6.260532157660833597e-02 -3.548356723783889499e-02 2.545115606681961906e-01 2.146331106649042308e-01 -1.052302825664774705e-01 2.226296963604783991e-02 -2.195189054158808439e-01 0.000000000000000000e+00 -1.924730152676892569e-01
-2.904344974691856485e-01 1.604621192683245573e-02 1.367358660794356084e-01 1.336382203648177509e-02 8.556837027193366085e-02 3.484628673936298049e-01 -1.961552027715754154e-01 2.246315624846061954e-01 3.201335429991227222e-01 -3.586465680213375973e-01 -1.118026948039472362e-01 -2.588741804716771511e-01 5.214720411006024516e-04 -1.371540866617705079e-01 4.003704575772804031e-02 -3.219593567231731623e-01 4.132384346486326909e-01 -2.050959346306810427e-02 2.709725718066238742e-01 0.000000000000000000e+00
