0.000000000000000000e+00 -1.523714588054175534e-01 5.421111950307439670e-02 -3.802960489465914140e-01 1.684078573477248153e-01 -3.431741243224767368e-01 1.146449522971364687e-03 -2.688372432456665947e-02 -1.804466337099600026e-01 6.421583386297535778e-01 -1.336772686299963486e-01 1.056445953991132503e-01 2.450632380223924933e-01 -2.717200043379112695e-01 3.001600096565283926e-01 -2.731352286635351651e-02 2.264053434791581942e-01 -2.043473534574049844e-01 -2.302099528578834819e-01 2.705187100314352389e-01
1.122220587274342651e-01 0.000000000000000000e+00 1.432785406770425429e-01 1.179151685943571198e-01 -2.581227956467161411e-01 -4.949164116807426850e-01 -3.760521878846336818e-01 -3.998300295551561190e-01 -4.960794947548972100e-01 -1.447699235175999855e-01 -1.181547980945520382e-01 -8.767438025875057966e-03 4.807008341851073951e-02 -8.594524102600539783e-02 -5.677467783778720328e-02 1.637966183072994339e-02 -2.229815567905225338e-01 -1.596231185254251561e-01 7.919335748477923306e-03 -1.515931921445279607e-01
-1.278764928752180452e-01 -2.367153333386192923e-02 0.000000000000000000e+00 7.125572460736281921e-02 -7.548859279929208410e-02 -1.308699654698807779e-01 -2.569687995761423677e-02 5.012856981436388804e-01 -7.037837295678270877e-01 1.196600234574412974e-01 5.198644265808870235e-02 1.940039300263993460e-01 -2.567481681684205541e-01 4.727817451729750542e-01 2.238176054488036359e-01 -1.149674245225882491e-02 3.572961548602433118e-02 -1.601614068830399529e-01 1.129724745261567916e-02 -3.205122026505307503e-02
2.109898715100438082e-01 7.997167999096176094e-02 -1.865980901836315417e-02 0.000000000000000000e+00 1.243388795710837075e-01 4.980158543782774172e-02 -3.418915468743135566e-01 2.301386151729550578e-01 -2.607833865494992853e-01 -2.257448482040835258e-01 -2.353863785826412758e-02 1.144916351573137953e-01 3.147774973492894479e-01 -3.773803721598230076e-01 3.289779218339542455e-01 3.659242303700033783e-01 -1.031710441859670924e-01 -4.502597241736096267e-02 -1.278621079583050490e-01 -1.349017831328534756e-01
-2.994965346703952758e-01 -3.778178788292215762e-01 -4.457094803911267056e-02 5.763970238357442322e-02 0.000000000000000000e+00 -2.238307500234152647e-01 -4.677163740980702644e-01 3.277174651830257190e-02 -1.042792765171350472e-01 7.965388594880978834e-02 -8.896861300257312422e-02 -2.815709379768518428e-01 -1.540379584559013193e-01 1.794736247564485965e-01 6.090848833520756678e-02 -2.167144533181645238e-01 1.949779994962088092e-01 -3.234158033991494374e-01 -1.199608574763421365e-01 4.425637286204792131e-02
-3.053663456717300440e-01 -2.670858835369770978e-01 3.563072055482976747e-03 -1.789826230059930745e-02 -5.608119155580758991e-02 0.000000000000000000e+00 -2.465649413855976191e-01 -1.749236715238147999e-01 6.801417123671577025e-01 -1.399960169694416667e-01 3.367296808538284836e-01 -1.313323416226742091e-01 3.054139963082114217e-01 2.754936089230866081e-01 1.008218976381484583e-01 -1.434235953859040735e-01 -3.080398376061720955e-01 2.159474482983777532e-01 -2.871119019468755806e-01 -2.850029858772690217e-01
3.405177699264634872e-01 3.268868491378820185e-01 8.420129347267189118e-03 -5.505136735863176700e-02 -1.485414532058331460e-01 7.856101457173464420e-02 0.000000000000000000e+00 -3.383365969013360508e-01 -1.707306072393184604e-01 5.572353167665698714e-02 -3.554920117711609651e-01 -2.190286548055955518e-01 2.745033469281385127e-02 3.777371955545639204e-01 3.974607816200172172e-02 7.156763762525667621e-03 4.322801417076815311e-01 -2.374915973303635131e-01 -1.638208467454300710e-01 1.884427042527989371e-01
2.407663806099672732e-01 1.023427155685289053e-01 -5.857365135740681961e-01 1.652557859991043709e-01 1.492577740210786763e-01 1.037594486216970868e-02 1.489394784067188948e-01 0.000000000000000000e+00 1.143730576454012222e-02 -2.092903414135966755e-01 -4.112373429858795504e-01 1.426135724029960368e-02 -1.596481199657887318e-01 -1.256412302267030101e-01 -2.532277332346142273e-01 6.133333283366312894e-02 1.645549505108607480e-01 9.711662468917599267e-02 -2.504488047376779436e-01 1.988075986671384576e-01
7.032589091576688101e-02 -5.563347109935687929e-01 1.332492161451883650e-01 -4.552325905956048913e-01 -2.545275153010986835e-01 2.364960048261156578e-01 1.459634829767860187e-01 -1.441071689107931708e-01 0.000000000000000000e+00 7.729916458683655511e-02 -4.017828344260679363e-01 9.183746273884263456e-02 -6.525370690495635451e-02 1.641604047815732326e-01 -2.806168380309946239e-02 -2.433998934530290370e-01 4.522020946658057705e-02 -7.822535012444283009e-02 -3.178071759905066185e-01 -2.601862617169298231e-01
-2.250996610159103628e-01 1.118520553220332149e-02 1.711553814484526870e-01 -6.376120455251536000e-03 -2.695905518570079207e-01 -8.531602034998815587e-02 1.267500907319610848e-01 2.408998197691048782e-01 -2.102706028912209035e-01 0.000000000000000000e+00 -8.727831275988194581e-02 -4.816768681384404616e-01 -2.895000871043638124e-01 -1.266107963379854706e-01 -1.157632985827191374e-01 -8.852108066855855772e-02 -1.349903605565841436e-01 8.215154789993460438e-02 -2.144415608292261910e-01 -3.567191915762506493e-01
1.134855213432919840e-01 -1.382718518267558594e-01 1.768266876924805553e-01 -1.865786376051245532e-01 2.928063834203705751e-01 -2.769911499492735962e-01 -2.689402783347233372e-01 1.556631120914383770e-01 3.977930076530241110e-01 -1.780619572516503879e-01 0.000000000000000000e+00 3.402543051615259939e-01 1.766304969599877261e-01 -4.857206869965047247e-02 -4.883706289943058887e-01 -3.504518699634556200e-01 -1.810477742878391916e-01 1.119141081923394898e-01 -4.327011862044267965e-02 -1.485203506057687917e-01
1.867717046350458876e-02 -3.708351670363115304e-01 8.499598170108797757e-02 -2.139185931585740608e-01 2.839491024197056679e-01 3.365715546276751985e-02 -1.710885733250386564e-01 -1.200814019645496528e-01 -3.602964928704813774e-01 3.689262777004365806e-02 -2.260164335198853180e-01 0.000000000000000000e+00 2.549203987214335720e-01 7.557964422646196168e-02 1.063282660913291572e-01 5.901086432119666547e-01 1.545363513774840325e-01 2.484798266816496126e-01 -5.761996514216229798e-02 -2.674228372207161919e-01
5.021024183369307559e-02 -2.601591084603211979e-01 -6.743791908495008203e-01 1.328156029549415751e-01 7.410173177009742040e-02 -2.398886737045685391e-01 2.883294678583773751e-01 -1.912316259984208483e-02 -1.065763199082449680e-01 -2.154931202882273966e-01 2.580384555592249440e-01 -9.947507348577806774e-02 0.000000000000000000e+00 -1.062117184164465683e-01 -1.769686950408268233e-01 -3.785928282238970599e-01 -1.657290681267473142e-01 -1.984849029705689771e-01 1.552691222656653880e-01 -2.946652465878645821e-01
1.526240169022500814e-01 -1.169424689927987815e-01 -1.830038472951844020e-01 -3.964540599978465946e-02 7.267686747930247881e-03 2.264499978601538371e-02 1.287888544360155374e-01 4.704171617914026243e-02 -3.480024726010333969e-01 -1.550300034860545018e-01 3.632736339448830454e-01 -2.698163440071838295e-02 -5.251588413134784528e-01 0.000000000000000000e+00 3.801236631303750446e-01 2.613737202074651877e-01 1.237393058426092610e-02 4.871962333861338396e-02 1.443549039034605352e-01 -3.538825332371583338e-02
-1.093037001090080979e-01 3.649536360435916005e-01 -8.971674636428371430e-02 2.256997398010485989e-01 -3.527438267547221562e-01 -1.762744482571114157e-01 -2.585895194509358896e-01 9.180071672024557594e-02 -1.415905701748773615e-01 -1.455363633592754169e-01 -2.068494400856542847e-01 3.201234199215528820e-02 2.181311343253485857e-01 -1.341093198190884406e-01 0.000000000000000000e+00 -4.159793200521596027e-03 -1.389849521954748257e-01 7.750444176548042241e-02 2.990721618516142821e-01 -5.824949057315204071e-01
1.554621105419328186e-01 3.948608489187226400e-01 -3.875480527102911216e-02 1.707094142330989883e-01 2.184497682240862937e-01 1.157402785464954204e-01 5.571631942384915742e-02 2.916845280798661122e-01 2.496667326341489024e-01 4.162567217636849171e-02 1.482477308056293352e-01 -2.023437436687469393e-01 -3.553977258797301475e-02 2.948597468063190313e-02 -9.805558774263681623e-03 0.000000000000000000e+00 2.829292659295709056e-01 7.840252631344506173e-02 1.649483583595252045e-01 -2.907227018567418164e-01
-1.143443783255223417e-01 -1.549236049927750214e-01 -4.103555624804174073e-02 3.761909997912344372e-01 5.664684030782546342e-01 4.493636933435301434e-02 8.418325329888720621e-02 -4.323158806002719290e-02 -1.199366732000393954e-01 1.990917177192959020e-01 -9.073306808505475496e-02 -2.319784152618292461e-01 1.428954886693880877e-01 -3.499801570350386665e-02 7.410168545678023910e-02 7.179267238090321357e-02 0.000000000000000000e+00 1.423962353989699503e-01 2.086837914922387849e-01 -1.848854205675879575e-02
-1.732870729387736217e-02 9.177511472972482709e-02 6.155389897019093032e-02 1.174399106430804030e-01 8.915384176626096890e-02 4.904704889680847613e-01 -3.561673044890136669e-02 1.150923881530453441e-01 3.763259964369054800e-02 3.064597973467986236e-01 -1.629647971578500887e-01 -2.692011443794715131e-01 2.748787377807571652e-01 1.743127063122163201e-01 4.824011638471453756e-02 -1.636436426048630266e-01 2.886358342335808014e-01 0.000000000000000000e+00 -1.277527999050638019e-01 -1.040667344834776964e-01
-1.414471340462416238e-01 3.160959663928054608e-01 -3.740343024119564125e-02 -2.272139003365389320e-01 -1.296156612822058907e-01 2.507251425584508531e-01 1.385373016854455908e-01 -1.570590223100596372e-01 -2.595824539068882775e-01 -1.295418289994256789e-01 6.257429074211562359e-02 -9.158974350988345614e-02 -1.273925251693089900e-01 4.673963057701470934e-03 -1.288296558572105677e-01 -2.467993765588359367e-01 -3.152826617386712549e-01 -2.101824455993557550e-01 0.000000000000000000e+00 5.624263668125845106e-02
1.755672438316036379e-02 -1.872137047509425389e-01 2.448036061098443628e-01 -2.715025170285105816e-01 2.146546748530340498e-01 -2.611281007900692619e-01 -7.470477138732597999e-02 1.850176810397682337e-01 1.934236826688331412e-01 -1.912743602345566840e-01 1.605873417562503347e-02 -2.517711552311051593e-01 -4.613217643019294767e-02 9.426823706890066767e-02 -1.234957423464234927e-01 3.311732895442044411e-01 1.108924053748945038e-01 1.526503969025818641e-01 -1.264220845820047678e-01 0.000000000000000000e+00
