0.000000000000000000e+00 2.440182374268210497e-01 -4.353557961148185607e-01 -3.099971794656832258e-01 -5.135111269671540635e-01 5.388553316782535019e-01 3.863559126927485488e-01 4.929537712491887103e-01 1.777288631978711231e-01 2.183343946217377873e-01 -2.646223547855280356e-01 4.285119302764263671e-01 -2.511835086979694043e-01 -1.484828449461053634e-01 -8.460354832137353953e-02 -1.770105559092759462e-01 1.922008002058725462e-01 -5.160598823646601191e-02 -1.468225223148394119e-02 -4.665248034307036690e-02
3.011689679532956743e-01 0.000000000000000000e+00 -3.896308506673042821e-02 9.482078033823161667e-02 -3.680545764677936038e-01 -1.081230434027213444e-01 1.197343406828096923e-01 2.607569398846297792e-01 3.615344219674899301e-02 -1.504502398504592164e-01 3.225582017627950937e-01 -4.952457017417419977e-02 6.990913067210066147e-03 4.068069259538441979e-02 -1.407129177176401000e-02 -1.210983891000644158e-01 1.061055438966402725e-01 -2.604105026864252936e-01 -1.120067447885702838e-01 -9.135700775168735521e-02
-2.089266441296167010e-01 1.889704491697529257e-02 0.000000000000000000e+00 1.689336864886648373e-02 -3.480330159518520844e-02 1.231738171310530899e-01 3.805854680620740504e-01 2.249693910624113447e-01 -7.009893704407581527e-01 2.548074369295411645e-01 -4.180998470119653421e-01 -3.978217688473506541e-01 2.856865233483630445e-02 -3.020967549728363899e-01 3.474776291607732936e-01 1.558462798181303177e-01 -1.814482298247674374e-01 -3.674420781063462149e-01 7.393757067431626362e-02 2.739085483944947996e-01
2.150461649438112008e-02 4.196686860967367427e-01 1.193569671814214278e-01 0.000000000000000000e+00 -6.844033875396360322e-02 8.451753057036863470e-02 -5.064203077018776533e-02 -4.216652985593868364e-01 5.528702614473490762e-01 -3.283813118723950125e-02 2.585994675989892674e-02 2.974933310813340781e-01 2.450612267970351046e-02 4.818258526241694928e-02 9.594298833216929889e-02 -2.574308177318314073e-01 3.409452422912488956e-01 8.061826655835410693e-02 -1.365998325255321222e-01 2.080093366483843076e-01
7.971873369449236635e-02 -2.129095816577643852e-01 3.397208577370085941e-02 1.419648189837332999e-04 0.000000000000000000e+00 8.380769093664602876e-02 1.596141452034984809e-01 -2.685100568278230848e-01 3.088370231691732969e-04 -2.060447258784319780e-01 1.109599240916303436e-01 -2.977697194896344324e-01 -4.898264520890288631e-01 -9.750867799689050264e-02 5.690988026818170065e-01 2.571659915800197371e-01 1.888258041265142642e-02 5.559419078749854304e-01 -4.345918920367070060e-02 -4.163857034205553642e-02
1.909295392140067105e-01 6.873196717558222035e-02 -1.615382885399641380e-02 -1.048375255429684766e-01 -1.463258417940379100e-02 0.000000000000000000e+00 -2.928428916258996040e-01 -1.495317693523068869e-01 2.999403604541866497e-01 5.660285977202499375e-01 -4.115591651158901354e-01 9.056995966244106577e-02 3.649934941501737917e-01 -4.980598680164883413e-02 -1.291998206614886624e-01 2.777589440272298371e-01 -1.237599000011772449e-01 -1.615982672535050402e-01 -1.278023857621531090e-01 -3.108141571528618696e-01
-5.355859402424194560e-01 2.580459287279122660e-01 3.774695255488505485e-01 5.003998560578587496e-02 -4.508259885947363266e-02 1.117240423404315258e-01 0.000000000000000000e+00 -3.912705872335478507e-01 -2.706575215552853853e-01 9.486328688897475991e-02 -8.693868397807447135e-02 -3.480519829149824051e-01 -3.218169328808815344e-01 2.121865973373195102e-01 -3.413429768349240390e-01 2.542118760990602633e-01 1.083432322508887519e-01 -2.240174766527540107e-01 -7.120866881429309403e-02 3.535807052465946704e-02
8.069077335113375438e-02 5.712221827217408426e-02 3.188762629761387468e-01 2.073395628100254684e-01 -1.141654612393205315e-01 -3.836357952045018477e-02 -2.035707335994501599e-01 0.000000000000000000e+00 1.654469670718903065e-02 -5.247566456781618260e-01 2.230383876142644564e-02 -1.037092047625057072e-02 -5.537312394105158020e-02 -2.918894080011512071e-01 -1.288643743055387647e-01 -1.709407615814610704e-01 -1.358396744795145605e-02 -5.443668195899926676e-01 -7.401088287645739283e-02 1.056858253226210520e-01
-1.979296735343498148e-01 -2.110907341662233982e-01 1.642556367822018415e-01 5.909800039928427839e-01 1.367932455687952131e-01 1.470573619572781987e-01 1.029619426338122812e-02 1.722359592642098980e-01 0.000000000000000000e+00 -2.087243295283368050e-01 8.394942618304647441e-02 2.056714686059162023e-01 -1.596860034845405396e-01 8.374210417125199646e-02 2.811182222093503991e-01 2.182633838849592500e-01 -4.968142275914573351e-03 4.619573957385441632e-01 2.307413203094589305e-01 -5.575293478165184446e-02
-4.402942897447477133e-01 -7.311233867284296084e-02 2.994970351810079950e-02 -8.523653910720378757e-02 5.551048402936243666e-03 3.662925987535270989e-01 1.832866673801348545e-01 3.010853855953365965e-01 -3.074068528378287590e-01 0.000000000000000000e+00 2.977175531784595486e-01 -1.850520769803394028e-01 4.326663508781550260e-01 -2.850745772585451254e-01 -1.468845237711773888e-01 3.383680777354449720e-01 -4.884087474713080801e-01 1.786418403826399715e-01 -2.850066359789805714e-01 -2.622781880227635920e-01
6.608850558015141353e-03 -1.655653227293619675e-02 1.213807333193322874e-01 -3.776345807597644710e-02 -7.161209182876554502e-02 -2.671101126795615843e-01 5.846374567215655016e-02 -5.608441920004962888e-01 1.391178857068850194e-01 4.298253641949654341e-02 0.000000000000000000e+00 3.111507293393554474e-01 -3.230928617636451561e-01 1.285818981371869840e-01 -1.822597333654948637e-01 -1.166970006985132147e-01 1.698093805354981556e-01 9.894700529032607328e-02 9.792442718351614117e-02 -2.029968654351687468e-02
3.958742467986270386e-02 -2.536015750679081471e-01 -1.459527393879062329e-01 1.323203402516679728e-01 -2.660508757677639835e-01 -1.451095062201963326e-01 1.644893796482841120e-01 -1.250160995748077208e-02 -1.876610475489362551e-01 6.322698656055535105e-02 2.885336860613483267e-01 0.000000000000000000e+00 -3.430656655385778131e-01 2.354670877472526264e-02 -1.977952519861372327e-01 -8.218815760330706877e-02 -1.293857225247851128e-01 -2.030445936543384122e-01 -1.403543304104621151e-02 3.756379400376574224e-02
-2.508361421839876981e-01 2.146498175195966085e-01 2.887061414847555407e-01 -5.400143835860278518e-02 2.873339561662633518e-02 3.239741830128894384e-01 -3.041337307426875136e-01 -2.543244019032924741e-01 -1.002226178974700010e-01 -2.557449569819418567e-02 1.201678687151768871e-01 3.646370305108664195e-02 0.000000000000000000e+00 2.188533186860496249e-01 2.534380040299488157e-01 -2.334956658686696274e-01 1.018546875176173372e-01 -1.623776360286285358e-01 -1.138540453792605128e-01 -1.739243453644680470e-01
3.296939334443976244e-01 -2.154666973483796433e-01 -3.207528763525646642e-02 1.016521875976104800e-01 -2.154225304702421795e-01 -7.832425466443415640e-02 -4.452425200945953759e-02 3.605414617935514543e-01 -3.058660366066149883e-01 -1.805316715611629541e-02 3.207443635847206237e-02 -7.661753488571347581e-02 2.902065469188128688e-01 0.000000000000000000e+00 -1.119867580929164302e-01 1.706882988821343816e-01 2.702715479320011438e-01 -2.028873688722063751e-01 1.832261762213902023e-01 1.480673402979983955e-01
-1.976871226434444642e-02 -1.878397774495765560e-01 1.889084444658334916e-01 1.370782858749212685e-01 -2.194021140344324106e-01 -1.189946272171679142e-01 3.854621352122059585e-01 -1.535025430530067292e-01 -4.647912082269941014e-01 -7.215860557168166101e-02 2.980656830902046750e-02 1.561245419997359662e-01 -9.182922168663935902e-02 4.380830959422480353e-01 0.000000000000000000e+00 4.207271573882374882e-02 2.451236249391685329e-01 1.657092564201869539e-02 -5.398993862173749880e-01 1.583575838388804613e-01
5.702298839664137614e-02 -1.530429236027368300e-01 2.566777231482679777e-01 2.383506227836750813e-01 -1.201374573171315047e-01 -3.301701768694713102e-01 -4.043671479873730545e-01 -4.240987500257933224e-02 -1.324476104274809607e-01 -3.237906202801524996e-02 -6.006348661182751014e-01 -4.525948446931787710e-03 -2.826995065182560385e-01 -8.985321135644790125e-02 4.933390885954540561e-01 0.000000000000000000e+00 2.208443495453215333e-01 8.295613871004012263e-02 1.602269457011590847e-01 3.187838501833970689e-02
-3.266152951336846744e-02 2.427933584311777193e-01 -2.895740240751262240e-01 -1.415983443435577527e-01 1.122286891366791606e-01 3.808386394002608033e-02 4.576178588667615954e-01 1.568635139507031789e-02 -1.187846310827013127e-02 7.914453383834840761e-02 -3.340570003810943711e-01 3.360123637120138729e-01 -6.966797865984707128e-02 1.449456793506617713e-01 -1.817245049244276267e-01 -3.040800718437782213e-01 0.000000000000000000e+00 -5.055418050923926598e-02 1.208392288507591922e-01 -1.146214315130066053e-01
5.557683708836035352e-01 3.284999421529355423e-02 -2.557644272706994237e-01 -1.311137274052613655e-02 3.103649553046002318e-01 3.381542392123036006e-02 -2.180730181182506666e-01 -1.168964442797964104e-01 1.706700164159461464e-01 3.302403917668650379e-01 -1.702353200988800108e-01 3.191130236444751356e-01 -1.683284268478865420e-01 4.552560923014715710e-01 -5.556398600514735747e-02 -2.809902273307224307e-01 -6.356307897061680423e-02 0.000000000000000000e+00 1.657606457153834312e-01 2.357891075164095518e-01
1.265205281477924937e-01 -2.214870680311633033e-01 1.620816853661122270e-02 -8.333992934064007874e-02 2.297850010059819537e-02 -9.026096259524822585e-02 -1.739302002109368861e-01 5.771034560647063660e-01 -8.193354068047868644e-02 -4.108287014408201765e-01 -1.002838446917954235e-01 2.516849420149731564e-01 1.036106194155021198e-01 -1.957003247272973978e-01 2.267620418472703347e-01 4.969887523296088183e-01 -3.220664984864590741e-01 -1.759167374221979208e-03 0.000000000000000000e+00 2.726838153934617592e-01
6.704809169361326815e-02 2.115668399757216489e-01 -2.491245531722889317e-01 3.338941673553572076e-01 -1.934471288937296696e-01 -4.440676669624117334e-01 2.624512736623280801e-02 1.801415578507593613e-03 -2.200136186490081747e-01 -1.210414433612152924e-01 8.072065023057371780e-02 -1.057709455975415769e-01 -1.498171715145795169e-01 1.722454381426929415e-01 1.258205933928958353e-01 -2.221171376000771469e-01 -1.000959000025655049e-02 -1.548372077780083844e-01 4.726692068534927432e-02 0.000000000000000000e+00
