0.000000000000000000e+00 -6.396786674083146385e-02 -1.083520575172652184e-01 -5.933000664470471364e-01 -1.852499444627599351e-03 -7.147174571179339131e-02 -1.199939732679214666e-01 7.052618068846848443e-02 9.414980235222254745e-02 -2.382760701309971363e-01 -1.981692146377415642e-01 -1.063772428813470478e-01 1.542176528489474507e-01 1.254863854051444794e-01 -2.919295215792926945e-01 -2.503222784066107542e-01 1.647618495152815554e-01 3.520988827148551215e-01 -6.948601022095483859e-03 -1.528233118005245528e-01
2.449902484057079333e-01 0.000000000000000000e+00 1.622831309472324290e-01 3.463829474235947115e-01 1.408901314346277245e-01 1.643358738227276156e-02 1.637408525263235326e-01 -1.436842258149584606e-01 -3.982284463273810110e-02 -1.283401410837164136e-01 -4.569970987435940935e-02 -1.087836114563888318e-01 -4.154062529143878746e-02 -8.509052957865920197e-02 1.989600410578279757e-02 1.423741631861543885e-02 6.626522786342892157e-02 3.136691580039377425e-01 -3.458889853008797477e-01 2.897091228530802587e-01
-5.305081243820437831e-02 -2.755609889776678978e-01 0.000000000000000000e+00 2.053568492852134164e-02 2.387133279913637440e-01 -2.373886793591303002e-01 4.860053678136389693e-02 2.634524208095932393e-02 -3.765786438313877826e-01 -2.651429378002163606e-01 1.341868878017156708e-01 1.555335665941153245e-01 2.432195423041343119e-01 1.193661644048477910e-01 8.837209264475402726e-02 2.747401478822338386e-02 2.703633463427332906e-01 -1.885153111541303661e-01 -3.172836927231238724e-02 8.616780481990582441e-02
-3.527384508129892127e-01 2.931359094191935410e-01 -1.772900054369279110e-01 0.000000000000000000e+00 4.822470621439284288e-01 -1.854678079161757587e-01 -1.183711839207705618e-01 3.492075619714826717e-01 -2.415386822016654667e-01 -9.661102056937287408e-02 1.153998989583532309e-01 1.018289392067127930e-01 1.327522707170270266e-01 8.284773495594251191e-02 3.008356824091408810e-01 2.271715700526283077e-01 1.331083088859218999e-01 -1.526790829345852085e-01 -1.595568508167516941e-01 -4.267065135971149226e-01
1.536877133209770818e-01 -4.076373352392497762e-01 1.965758216125139679e-01 4.128597367143056474e-01 0.000000000000000000e+00 -1.530554248106001936e-01 -1.064847948851533194e-01 1.856630562923818339e-01 -1.930514914844510266e-01 -2.918995942683667855e-02 -1.169659504718238152e-01 -5.618722840341402319e-02 2.887378070382076722e-01 -2.156027595948641629e-01 1.604597330992732149e-02 6.073301413226527695e-02 1.920038170827861324e-01 -2.826554674909504961e-01 2.492925743256918791e-01 9.721908973307380464e-02
1.954933335308155773e-01 1.602189669094138819e-02 -3.665030856020522476e-01 -1.447412685539584409e-01 1.828588340101651444e-01 0.000000000000000000e+00 -1.089021954107657029e-02 4.005985315800959512e-01 4.923500394353130249e-01 -8.288411799598285890e-03 4.322107932147314369e-01 -4.457761462052742263e-01 -4.581831324198600841e-01 1.938794386047684726e-01 -5.857627671448607798e-02 1.294618752463362610e-01 1.155046248022742056e-01 -1.999126175879695905e-02 1.525288402098601559e-01 3.370246582194497825e-02
-3.425974831109168117e-01 4.894050172056945563e-02 4.151556578684729298e-02 4.098212923854152590e-01 -2.524284620755096742e-01 3.800618096608028400e-03 0.000000000000000000e+00 -2.971955692951735659e-02 3.710094313750715300e-01 8.466663089830034350e-02 -1.038801295752747877e-01 3.439994816411542922e-02 1.713187228906410953e-01 -2.222713493574976218e-01 -5.910874164243064277e-02 3.448484652208998469e-01 1.914414173237453665e-01 -1.001816971272106484e-02 -1.067698374522350474e-01 -3.445009856316015584e-02
-3.468319113704341206e-01 2.108692558953530471e-01 7.628422792669681263e-02 3.091883133905126355e-02 -2.901125168330563886e-01 -1.598704626483709867e-01 1.150411433009284334e-01 0.000000000000000000e+00 -1.110723113719221666e-01 1.129263336002907792e-01 2.099182884122987591e-01 -1.509391220373162978e-01 -1.187035111286775663e-01 -1.945070436731021757e-01 -2.583249338663746175e-01 1.781412405492771023e-01 1.140457327254216779e-01 7.573873869140185233e-02 -2.620940075012107018e-01 -2.338854778250761546e-01
-1.513115096611907136e-02 -9.239650974714259946e-02 2.685133028591637355e-02 -1.562948204859067325e-01 1.462444095353153117e-01 4.023759769938959896e-01 3.458316363088869139e-01 3.599787665539130876e-01 0.000000000000000000e+00 2.060704863766865402e-01 -8.426171438954103976e-02 2.057143504574525938e-01 -8.461785555805560743e-02 -1.093382312379502924e-01 -1.440908379016450358e-01 1.563326437090171994e-01 6.158280076485871113e-02 4.166361276924554491e-02 -2.548682919545045555e-01 3.170853747713015675e-02
-3.221546411075723593e-01 3.301583044585192361e-01 -2.941625313520148180e-02 4.347569118660202236e-02 -2.351208779194556564e-02 -3.541848000717654488e-01 -3.067379210689405444e-01 -6.332172932531386807e-03 3.337267727232133274e-01 0.000000000000000000e+00 -1.577353714117458172e-01 -1.056152473573143680e-02 -3.772874135395328232e-01 -3.795372350564827912e-01 -9.200389844978526521e-02 -1.012382976342844805e-02 -8.746897156142911800e-02 3.430625467015657182e-01 -3.671465916412947755e-02 8.058043332778869194e-02
3.573348209697163047e-01 3.809637811284539155e-01 -3.554274534850708211e-01 -8.435488560753005849e-02 2.599441343676862082e-01 -3.083221800973615645e-01 -2.066117150984891071e-01 -2.901328141482313883e-01 -3.045377514521728224e-01 -2.536115586558455592e-01 0.000000000000000000e+00 2.837403710993989248e-01 3.416763024057618559e-01 2.658233906912315508e-03 -4.406332693090292407e-01 -1.266343102974933597e-02 -7.584796581853628372e-02 7.878139797737106209e-02 -2.871404481746345216e-02 -4.016230977282743142e-01
9.241298792487326330e-02 -4.623820602834093907e-01 -1.543135587142642207e-01 6.970957877242663081e-02 7.834434606171443438e-02 3.513640957634588391e-01 -5.282517385248221009e-01 7.602278025868455802e-02 1.541501314852577464e-01 -7.316730528144946288e-02 1.426681860288848414e-01 0.000000000000000000e+00 1.469158332281162438e-01 1.203485878474439830e-01 -2.194990634457631151e-01 -1.490651938786589914e-01 -4.244592242034429114e-02 -1.467051449225016957e-01 2.335342871234534490e-01 3.916863612461061323e-02
2.939833100965563162e-01 2.627937921988706127e-01 1.360580545696872187e-02 -4.317949655213200455e-02 -2.116786396099263889e-01 -1.799164051697442479e-01 -1.791517803092916306e-01 7.778174488230335526e-02 -1.975936832685955546e-01 1.758852649748737090e-02 4.306423824578300974e-02 -1.109613649744135150e-01 0.000000000000000000e+00 3.231945367748188525e-01 3.604500257599150270e-01 -1.750020644421782512e-01 -4.351688904466320673e-02 -8.321125547477088713e-02 -6.166327411780644918e-02 3.432672555864642594e-01
1.534959234896638436e-01 2.817257186681084158e-01 3.973223323177385025e-01 -9.845709177244937882e-02 -4.186081819552252975e-02 9.035186552649615913e-03 2.294287319012409676e-01 -2.034772825622372869e-02 1.444022123651496625e-01 2.612417530989289416e-01 2.601062071273118059e-01 9.988043653107479825e-02 -1.763621311601414055e-01 0.000000000000000000e+00 2.508047815728540186e-01 1.020988498103595904e-01 -2.096259799042733407e-01 -1.129384667763203565e-01 -1.003548423908799808e-01 -3.745299825544482486e-01
5.624741650855882846e-02 -1.759873015629537518e-01 -6.583134685533581498e-02 1.654021060797763454e-01 -2.138483853185037947e-02 1.214303860199991147e-01 9.444821064691581725e-02 7.081432070656686582e-03 1.091893822349336574e-02 4.162694012397927246e-01 -3.816428980113699410e-02 3.639585336546543037e-01 -2.043767703691446724e-01 1.630989530522754805e-01 0.000000000000000000e+00 -1.630662492975607780e-01 -5.919910647176453988e-01 3.566360081164013929e-01 -2.583114778559882918e-01 -2.153454323843501106e-01
2.898615194170036866e-02 1.277670085919669664e-02 6.234070636834202622e-02 -5.681359977488437824e-02 -3.353242931880380806e-01 1.938699157830564845e-01 -2.022941142117051505e-01 4.992915874309136054e-02 1.284489422033850692e-01 2.643535973373556947e-01 -4.872468385736374030e-02 -6.829824994597057108e-02 -5.217013099270187415e-02 -4.133562145668769894e-01 -1.687820686969574435e-01 0.000000000000000000e+00 -2.571171928883891344e-01 3.749738206205015939e-02 -6.965089113835828960e-02 3.569357138824241771e-01
3.329413275131500316e-01 -4.209283556173591956e-01 2.740954599904668262e-02 -2.238671837296858369e-01 1.243679843797905193e-01 3.535665201601594781e-02 2.080698897891962718e-01 6.950432999792768851e-02 1.702109448523826396e-01 -6.676241622511157325e-02 -5.608267063294112287e-01 -2.649925771961358922e-01 -1.911686212662542794e-01 -1.096007718773598233e-01 -2.263264034577451012e-01 3.651904554535049252e-01 0.000000000000000000e+00 2.898057836009947930e-01 -7.564018575866894578e-02 3.699058182570281184e-01
-2.683900388687292526e-01 1.340881953963015960e-01 -2.973890350545634886e-01 9.884709979678582559e-02 3.547979006713266048e-01 -3.653722956860230298e-01 -1.949801184262634768e-01 5.483840118412371123e-02 -4.157473705330163444e-02 -3.061275449866550646e-01 2.586435150356368173e-01 1.169797400924134194e-02 2.892467495644501785e-01 7.124610241824584633e-02 -2.579077014171738402e-01 -1.076089683970842120e-01 3.090466697679380426e-01 0.000000000000000000e+00 -1.041554114123335040e-01 1.343037710646828864e-01
2.269668179924866913e-01 1.850035637922473331e-01 -3.296417412824197424e-01 4.665282408217863996e-01 -3.682077713051402218e-02 2.735975340784257883e-03 -6.728505403905353901e-04 -5.186578537565957048e-02 -2.162497197379766312e-01 -7.311054108752811087e-02 2.956846062739202918e-01 -3.045849934906185719e-01 -5.438685521211601426e-01 1.196235741979913558e-01 7.550289616300168150e-02 1.627551602360369776e-01 3.862115482521371046e-01 -1.621799878391702032e-01 0.000000000000000000e+00 1.123779188604877993e-01
2.753995389638772551e-01 2.294033389940779433e-01 -1.885024774481267595e-01 -3.080192038643974062e-01 -6.097310163555452744e-02 -3.606485255439123017e-01 2.481018303980152551e-01 -8.827761637901991587e-02 -7.962905830806329965e-02 -1.990089535395044851e-01 3.406745761677394957e-01 6.436617905941956208e-02 -9.220178463690122117e-02 1.367204860485347062e-01 -1.911299060245305950e-02 1.327101589910847645e-01 2.948951855980350700e-01 -5.922992160585589805e-02 1.145171290435238465e-01 0.000000000000000000e+00
