0.000000000000000000e+00 -4.147074457191182173e-01 1.395085296163396660e-01 2.560993898881139819e-01 2.319228392572381670e-01 4.218652895989127294e-01 -2.497649696984148571e-02 -8.096832074039271576e-02 3.324475072790086805e-02 -9.789128884268757935e-02 4.855078243046944131e-01 2.576644051564310200e-01 -4.066988028996538218e-01 -3.086877103888372928e-02 1.207118073532998520e-01 -3.969651873225454319e-01 2.940153316247947068e-01 -1.058662017072103945e-01 -2.442300305083833500e-01 -5.590783559659796842e-02
-2.196476836720966386e-01 0.000000000000000000e+00 1.098655721691399884e-01 -9.987321689170211569e-02 -1.803075957484417680e-01 2.935236309099830548e-02 -2.711367119839314666e-01 3.577504241843303817e-02 -1.688730045853598927e-01 7.823912241104631626e-02 2.185849835869176083e-01 -3.098860393120087334e-02 2.322297581883570397e-02 6.721419900633482380e-02 2.164972857152499819e-01 1.944538025678605175e-01 1.269601582903027437e-01 1.040402948809939360e-01 -2.605853433135640884e-01 -4.552622754672629446e-01
-2.583582669334995585e-01 7.479999330439087712e-01 0.000000000000000000e+00 -1.552231200988363202e-01 1.246997936798285578e-01 2.216985372877140065e-02 1.426446290224236968e-01 1.572203278485190536e-01 -2.048446565580498979e-01 -1.757581245186690677e-01 2.502566576015502475e-01 -2.198940548800159822e-01 5.467633888059980629e-02 -1.300071697951797056e-01 9.605340861695756127e-02 1.785281119323467725e-01 -1.364158099857734896e-01 2.650644387951917036e-01 -1.589473156931016373e-01 -1.746657387839489484e-01
-5.151296390285682592e-02 2.687643758317491763e-02 -1.763072150176289432e-01 0.000000000000000000e+00 -1.778973457039129680e-01 6.363452557030345458e-02 1.168428883257543738e-01 1.868334163970470155e-02 6.083883891131832700e-01 1.366255160234051413e-01 -1.869227599109833382e-01 -8.264598549103165668e-04 8.789864264307777064e-02 1.530577538477788935e-01 1.733403659398513319e-01 1.243260249029419368e-01 -1.209667830895972268e-01 3.408700591662588431e-01 2.702031294839519759e-01 1.146594935753854350e-02
-9.539763855635698120e-02 1.806609271187260835e-01 1.280814411383524899e-02 -2.325894348594901295e-01 0.000000000000000000e+00 -2.684053949205506343e-02 4.935038494581235891e-01 -7.602476341135183668e-01 2.758254464004558093e-01 -1.314541518472787662e-01 -2.184497364813268727e-01 1.046637008674475011e-01 6.420034974369444036e-01 -2.701361711634224227e-01 2.244124933259276089e-01 2.528381198196805180e-01 1.252286821839608266e-01 -1.382778401387265710e-01 -5.026652173713599958e-02 4.954906275100658397e-01
-3.449321853362640605e-02 6.431093300798831902e-02 1.295490649766776192e-01 2.086810971497551903e-01 3.733379978703717517e-01 0.000000000000000000e+00 -5.671797737324136418e-02 -2.600655712806005382e-01 1.195069795469408114e-01 -3.150688783655377634e-01 -2.369717614910872849e-01 -9.975602225764271247e-02 -2.599315009733628723e-01 -1.390817054742076730e-01 1.362506115063643053e-01 1.375672888633382995e-01 1.127644675060108237e-01 -1.510916932871310125e-01 2.937111433518453385e-01 2.020007248592773363e-01
-4.691552648183053287e-01 -5.764005344347084003e-02 2.288894714283535303e-01 -7.036027475155300082e-02 2.399090885768432879e-01 7.290057072346538443e-03 0.000000000000000000e+00 -3.910960527153459210e-02 -1.882676087915488294e-01 1.712845703179980902e-02 -1.500922219981128680e-01 -7.091900005905563131e-02 -1.398340738936435235e-01 -2.364938501097663959e-01 2.361596520378183295e-01 1.004385498933088204e-03 4.781379223571515652e-02 -3.791736062075823921e-01 3.014395835043066074e-01 -4.391663420670542939e-01
-5.179973812792556392e-02 9.924839902782384843e-03 -3.828790467319216351e-01 3.604799734227895902e-01 -1.479936094042871020e-01 -1.295060183929848951e-01 3.899407808035940809e-02 0.000000000000000000e+00 1.201655419443896505e-01 -1.842228962139074444e-01 3.268265587725899257e-02 -2.026593935205909039e-02 2.104943307160820898e-01 2.632608535453654919e-01 5.568127416123687563e-03 6.820002023145872727e-02 2.134491984958872546e-01 -1.443764316395786682e-03 4.804559245948605839e-02 2.778147564322901997e-01
3.284932411242284106e-02 6.541807000854303611e-02 -1.411072062474501565e-01 -9.146565906212920927e-02 8.357814121563151774e-03 2.088196460634654250e-01 -3.082647510160964055e-01 -7.333870496598456079e-02 0.000000000000000000e+00 1.673298312436408419e-01 3.589682718637501185e-02 -1.368681105630702999e-01 1.539522957945242965e-01 4.071549346825849985e-02 1.046609895214043184e-01 -1.600379035727896027e-01 4.997336979864875489e-02 -5.132982087511166192e-02 -9.166142897141309198e-02 -2.671498102214402426e-01
-2.715925403093327195e-01 -3.720224004521887617e-01 2.880747708527667261e-01 -1.398130296265081285e-01 4.372128912754964514e-01 -4.236881501464428990e-01 -5.559652899709281032e-02 2.895641180250496105e-01 -2.855779228136083314e-01 0.000000000000000000e+00 7.564347937483312245e-02 1.141033188985648983e-01 1.127281449984849672e-02 -1.816387714825685729e-01 -3.282460190782798132e-02 4.589091444174960288e-01 2.561130572948126516e-01 1.710142962485043661e-02 -1.924484125877607421e-01 -8.669212727373475091e-02
3.588799967349537989e-01 2.457129824997511813e-01 -3.584807967035104070e-01 -1.835952122016107357e-01 1.249706527051218791e-01 4.067130421214324998e-01 -3.423336406981405400e-01 1.956310929320938599e-02 2.991749989004035548e-01 2.527634924974021535e-01 0.000000000000000000e+00 -1.535742922849177572e-01 1.042304365733921767e-01 -1.233874411251598274e-01 1.391976710951635110e-01 -6.070068492658593252e-03 2.778090416970565579e-01 -3.698209653360755578e-01 -7.567081020910434996e-02 3.143042779605683124e-01
-2.521766672190455250e-01 1.446179693560149249e-01 -1.590206488665159013e-01 -1.073728865901088236e-01 2.924766683527142974e-01 2.138729625929831346e-01 2.291755070500669234e-01 -2.896068480224336938e-01 7.542916456471518427e-02 5.941189286544654863e-02 2.228086211775916203e-01 0.000000000000000000e+00 -4.955404354911049913e-01 -7.350163504099505030e-02 2.717221573377043634e-02 1.130907667579099246e-01 -1.167976562098236859e-01 -1.323245844754061817e-01 1.854250121775666369e-03 8.981831700993589407e-02
4.198452952757635304e-01 -1.217755425101850614e-01 8.411898228460101823e-02 -1.590241100376370009e-01 4.362659130027686794e-01 -1.697157286658713682e-01 5.126667250898456207e-02 3.145776184667586350e-01 -2.391279672985756333e-01 -2.726742890364786120e-01 1.420258204962826509e-01 -1.430858697556476600e-01 0.000000000000000000e+00 -1.633519468832839994e-01 -2.257575335884137724e-01 -2.241851197255419759e-01 1.524633823898278139e-02 -4.683623718066809438e-01 4.561679818511451406e-02 8.679132758993844676e-02
-3.928946483152265801e-01 -1.078767062539963822e-01 -1.135310121448179221e-01 3.105152666141075546e-01 1.354034757039105502e-02 -1.094108397781465639e-02 -1.227146902593295730e-01 2.404830184702087814e-01 1.863576754355082965e-01 -3.300070907674341192e-01 1.670619326290586071e-01 2.241842788722345214e-01 5.050197474213092425e-02 0.000000000000000000e+00 1.651296901461768996e-01 -3.441361244474371861e-01 -1.374445997526600738e-01 4.654332274175694562e-02 -4.201606947538600451e-02 -1.930105885340227811e-01
-2.767232641471611410e-01 -2.889783380849040295e-01 -4.470422564210414507e-01 -1.650702990859891431e-02 -6.189839801367861410e-02 -3.041661381070011605e-01 1.309380361642065449e-01 -2.180810285717090513e-01 -3.676211393256801352e-01 -2.842596593119336990e-01 -2.354572025030144677e-01 6.245335559598853142e-02 -1.844912546033073975e-01 7.180156591297696955e-02 0.000000000000000000e+00 3.036457422032886044e-01 -2.581547683322367448e-02 -1.707715542510774842e-01 -6.169738827954022176e-01 -3.492120170535634865e-02
1.887648448379892485e-01 -2.142900013753620478e-02 -1.051008628687801275e-02 6.189422988044251950e-02 -2.817409847423887545e-02 1.207133727540570939e-01 -1.858724561910303219e-01 -4.463673963926043792e-02 -1.236697068450369058e-01 2.004003962198944166e-01 3.515695957934086846e-01 3.650604831440192322e-01 -1.064326970765399338e-01 -3.707985848567236890e-03 1.212664662915606123e-01 0.000000000000000000e+00 -2.589856390726320567e-01 2.849441632747739400e-02 -6.693102622218646824e-02 -2.462640985836868079e-01
5.867763892988789309e-02 -7.036661360385902675e-02 -3.086828581338376121e-01 -6.354610841770599872e-02 2.371657682311381632e-01 2.357165830324526867e-01 1.428968081004241553e-01 -3.799661533856009497e-03 6.260848891657173898e-02 -4.385818745833543891e-02 1.467693209799710539e-02 -1.937637307142682230e-01 2.377233858573671865e-01 -1.657362722449569337e-01 3.133086305557160611e-01 -4.793946048151221939e-01 0.000000000000000000e+00 -1.361744993962045458e-02 1.588996983648119088e-01 1.740679701905210042e-01
-1.023355370816268484e-01 1.596491896018762124e-01 1.663287757166725112e-01 -5.308039568304164652e-02 1.575669792641524736e-01 -3.405373239662969898e-01 -1.281651083355502818e-01 1.552222209344605031e-01 -3.142752412459631772e-02 8.417102531757746087e-02 -1.859610839992633102e-01 -1.924206183760994622e-03 -2.404014180086963826e-01 -3.157935772196612256e-01 -2.531747803838841349e-01 2.519357069414613348e-01 -1.167327447613473873e-01 0.000000000000000000e+00 -3.249322733836663146e-01 -1.119503195865617362e-01
1.712612725915319822e-01 9.021193506282929042e-03 3.648426393485890151e-02 -5.396151581850937573e-01 6.031647826294808112e-01 6.309688429998876191e-02 -3.459037245569755448e-01 -6.025794994566926327e-02 -2.143747146577552887e-01 7.986055033746754239e-02 -2.309681705918778527e-01 6.523466345373388209e-02 6.653608140592702502e-02 -1.328250292579924718e-01 1.320141241260930354e-01 -7.352862484901484356e-03 -1.454776455989138240e-01 -2.231937131543822520e-02 0.000000000000000000e+00 -3.652926090705980317e-02
4.353402807195048789e-03 -7.193384031343877383e-02 2.551296311764985059e-01 3.882888568900545734e-02 2.321480734259788181e-01 2.918072410994119181e-01 1.339329472182542412e-02 2.012327878986206464e-01 -1.443299443039358469e-02 -8.440484045564032589e-02 2.888145388413549397e-01 1.529317080304248011e-01 2.243287369131351933e-02 -1.454328937997351745e-01 9.951857473763386919e-02 1.327182484260030770e-01 -5.311417806466869201e-02 1.909938454378563508e-02 5.972577111571021613e-02 0.000000000000000000e+00
