0.000000000000000000e+00 -3.417770555738903204e-01 -1.329270813737358503e-01 1.483192246688419189e-02 -2.762650522418564347e-01 -1.389422447607009670e-01 -1.987747707149426502e-01 1.115596351638020595e-01 -1.759555411326855501e-01 2.655186804689280838e-02 -1.692397420715668899e-01 1.103201945862930106e-01 -1.876965104980441446e-01 -2.269657864478989151e-01 -7.658972992466726859e-02 4.213789623852700617e-01 -6.057796813593366303e-02 -3.246143125136694563e-01 -2.415308863553876362e-01 5.735685561720480496e-01
-4.924330504870393782e-02 0.000000000000000000e+00 6.179183167107150931e-02 3.605125609292350042e-01 1.600945865508196231e-01 1.472746511973562489e-01 4.712315671508249953e-02 -1.262134030343873281e-01 3.134652293297459508e-02 -7.567925389706615935e-02 -3.141289918402948023e-01 -5.560300943378747585e-01 2.847729769124913712e-01 2.414389609133132941e-01 1.449871743009455149e-01 1.244193261984317400e-01 5.222058392576743591e-02 -2.412371614293614963e-01 -2.642945205269296993e-01 -1.572492616533158194e-01
-1.427764925205366742e-01 -1.882925625433485295e-01 0.000000000000000000e+00 1.296263301503757237e-01 1.199459169793686553e-01 3.450329888528154143e-01 3.743920668897430248e-01 -1.429495363122681162e-01 1.226852160684676341e-01 -1.858652544311095722e-02 6.910875223230662778e-02 4.495468871533592203e-01 3.744766472748021768e-01 1.125174744533059268e-01 2.297021470098360163e-01 1.420337981086599310e-01 -3.841194337902249095e-02 -4.943320700967948622e-02 -1.631132012898946215e-01 3.401411213706304060e-01
-2.104224547220262254e-01 -9.764415236243416396e-02 -4.504889417426457404e-02 0.000000000000000000e+00 3.473705484930042497e-01 1.196507479097160404e-01 -5.039816200425210058e-01 -2.248962710027267997e-01 1.949576073442049751e-01 -1.193758085991059037e-01 3.687353771650999507e-02 5.678395818675946449e-02 3.658395595885311630e-02 -1.489509692702355725e-01 -6.855098587127530195e-03 2.284244871980168137e-02 -1.872221399097325767e-01 7.652745954665139683e-02 2.389751351033133839e-02 7.292675086739783263e-02
1.612820616765217041e-01 -2.344893961376284114e-02 -2.306642387102711966e-01 2.042697603003237328e-01 0.000000000000000000e+00 -2.344342906959180628e-01 -2.400078681515697976e-01 8.980041459964951955e-02 1.453489356591155524e-01 -3.597985146441201043e-01 -7.291496151674692339e-02 -1.228286932721093100e-01 -4.551284750204278445e-02 1.225881739561317518e-01 4.037294213012957989e-01 -1.836485043369091297e-01 3.563651358202583608e-01 2.463386480859409700e-01 5.108017344863499121e-01 2.672894372651960296e-02
7.740659577378022904e-02 2.389985409009461603e-01 1.024621348759119643e-01 4.080360746158089302e-01 1.153753163150464389e-01 0.000000000000000000e+00 1.354313437897857186e-01 -1.499000155637604248e-01 2.107429285028105947e-01 -9.345777718425113401e-02 2.849829695345252115e-02 -9.586800445503994295e-03 1.387144669323933099e-01 -2.771989729557903792e-01 2.926158942299775800e-01 2.035986274269125929e-01 3.833634677959974618e-02 -1.980527118101693684e-01 -2.338775954637735965e-01 -5.479190935169035714e-02
-1.658831964341333787e-01 6.712633709779659494e-03 9.226140348114063305e-02 1.403828094443569097e-01 2.480718263447643374e-02 -2.240204698992590560e-01 0.000000000000000000e+00 4.160336546848972250e-01 -1.796648190389922850e-01 -7.449699803629172834e-02 5.042754996053414596e-01 3.306875564487128383e-01 4.932215157896793073e-02 1.617554732715843213e-01 -3.043883196884276110e-01 -4.234642698030916322e-03 2.816880550536638994e-01 -4.309180675628530577e-01 1.289177692463642222e-01 -2.296971132063947429e-01
4.049777412502898466e-01 -2.511785131614399647e-01 -2.710061424409035413e-01 -1.392537183491906472e-01 -1.510364961652894134e-01 5.435521332874709149e-02 2.797775926175348205e-01 0.000000000000000000e+00 -9.546313629764584252e-02 1.014091146707587626e-01 -2.263164222213954468e-01 1.481084662727774615e-01 9.878677371607298696e-02 1.054670787435674634e-01 -1.887862909062375640e-03 1.576952799197204602e-01 2.996214500697645389e-01 -1.764767001580421629e-02 2.758340549259500341e-01 4.964534974241236603e-02
-3.513198292650269172e-01 3.040177031602219748e-01 8.586777634203522636e-02 3.067740375362900673e-01 -7.600049488373614159e-02 3.426029093737511383e-02 -9.074420376860405091e-02 -2.769501307707867288e-01 0.000000000000000000e+00 3.712665738007576710e-01 6.661614621631822830e-02 -4.218012600263795764e-02 -1.193204856052989121e-01 -2.641367540975697037e-01 7.721404921805177790e-02 1.595670231932539707e-01 -6.376113790951740135e-02 -7.351885798337776112e-02 -1.228769825015884193e-01 -2.098913950968127606e-01
3.206114999576089031e-01 1.863529056550689011e-01 2.702090363991565755e-02 -2.421844992588234879e-01 -9.549630133248096509e-02 2.352549371808637657e-01 2.240017159639850486e-01 5.994458835517584294e-01 1.980740434814611539e-01 0.000000000000000000e+00 2.119193262237974509e-03 -4.012634454690602315e-01 1.883653601989291049e-01 -3.762970151234790173e-01 -1.768154198573969327e-02 -7.507368159982306943e-02 1.161075803413949559e-01 1.581137973455873647e-01 1.933704132090578176e-01 1.588442697235609991e-01
3.147841783028280938e-02 1.686397607156937262e-01 1.056518418235710133e-01 -1.719910677185847447e-01 1.712900795826353961e-01 -6.025852276061789692e-02 1.103967433478381249e-01 1.836393671857753929e-01 -6.733849639602479398e-02 -2.096265679992388720e-01 0.000000000000000000e+00 -6.540779684438025043e-02 -3.780763107312618346e-03 2.007855961951780788e-01 -1.285822489358247334e-01 1.555909004727902209e-02 1.017623657821897787e-01 -2.330791151126418714e-01 -1.692758024419162566e-01 -1.329068117488684149e-02
2.039686952912864171e-01 -3.796258911864951457e-01 1.386124782229723740e-01 1.760148997471574495e-01 -1.224847489342735657e-01 -4.796700745454594850e-02 -3.786208398548629450e-01 1.510883170322110947e-01 -1.497633755510174580e-01 4.430645943410314175e-02 -2.945623146274572446e-01 0.000000000000000000e+00 -1.549938497084918376e-01 -3.652600794081733299e-02 1.600035561143881568e-01 2.918962715606078853e-02 -2.108004485201098177e-01 -9.823967848738263120e-03 8.757726351147906985e-02 -2.489655792695977948e-02
-1.527340447888363845e-02 -8.504014148328245537e-02 -8.213507448082175977e-02 -5.174415334119115972e-02 -2.172955329315040540e-01 7.216743359380953238e-02 1.086080724861517299e-01 -1.263787555164815335e-01 -1.432752329106903311e-01 -1.111519115468456720e-01 -1.551892995436854050e-01 2.909640847406144357e-02 0.000000000000000000e+00 9.883865121634521911e-02 1.756554648196173574e-01 -2.147647644014472335e-01 1.851703876854148834e-01 -6.788103820137843247e-02 -7.846353976039941065e-04 -1.322172228648156589e-01
-1.771681795017827354e-01 -9.873898644900910848e-02 -2.163513565990050902e-01 -2.049799561409718085e-01 -3.473961936315353993e-01 2.082784139168459003e-01 3.133091048596803874e-01 1.265115142361204585e-02 -3.274544147343275147e-01 1.443518053696481174e-02 3.306152478484227775e-01 -2.598554164136705480e-01 3.135441363262131409e-01 0.000000000000000000e+00 -5.025659986361195042e-01 1.056831765232325443e-01 4.526473476429754284e-02 -7.741534344985720462e-02 -3.426494453815221997e-01 -1.205531092532460685e-01
3.644593551424851197e-01 -1.356347771497442567e-01 -3.357089508661450505e-01 8.960797620077928793e-02 1.097563737012282985e-02 -1.693442565394741306e-01 1.123286485906171278e-01 -1.574744269361633975e-01 -7.835436170241988352e-02 -2.092790908734079858e-01 2.282327449244120343e-01 -2.034382402923258851e-02 -2.219332776719796785e-01 3.275676660278160623e-01 0.000000000000000000e+00 -4.678742905241769362e-02 1.728193364519793329e-01 -1.936266934312714794e-01 -6.238115734065050044e-02 -8.050336695533019671e-02
1.852716852112600010e-01 -6.410590590647384512e-02 9.440154108748403938e-02 3.202736720087616396e-02 1.683195793824672146e-02 -1.462464084763391015e-01 9.682205902964302613e-02 -4.368129838854449276e-01 -1.710528568940965777e-01 -3.900026052178096059e-01 1.498238493802048488e-01 1.689604716541075191e-01 -2.390145731724541700e-01 6.264948808342446496e-02 -2.003661227470423245e-01 0.000000000000000000e+00 -1.248999764154038739e-01 4.401592761458911207e-01 2.167592902748178285e-01 2.422424745979817051e-01
-1.062226150815767378e-01 -3.996911298194342765e-01 -1.327194560561633097e-01 -4.667236017175727114e-02 -6.333677313614428928e-02 -1.487227005063052609e-01 -1.582104672440633186e-01 -1.870147718693084271e-01 4.557015115082007073e-01 -1.127513573193273944e-01 -1.254458632132351148e-01 -6.454863973455531312e-01 1.668655522577615347e-01 -4.693691233095591969e-02 -1.323104712733468857e-01 -1.576263435143815117e-01 0.000000000000000000e+00 2.791158911600875037e-01 -1.013729255250141181e-01 4.041857293367651094e-01
2.714709348261495903e-01 -4.008443888710432057e-02 -2.589184581554134779e-01 2.152040093694161937e-01 -3.255904655221158323e-02 -7.022874504513176852e-02 1.164425908785194780e-01 3.715281389795988543e-01 -4.807706909854490562e-01 -2.813748617012119535e-01 -2.057523999130029535e-01 2.988224928479106257e-01 -8.225187958830387780e-02 2.449008419899229294e-01 3.439795500738892509e-01 -1.179820977185937064e-01 -2.542399086488901505e-02 0.000000000000000000e+00 8.969875072203900568e-02 -2.863003452590155012e-02
7.180320593294112208e-02 -4.321741578441355980e-01 -1.627190768715705838e-01 -2.862609084000903303e-01 1.884686287431690810e-01 -1.334599964702957720e-01 -1.977957173152405934e-01 -6.404760208504629848e-02 1.754247062448241468e-01 3.302150589969902184e-01 -2.457472295151856001e-01 -6.150849620786479066e-02 2.228485083440820136e-01 -1.249090197620313508e-01 2.958545919837103910e-01 -4.034510549373548222e-02 3.093910925054326744e-01 2.272120264836254844e-01 0.000000000000000000e+00 -9.978905137977732431e-02
-2.653997943789208058e-01 -3.393946522239797703e-02 4.179858318182793631e-01 -2.949982178702642566e-01 7.741496108331101522e-02 -2.914070747774823167e-02 1.097687188634529770e-01 -5.986949890156573889e-02 2.854821346608787946e-02 -9.213197147038337809e-02 2.440151620018064238e-01 -1.427440830349068490e-01 -1.647939204648260769e-01 3.533780666639285140e-01 -6.112036619040445151e-02 8.491211291159170282e-02 -2.234473427066585860e-01 -1.798605432160480522e-01 1.835313068022925015e-02 0.000000000000000000e+00
