0.000000000000000000e+00 -6.474402213253510618e-02 -2.495600121048912046e-01 -2.880671982119002023e-03 -8.460419540352584478e-02 -1.075851377771785827e-01 -3.392855660167010123e-01 -1.097623118261825403e-01 -5.381781343959508163e-02 -1.448854566903846619e-01 1.421895681717689486e-01 3.891020583441409109e-01 6.634016065180897703e-02 1.582026282230847014e-01 4.075939956790531338e-01 9.632288325611360058e-02 3.449648313494154128e-01 -2.014073768060956615e-01 -3.066208446205840807e-02 2.901474877188012780e-01
1.509952233624008711e-01 0.000000000000000000e+00 2.053036637383640894e-01 8.508450330425541830e-02 1.154632802834715949e-01 -7.943395771520928017e-02 4.668395668826229306e-02 7.343494904292893755e-02 -1.114064445922106489e-01 -4.677355059391668513e-01 -1.846718021378643618e-02 5.489955307721049449e-01 -5.975019612685704695e-01 -2.042154553834068798e-01 -5.082903550605492871e-02 6.022074902708190319e-02 2.527788216082508810e-01 2.330871552101682898e-01 2.915408780502212194e-01 3.106794485549064233e-01
-1.467872587351519709e-01 -1.257951378122565411e-02 0.000000000000000000e+00 9.758634025267126644e-02 -8.403435196794582784e-02 -2.064028446674013306e-01 4.287101871338070413e-01 -3.360873714842772808e-02 -1.428243153438620017e-01 1.844242524827754692e-01 -2.707517741272527090e-01 -1.125648643047416353e-01 -1.569531204676886116e-01 -4.414604218184420281e-01 -5.938397651039118985e-01 -1.289814293631053911e-02 -1.467277812469689746e-01 -1.479621190884473636e-01 1.720315407147451903e-01 -2.010236051141811864e-01
3.787089521675943704e-01 -3.795356975028139068e-01 -6.246165664781233584e-01 0.000000000000000000e+00 8.886779038364946148e-02 3.711210110031697984e-01 -1.104051439567424048e-01 -8.409799883969452938e-02 -3.795496633972098022e-02 5.404814048133037563e-01 -4.044690296518454464e-01 7.597066721632840525e-02 -5.082528939544344454e-03 -2.146618726515681086e-01 -8.566698879539130784e-02 2.449165140182972544e-02 -1.912202237934922389e-01 4.955275653736272696e-05 1.484425044046346898e-01 1.675890347370492250e-01
-1.041601545610766899e-01 -6.203730685150962709e-02 7.937937091980068471e-03 1.896680183802676445e-01 0.000000000000000000e+00 2.702564545671430341e-01 1.123670610433138844e-01 -3.541533900711006377e-01 2.287572421909832565e-01 -1.460191317426728919e-01 1.200869351873305457e-01 -1.783725366633619842e-03 2.067880268144390299e-01 1.042194009020343259e-02 3.175660795480976517e-02 -3.697699247326640681e-01 3.058923336950852279e-01 5.613927198839921417e-03 -8.843251963922234282e-02 2.871977880740728128e-01
1.255053630172912327e-01 5.360425154349453963e-02 1.073087041545663090e-01 1.380838001896909570e-02 -2.393738290544833724e-01 0.000000000000000000e+00 2.057352746098475016e-01 2.358869497409196714e-01 1.208120810232925640e-01 6.910870327489739007e-02 2.170911642771417849e-01 2.582041578482308641e-01 9.449820240439127383e-02 2.234299101070117699e-01 1.975611297446601688e-01 -1.185561409668776101e-01 1.820460795080103555e-01 -2.280530350452136534e-01 -5.049571279616514863e-01 1.520425358948114536e-01
-8.983733155804689285e-02 4.338688681125937863e-01 -2.782573472416676741e-01 2.100360769761921709e-01 -5.384628559990333602e-02 6.055434095648472986e-02 0.000000000000000000e+00 5.369566125432749804e-01 -6.258972125778687612e-02 4.541008627353295135e-01 -1.832222192879880140e-02 -2.724931502564316710e-01 -1.804217278805168856e-01 2.947231267485457273e-01 -1.293875375245179538e-01 1.834749655470548080e-02 3.121350748038282941e-01 2.419156391373301906e-01 -2.273099333278887635e-01 -6.529280579086686742e-02
3.486830967755851773e-01 -1.221564349498847485e-01 2.147946119982935831e-01 4.722810825706640764e-02 -2.784735209909260933e-01 6.809835383732291969e-02 -1.338019382220028419e-01 0.000000000000000000e+00 -1.768365328461091457e-01 1.439791201798544251e-01 -1.333823312644888577e-02 2.042081417481759198e-01 -2.438605393358753981e-01 -3.909780812275529677e-02 2.382036467066405983e-01 2.766530669671989351e-01 2.280333111481366581e-01 1.924555368696727053e-01 -1.637771891228254617e-01 9.843726308029672467e-02
1.444643195712363437e-01 5.856550446116122466e-02 1.581381578694418810e-01 -9.763837193562335814e-02 1.775033630595559409e-01 -5.826143961615740802e-02 -1.877537960495072877e-01 -3.308726146838347204e-01 0.000000000000000000e+00 -2.676023142177437197e-01 -2.296957832293358703e-01 -3.513151068582432979e-01 4.568233109315587015e-01 4.226134370990631273e-01 -1.785861645594670200e-01 -4.080347793680930146e-01 -1.735308061616502306e-01 -1.448068819561160736e-01 -1.089713311230966902e-01 8.391155542619095631e-02
-2.316580679922855823e-01 -2.994631182261124971e-02 8.606153916664462111e-02 7.924555924458101530e-02 7.661610197927906651e-02 -1.335605268146048130e-01 -4.216066561662602102e-02 1.565974244012715566e-01 -2.964184104288200006e-01 0.000000000000000000e+00 -1.007772789172566713e-01 2.082068034025014724e-01 -4.037067071940195762e-01 9.624009175425835005e-02 -1.268507752264622368e-01 2.392493745199690824e-01 -2.705856505062095158e-02 -2.309421545265059605e-01 1.867744785754410497e-01 -1.904951675165547920e-01
-2.649609712396089334e-01 -2.304831349587182221e-01 -2.045745596533888044e-01 -1.842984542663299030e-01 -1.648720884494430383e-01 1.917571460606439515e-01 2.117975006661954596e-01 2.676510532365092287e-01 4.244244973533135568e-01 1.173465303958001749e-01 0.000000000000000000e+00 -2.887842082122668574e-01 -1.061053091810836152e-01 -1.356341319012734472e-03 2.925220117439167322e-01 -1.456932965279470749e-01 3.583589819685903399e-01 3.498390446391680397e-01 -5.770485601502445966e-02 -8.032429791795907270e-02
2.189789623434821707e-03 -1.766338852266636783e-01 -2.468173825497518015e-01 -1.260626662225056982e-01 1.076327834920434434e-01 -5.107295143765397949e-01 1.550195010227417014e-01 3.632522108786244153e-01 2.750883548008201673e-01 3.687510378254718613e-01 -3.322647007945971898e-01 0.000000000000000000e+00 3.543229241923988582e-01 8.677297387401886053e-02 2.852045408938054250e-01 4.717442593914441401e-02 1.385994849074107249e-01 -2.241201875250156128e-01 -1.190954519899776742e-01 2.093021283867943505e-01
4.008250551312918936e-02 -8.275261789371745821e-03 1.884245101304283798e-01 -1.818539021913327114e-01 -3.740803381620073642e-01 -1.901891732062324092e-01 -6.299346498204919098e-02 3.398669984143264933e-01 -2.144822927555114223e-01 1.622022712671575551e-01 1.241976174607117012e-01 1.855377079294170672e-01 0.000000000000000000e+00 -8.546876155866698797e-04 2.364612453145019388e-01 -2.199541706933528240e-01 2.426940372448002370e-01 8.180988956679835500e-02 -2.443994541552358679e-01 -5.000902764262563638e-01
-2.761295220695598324e-02 -3.986886853548476245e-02 4.956066996725194129e-01 5.037819703123428416e-01 -2.250321585565361326e-01 2.244727331886314514e-01 -2.777213222319955752e-02 -3.409291430086024144e-02 -2.909369658255409608e-01 -6.132324290051012483e-02 8.300517245269420363e-02 -1.388922519817336054e-01 1.495682077633760099e-01 0.000000000000000000e+00 3.923212264303759245e-01 1.780541419028333627e-01 1.052982371422840346e-01 3.544856267296372238e-02 -8.390039988998447551e-02 2.153216364655098081e-01
-1.250752232142838261e-01 1.687549726510387260e-01 -7.826774972595394730e-03 3.796245781747775716e-02 4.510306564497353898e-01 1.661833112993668926e-01 1.732886889652989759e-01 -8.706842073479553745e-02 6.486778143205337681e-03 4.570913684494494478e-02 -1.630762486353611596e-01 -2.110645897938358551e-01 5.551090223809476004e-02 2.893767798543450120e-01 0.000000000000000000e+00 3.169008300303664816e-02 -1.538924510462861828e-01 1.076376671724708356e-01 7.783987532946221033e-02 -2.831528942508627078e-01
-2.668416226053840212e-01 1.024884693837566363e-01 3.656995205807070382e-02 7.646312084523643193e-02 1.339263689588488793e-01 1.439253178424096946e-01 5.055995652220711678e-01 8.942101634694732404e-02 1.166335998619217468e-02 -6.761699657952240095e-02 3.577924166266163719e-01 2.339890430160778412e-01 -1.402135335351607504e-01 -2.318915762394438418e-01 -2.366689701064328688e-01 0.000000000000000000e+00 2.308414201639695795e-01 4.509453809952333053e-02 -4.223857269488363597e-01 -3.002993746737770420e-01
8.167885296014969210e-02 -7.671108612902394035e-03 1.692376374678488185e-02 -4.594766675030267228e-02 -1.116429976857848116e-01 6.632136139630094573e-02 -3.969341520788268601e-02 -3.809927108645661531e-01 -1.224871291135898321e-01 6.639911269133803862e-02 -8.582279257150392249e-02 1.514903737929195471e-01 3.809675729301613134e-01 -3.030474520360135204e-01 7.178067527284481830e-01 -1.060170267891076545e-01 0.000000000000000000e+00 1.327789396418296297e-01 -3.110310448074042888e-01 2.164508038261489520e-02
5.206202148840852889e-03 -1.171100264881585473e-01 6.616666028271403488e-02 -1.492941694375272965e-01 1.066316875422032920e-02 -3.534861232189213109e-01 1.284278689534855689e-01 2.083637396208687931e-01 4.020554217144032272e-01 -1.607555623904461384e-01 1.372864917678795760e-01 -5.997997870367058337e-02 2.092253666076841212e-01 -3.439862483929200243e-01 -1.418786919822599135e-01 -1.757267695717307232e-02 3.569227889035171963e-01 0.000000000000000000e+00 1.623139066210094184e-01 -9.871364267195301134e-03
8.227681234080590211e-02 -1.217174217143149328e-01 -3.354843113587414605e-01 2.852867214436244914e-01 -2.385986932419832951e-01 3.414766997119948050e-02 -2.331566070706505012e-01 5.992266903792289878e-02 2.644454552109408718e-01 7.141343520758455798e-02 -1.391498153761829282e-01 -2.882015868966260330e-02 7.993438396001957547e-02 -3.265183523892987161e-01 1.206666439630569992e-01 3.082670182240233522e-02 -6.810092407367766831e-02 1.297005472944891546e-01 0.000000000000000000e+00 6.028619756759735424e-03
-4.467879416082983640e-02 -1.299478358275270862e-01 9.277222415217885321e-02 3.593945191837251696e-01 1.291709813622365366e-01 1.661399150783529621e-01 -2.831397105061356778e-01 -3.432856364011171446e-01 1.479723826008645104e-01 -1.307774542693920794e-01 2.597862644019630074e-01 -4.864355590355666503e-02 -3.353379997724990902e-02 9.493123534361962157e-02 -8.348586066034363595e-02 -5.059820406611817978e-01 3.002718953614239017e-01 -7.011762637241265861e-02 9.793608655065798307e-02 0.000000000000000000e+00
